0 0.00011188 0.00454076 100 13.5135
0 0.000102802 0.00924926 200 13.6054
0 9.62662e-05 0.0137333 300 14.0845
10 9.74122e-05 0.00999923 100 13.5135
10 9.12197e-05 0.00846748 200 13.6986
10 8.76063e-05 0.0127015 300 14.1509
20 9.41766e-05 0.00697035 100 13.5135
20 9.38924e-05 0.00869584 200 13.6986
20 8.69994e-05 0.0131043 300 14.2857
30 8.69363e-05 0.00661448 100 13.5135
30 9.15133e-05 0.00862369 200 13.7931
30 8.4481e-05 0.0130043 300 14.3541
40 9.31585e-05 0.00831741 100 13.3333
40 9.43042e-05 0.00928704 200 13.8889
40 8.89717e-05 0.0137031 300 14.4928
50 9.58081e-05 0.00925271 100 13.3333
50 9.4051e-05 0.00964285 200 13.986
50 8.88227e-05 0.0138503 300 14.5631
60 9.02993e-05 0.00751561 100 13.3333
60 8.92378e-05 0.00976334 200 13.986
60 9.03165e-05 0.0134819 300 14.6341
70 9.23875e-05 0.00685846 100 13.3333
70 8.56593e-05 0.00936199 200 14.1844
80 9.00349e-05 0.00513085 100 13.5135
80 8.27571e-05 0.00876885 200 14.2857
90 9.39231e-05 0.00347792 100 13.5135
90 8.31523e-05 0.00874494 200 14.4928
100 0.000100899 0.00603119 100 13.6986
100 9.17735e-05 0.00957944 200 14.7059
110 9.85074e-05 0.00561714 100 14.0845
110 8.96045e-05 0.00943535 200 14.8148
120 0.000103119 0.00763157 100 14.2857
120 9.07283e-05 0.00995376 200 15.0376
130 9.18699e-05 0.00636285 100 14.4928
130 9.43674e-05 0.00990896 200 15.1515
140 8.4573e-05 0.00616107 100 14.7059
140 9.27748e-05 0.00963191 200 15.3846
150 8.00843e-05 0.00446345 100 14.9254
160 8.78909e-05 0.00503101 100 15.1515
170 8.4573e-05 0.00645894 100 15.3846
180 9.39231e-05 0.00756546 100 15.3846
190 9.91107e-05 0.00753667 100 15.625
200 0.000110162 0.00666458 100 15.625
