-5.55112e-17 2.22045e-16 0 -2.98023e-08
0.00203758 3.94173 -0.0331017 3.93862
0.00757102 7.90877 -0.057251 7.8896
0.00678092 11.9043 -0.0942705 11.8626
-0.00585175 15.9307 -0.154352 15.8943
0.00500609 19.9867 -0.166084 19.9641
-0.00736932 24.0721 -0.161572 24.0474
0.00196227 28.1947 -0.177136 28.157
0.00682708 32.3353 -0.205458 32.2832
0.0121194 36.5079 -0.207078 36.4366
0.0194295 40.7044 -0.228113 40.6235
0.0262236 44.9282 -0.252119 44.8616
0.0335922 49.1796 -0.257583 49.0767
0.0253698 53.4572 -0.280221 53.3454
0.0132291 57.7455 -0.312687 57.6215
0.00276421 62.028 -0.350619 61.942
-0.00595393 66.2894 -0.376003 66.198
-0.0270227 70.53 -0.409468 70.4578
-0.0467759 74.7424 -0.44512 74.6535
-0.0528733 78.935 -0.46487 78.9205
-0.0483881 83.0972 -0.474423 83.0804
-0.0751804 87.2502 -0.497192 87.1953
-0.111047 91.3752 -0.516612 91.3571
-0.169705 95.4608 -0.544255 95.511
-0.234406 99.5151 -0.582521 99.5875
-0.28676 103.546 -0.620896 103.643
-0.334309 107.565 -0.649494 107.644
-0.394315 111.577 -0.669059 111.635
-0.42959 115.56 -0.682969 115.645
-0.430614 119.561 -0.686085 119.705
-0.456074 123.624 -0.669402 123.658
-0.47085 127.692 -0.656387 127.734
-0.470125 131.756 -0.61668 131.769
-0.46612 135.815 -0.568926 135.709
-0.464181 139.863 -0.521194 139.814
-0.474702 143.91 -0.494379 143.838
-0.484415 147.954 -0.461116 147.939
-0.497985 151.992 -0.429855 151.933
-0.518837 156.033 -0.420184 155.988
-0.490889 160.079 -0.38298 160.017
-0.47678 164.13 -0.385672 164.076
-0.449484 168.2 -0.36627 168.155
-0.411154 172.284 -0.363034 172.302
-0.358878 176.409 -0.353182 176.513
-0.313655 180.542 -0.339253 180.803
-0.318656 184.704 -0.350214 184.934
-0.308933 188.9 -0.360622 189.227
-0.300756 193.121 -0.352057 193.483
-0.295505 197.381 -0.32216 197.695
-0.332199 201.657 -0.337333 201.976
-0.348136 205.97 -0.338403 206.302
-0.342964 210.323 -0.305255 210.739
-0.357581 214.714 -0.303875 215.068
-0.360488 219.142 -0.297497 219.527
-0.375507 223.589 -0.297269 224.04
-0.378527 228.06 -0.30693 228.496
-0.37457 232.542 -0.305038 232.969
-0.378408 237.045 -0.302359 237.532
-0.382092 241.571 -0.306453 242.051
-0.377078 246.123 -0.301234 246.587
-0.365894 250.696 -0.28999 251.127
-0.356528 255.288 -0.279776 255.719
-0.3408 259.9 -0.250514 260.364
-0.325374 264.511 -0.226108 264.956
-0.317394 269.138 -0.197677 269.696
-0.31404 273.765 -0.160678 274.322
-0.306203 278.395 -0.117242 278.999
-0.27649 283.05 -0.0481624 283.664
-0.230158 287.7 0.0250309 288.282
-0.192693 292.369 0.0928488 293.032
-0.168171 297.072 0.17511 297.734
-0.143657 301.821 0.227958 302.567
-0.111308 306.609 0.304354 307.321
-0.0932494 311.433 0.335974 312.149
-0.107981 316.295 0.393204 316.964
-0.10397 321.182 0.406584 321.948
-0.0964844 326.068 0.43653 326.825
-0.0744272 330.951 0.452425 331.701
-0.0543496 335.802 0.498375 336.551
-0.0425701 340.629 0.536467 341.425
-0.0351466 345.453 0.519394 346.216
-0.0415633 350.253 0.531033 351.071
-0.0750661 355.038 0.518628 355.828
-0.109101 359.812 0.496763 360.636
-0.141995 364.587 0.48407 365.357
-0.185891 369.387 0.499265 370.165
-0.237813 374.225 0.497256 374.987
-0.270401 378.993 0.493726 379.818
-0.296087 383.841 0.529027 384.644
-0.316454 388.686 0.559837 389.503
-0.32379 393.558 0.595736 394.321
