0 2.22045e-16 -4.65661e-10 -2.98023e-08
-0.0418032 3.57563 -0.0113952 3.61061
-0.0836255 7.15277 -0.00518162 7.21572
-0.125431 10.7283 -0.0016732 10.8403
-0.167141 14.3035 -0.00501992 14.4196
-0.208176 17.881 -0.0370442 18.0024
-0.253156 21.4647 -0.0915552 21.5797
-0.307115 25.0468 -0.1301 25.1767
-0.367799 28.6371 -0.181936 28.7353
-0.435716 32.2319 -0.187344 32.3401
-0.509819 35.8126 -0.204766 35.9462
-0.590462 39.4055 -0.218179 39.5449
-0.675668 42.9959 -0.197775 43.1306
-0.761728 46.5961 -0.245008 46.7567
-0.822002 50.2035 -0.262059 50.3484
-0.875378 53.8112 -0.230913 53.9711
-0.933231 57.4278 -0.221447 57.5945
-1.00672 61.0421 -0.226309 61.2592
-1.07847 64.6476 -0.269547 64.8872
-1.15768 68.2411 -0.325938 68.4375
-1.24323 71.816 -0.363264 71.994
-1.31025 75.3655 -0.408187 75.5096
-1.33795 78.8946 -0.425513 79.0517
-1.33565 82.3991 -0.43382 82.595
-1.29299 85.877 -0.361379 86.0366
-1.21667 89.3334 -0.269073 89.4984
-1.10175 92.7913 -0.160634 92.9021
-0.953966 96.2554 -0.0236019 96.385
-0.782045 99.7397 0.133236 99.869
-0.607718 103.279 0.331561 103.422
-0.448327 106.867 0.483438 107.002
-0.329075 110.492 0.598433 110.642
-0.253779 114.143 0.69601 114.32
-0.232571 117.812 0.731275 118.001
-0.256232 121.501 0.705709 121.704
-0.297015 125.224 0.6696 125.426
-0.353204 128.97 0.627318 129.185
-0.397623 132.734 0.617013 132.963
-0.443887 136.523 0.618892 136.779
-0.490815 140.331 0.62009 140.621
-0.550146 144.153 0.633182 144.457
-0.601569 147.961 0.639069 148.276
-0.649286 151.756 0.682379 152.078
-0.703475 155.553 0.692357 155.862
-0.75814 159.342 0.704557 159.627
-0.821014 163.126 0.69903 163.416
-0.891591 166.914 0.68497 167.233
-0.968255 170.705 0.682231 171.041
-1.05365 174.498 0.651121 174.83
-1.14094 178.289 0.613589 178.658
-1.22091 182.072 0.580751 182.437
-1.31192 185.843 0.564534 186.23
-1.40087 189.586 0.546164 189.973
-1.48235 193.303 0.535268 193.707
-1.54334 196.982 0.5418 197.388
-1.59323 200.619 0.542905 201.007
-1.62986 204.203 0.559081 204.594
-1.65597 207.709 0.582369 208.068
-1.68092 211.094 0.618977 211.462
-1.71766 214.345 0.635884 214.715
-1.7581 217.485 0.660973 217.862
-1.82019 220.495 0.656092 220.874
-1.9005 223.323 0.609877 223.703
-1.99932 225.946 0.572668 226.35
-2.11395 228.382 0.504281 228.805
-2.21517 230.658 0.420239 231.089
-2.30914 232.838 0.37071 233.271
-2.38958 234.992 0.33561 235.427
-2.45827 237.112 0.312367 237.54
-2.50154 239.2 0.320415 239.645
-2.5282 241.264 0.346842 241.706
-2.54339 243.356 0.383641 243.825
-2.54662 245.471 0.437794 245.957
-2.54206 247.636 0.499735 248.135
-2.54094 249.857 0.567382 250.333
-2.52947 252.145 0.643229 252.612
-2.52283 254.511 0.699065 254.997
-2.49585 256.93 0.799265 257.408
-2.42627 259.43 0.922715 259.923
-2.34791 261.94 1.06111 262.444
-2.24929 264.463 1.20976 264.975
-2.1206 266.989 1.38103 267.46
-1.97234 269.529 1.5787 270.013
-1.82945 272.089 1.76486 272.608
-1.70085 274.651 1.9453 275.131
-1.58558 277.204 2.10459 277.706
-1.48931 279.735 2.24893 280.235
-1.4319 282.203 2.36185 282.701
-1.41125 284.555 2.4317 285.032
-1.42342 286.744 2.47412 287.264
-1.47765 288.751 2.47756 289.28
-1.59716 290.628 2.41706 291.146
-1.83449 292.379 2.22356 292.882
-2.20954 293.998 1.87837 294.495
-2.73939 295.467 1.37798 295.987
-3.42557 296.783 0.715293 297.321
-4.26856 297.944 -0.114916 298.489
-5.27032 298.869 -1.08551 299.461
-6.40439 299.609 -2.18868 300.195
-7.62009 300.062 -3.37857 300.689
-8.84975 300.287 -4.60853 300.937
-10.1361 300.271 -5.88026 300.949
-11.4879 299.994 -7.22857 300.696
-12.8598 299.434 -8.59072 300.165
-14.2125 298.522 -9.95026 299.361
-15.5692 297.36 -11.324 298.217
-16.9039 295.877 -12.7167 296.762
-18.1234 294.047 -13.9919 294.946
-19.2138 291.862 -15.1356 292.83
-20.1292 289.391 -16.1242 290.356
-20.8116 286.621 -16.9061 287.579
-21.2269 283.593 -17.4062 284.566
-21.3836 280.311 -17.6573 281.291
-21.2898 276.829 -17.6546 277.733
-21.0019 273.207 -17.4476 274.085
-20.6659 269.428 -17.1725 270.326
-20.3459 265.51 -16.9592 266.408
-20.0709 261.517 -16.7959 262.374
-19.8553 257.511 -16.6354 258.34
-19.7034 253.475 -16.5628 254.286
-19.6137 249.416 -16.5485 250.3
-19.5513 245.338 -16.5752 246.21
-19.5138 241.222 -16.5972 242.099
-19.481 237.073 -16.6347 237.855
-19.4304 232.893 -16.6468 233.661
-19.3556 228.688 -16.659 229.445
-19.2882 224.454 -16.6644 225.238
-19.2149 220.186 -16.6702 220.983
-19.1405 215.891 -16.6867 216.693
-19.0532 211.57 -16.6726 212.349
-18.9602 207.219 -16.6887 207.981
-18.8648 202.832 -16.6753 203.604
-18.7808 198.44 -16.6614 199.178
-18.6972 194.056 -16.6926 194.749
-18.6285 189.691 -16.708 190.413
-18.5769 185.352 -16.7329 186.085
-18.5334 181.032 -16.756 181.762
-18.5107 176.751 -16.8002 177.466
-18.5183 172.538 -16.8872 173.252
-18.5517 168.447 -16.965 169.128
-18.605 164.539 -17.0368 165.255
-18.6621 160.837 -17.1447 161.541
-18.7171 157.36 -17.2347 158.063
-18.7623 154.117 -17.3002 154.795
-18.8044 151.111 -17.3887 151.734
-18.8377 148.339 -17.45 148.947
-18.8628 145.754 -17.5026 146.351
-18.8863 143.302 -17.5526 143.887
-18.9087 140.993 -17.5879 141.6
-18.9268 138.765 -17.6292 139.359
-18.9546 136.621 -17.6811 137.22
-18.9791 134.517 -17.7329 135.109
-19.0039 132.429 -17.7671 133.027
-19.0117 130.377 -17.8003 130.949
-19.0297 128.287 -17.841 128.852
-19.0409 126.09 -17.8632 126.656
-19.034 123.793 -17.8685 124.352
-19.0079 121.337 -17.8515 121.877
-18.9624 118.74 -17.8264 119.275
-18.8816 115.984 -17.7664 116.51
-18.7626 113.072 -17.6519 113.585
-18.5927 110.01 -17.5267 110.519
-18.3897 106.797 -17.3273 107.279
-18.1873 103.411 -17.15 103.91
-17.972 99.8817 -16.9523 100.361
-17.7537 96.2085 -16.755 96.6953
-17.5437 92.3932 -16.5655 92.8372
-17.3507 88.4541 -16.377 88.8974
-17.1883 84.3517 -16.235 84.7717
-17.0483 80.1265 -16.1225 80.5681
-16.9389 75.7575 -16.0197 76.1785
-16.8449 71.3345 -15.9529 71.7077
-16.7792 66.9246 -15.9085 67.2778
-16.7237 62.5225 -15.8877 62.843
-16.6773 58.1185 -15.8726 58.4805
-16.6229 53.7352 -15.8876 54.0955
-16.5545 49.3668 -15.8714 49.7619
-16.4783 45.0138 -15.8901 45.3881
-16.4018 40.6979 -15.824 41.0132
-16.3325 36.3968 -15.8665 36.7023
-16.264 32.1247 -15.8599 32.4078
-16.2128 27.8676 -15.878 28.1381
-16.1536 23.6461 -15.8641 23.9166
-16.1004 19.4725 -15.8456 19.7526
-16.0573 15.333 -15.8254 15.6085
-15.9999 11.2215 -15.7637 11.488
-15.9576 7.1228 -15.7458 7.32646
-15.9259 3.03892 -15.7494 3.22121
-15.8712 -1.06317 -15.7046 -0.908918
-15.8232 -5.19233 -15.6932 -5.07105
-15.7739 -9.35714 -15.6424 -9.21346
-15.7223 -13.5475 -15.6217 -13.4338
-15.6752 -17.7644 -15.6092 -17.6922
-15.6299 -22.0039 -15.5853 -21.9334
-15.5903 -26.2678 -15.557 -26.1804
-15.5368 -30.5478 -15.5083 -30.4765
-15.4933 -34.82 -15.4639 -34.7633
-15.4441 -39.0822 -15.4172 -39.0185
-15.3925 -43.3226 -15.3667 -43.2524
-15.3378 -47.5379 -15.3234 -47.4821
-15.277 -51.7485 -15.2762 -51.7307
-15.2177 -55.9495 -15.2262 -55.9434
-15.1701 -60.1507 -15.2015 -60.1759
-15.128 -64.3508 -15.1832 -64.3564
-15.0914 -68.5388 -15.1607 -68.5638
-15.0644 -72.7084 -15.1608 -72.6973
-15.0308 -76.8564 -15.139 -76.873
-14.9793 -80.9536 -15.1126 -81.0237
-14.9247 -85.035 -15.0805 -85.0933
-14.874 -89.0704 -15.0441 -89.1385
-14.8243 -93.0767 -15.0139 -93.1393
-14.787 -97.0455 -15.0013 -97.1146
-14.7585 -100.984 -14.9996 -101.054
-14.7396 -104.892 -14.9985 -104.96
-14.7282 -108.763 -15.0113 -108.842
-14.7248 -112.605 -15.0275 -112.713
-14.7178 -116.411 -15.0366 -116.517
-14.7098 -120.173 -15.0489 -120.306
-14.7005 -123.867 -15.0629 -124.007
-14.6985 -127.485 -15.086 -127.613
-14.7123 -131.009 -15.1121 -131.156
-14.7333 -134.417 -15.145 -134.582
-14.7523 -137.654 -15.1831 -137.81
-14.7736 -140.676 -15.2274 -140.853
-14.8084 -143.452 -15.2727 -143.636
-14.8188 -145.963 -15.3157 -146.149
-14.6882 -148.225 -15.2025 -148.394
-14.3642 -150.225 -14.8961 -150.4
-13.8334 -151.95 -14.3769 -152.096
-13.0824 -153.424 -13.637 -153.577
-12.0933 -154.666 -12.6604 -154.8
-10.9011 -155.63 -11.4817 -155.743
-9.56712 -156.278 -10.1535 -156.39
-8.1744 -156.635 -8.76959 -156.734
-6.73417 -156.651 -7.37295 -156.754
-5.26192 -156.394 -5.89672 -156.498
-3.83834 -155.808 -4.45742 -155.917
-2.48057 -154.891 -3.09322 -155.001
-1.26849 -153.64 -1.90069 -153.753
-0.226137 -152.061 -0.844379 -152.22
0.552355 -150.217 -0.0588199 -150.384
1.04825 -148.113 0.445329 -148.318
1.3485 -145.76 0.762549 -145.947
1.46345 -143.198 0.891627 -143.419
1.47132 -140.451 0.895789 -140.659
1.49937 -137.518 0.940295 -137.721
1.5045 -134.422 0.96191 -134.645
1.49856 -131.16 0.972129 -131.373
1.47002 -127.744 0.958639 -127.96
1.43672 -124.185 0.945681 -124.407
1.41318 -120.492 0.947252 -120.705
1.40577 -116.657 0.970797 -116.828
1.38503 -112.695 0.974224 -112.861
1.33055 -108.593 0.950137 -108.753
1.25962 -104.368 0.912746 -104.511
1.17008 -100.008 0.862448 -100.113
1.08927 -95.5157 0.803589 -95.618
1.00915 -90.9823 0.751507 -91.0433
0.939998 -86.4669 0.697178 -86.5381
0.883448 -81.9495 0.660102 -82.0161
0.838174 -77.4396 0.630069 -77.5247
0.800315 -72.9364 0.601842 -72.9963
0.745043 -68.4626 0.560401 -68.5493
0.694629 -64.0051 0.530894 -64.0794
0.637038 -59.5756 0.480705 -59.6404
0.557118 -55.1606 0.40966 -55.2279
0.456131 -50.7785 0.348769 -50.8223
0.362164 -46.418 0.272234 -46.4451
0.280628 -42.0791 0.196474 -42.0627
0.202969 -37.7625 0.141517 -37.7218
0.132669 -33.4638 0.0846671 -33.4096
0.0848288 -29.194 0.00805962 -29.1271
0.0525687 -24.9477 -0.0304926 -24.8878
0.0323287 -20.7384 -0.0355465 -20.6588
0.0251613 -16.5503 -0.0211582 -16.4749
0.0215879 -12.4038 0.00524077 -12.3251
-0.000536566 -8.28514 0.00526343 -8.20967
-0.0311414 -4.18329 0.0138827 -4.0685
-0.0728973 -0.0907003 -0.0134906 0.0242067
-0.117564 3.98804 -0.0282335 4.12622
-0.160177 8.05984 -0.0546566 8.20521
-0.208154 12.1232 -0.0863789 12.2898
-0.24822 16.1809 -0.137549 16.353
-0.283357 20.2333 -0.154724 20.3919
-0.323376 24.2731 -0.172773 24.4495
-0.367457 28.2931 -0.176185 28.4593
-0.413999 32.2825 -0.155365 32.4627
-0.451537 36.2434 -0.135134 36.3745
-0.483912 40.1738 -0.109042 40.3385
-0.534623 44.076 -0.106982 44.263
-0.599992 47.9611 -0.119978 48.1565
-0.674006 51.8104 -0.148229 52.0184
-0.762477 55.6295 -0.179013 55.8787
-0.859787 59.4341 -0.209943 59.6937
-0.962179 63.2074 -0.260579 63.4402
-1.06865 66.9537 -0.317218 67.1545
-1.18816 70.6687 -0.396098 70.865
-1.29346 74.3411 -0.451107 74.5769
-1.3594 77.8869 -0.498037 78.1224
-1.40295 81.2677 -0.515352 81.498
-1.40264 84.5575 -0.485095 84.761
-1.39133 87.8365 -0.447306 88.0602
-1.3724 91.0757 -0.433938 91.2656
-1.34885 94.2821 -0.425716 94.5209
-1.34636 97.4521 -0.415823 97.677
-1.39741 100.636 -0.456984 100.852
-1.50781 103.868 -0.566281 104.082
-1.68624 107.147 -0.737201 107.344
-1.8557 110.482 -0.889381 110.722
-1.94909 113.881 -0.966263 114.144
-1.94014 117.341 -0.934839 117.623
-1.83308 120.866 -0.812994 121.152
-1.66595 124.466 -0.627425 124.764
-1.45419 128.143 -0.388686 128.467
-1.21275 131.911 -0.106449 132.234
-0.998254 135.781 0.140541 136.123
-0.86007 139.749 0.376606 140.072
-0.808213 143.818 0.47315 144.144
-0.818199 147.962 0.531929 148.302
-0.863698 152.202 0.53966 152.534
-0.925229 156.508 0.555703 156.86
-1.00734 160.832 0.520298 161.201
-1.11266 165.145 0.450758 165.531
-1.22558 169.454 0.367583 169.866
-1.33319 173.747 0.344525 174.124
-1.42753 178.011 0.3268 178.367
-1.49824 182.25 0.313853 182.63
-1.55921 186.456 0.319689 186.876
-1.60307 190.634 0.381263 191.029
-1.63387 194.776 0.414929 195.192
-1.66987 198.89 0.44977 199.279
-1.70598 202.97 0.508797 203.381
-1.73778 207.012 0.52859 207.412
-1.7684 211.025 0.575023 211.404
-1.80273 214.967 0.62094 215.362
-1.84251 218.743 0.603606 219.147
-1.89517 222.285 0.600667 222.687
-1.97197 225.567 0.568368 225.981
-2.07378 228.574 0.519155 229.003
-2.17419 231.287 0.451514 231.719
-2.28007 233.719 0.391536 234.147
-2.37256 236.037 0.348895 236.505
-2.42154 238.338 0.349732 238.788
-2.45747 240.614 0.377078 241.079
-2.47794 242.859 0.432554 243.367
-2.4876 245.075 0.471619 245.574
-2.49727 247.316 0.522658 247.823
-2.50649 249.599 0.569567 250.147
-2.50345 251.922 0.600512 252.514
-2.49893 254.304 0.665909 254.902
-2.47578 256.707 0.747872 257.239
-2.41879 259.176 0.853963 259.703
-2.35718 261.688 0.965721 262.221
-2.27845 264.283 1.09675 264.807
-2.18105 266.96 1.22983 267.49
-2.07299 269.712 1.39346 270.256
-1.97718 272.516 1.53754 273.032
-1.90331 275.322 1.67004 275.812
-1.86017 278.122 1.76785 278.592
-1.83488 280.907 1.87335 281.388
-1.82038 283.663 1.9576 284.169
-1.82129 286.356 2.04229 286.844
-1.83581 288.891 2.09203 289.358
-1.84383 291.366 2.14742 291.818
-1.84021 293.812 2.21496 294.315
-1.82383 296.232 2.30067 296.731
-1.81203 298.624 2.36557 299.113
