5.55112e-17 -4.44089e-16 0 0
-0.140643 2.57496 -0.0188301 2.09652
-0.28122 5.14899 -0.075794 4.33745
-0.421837 7.72404 -0.184364 6.70448
-0.562431 10.299 -0.31703 9.15318
-0.701879 12.8696 -0.461577 11.6894
-0.854664 15.4796 -0.629708 14.2802
-1.01159 18.1732 -0.804838 16.9653
-1.17184 20.9137 -0.990422 19.7007
-1.33484 23.7095 -1.17998 22.5076
-1.48704 26.5447 -1.36378 25.3355
-1.63336 29.4229 -1.53322 28.2028
-1.76898 32.3571 -1.69559 31.1196
-1.92978 35.331 -1.88251 34.0756
-2.12695 38.4715 -2.0835 37.0824
-2.32994 41.5611 -2.29974 40.0715
-2.53589 44.5979 -2.49817 43.0595
-2.72891 47.5928 -2.71342 46.0273
-2.93794 50.5377 -2.93948 48.9308
-3.13018 53.465 -3.16447 51.843
-3.31092 56.3504 -3.37307 54.7099
-3.51131 59.2254 -3.58776 57.5675
-3.70338 62.0063 -3.83459 60.3413
-3.9126 64.6979 -4.08598 63.027
-4.11444 67.2645 -4.31935 65.5802
-4.31302 69.7142 -4.55539 68.0379
-4.51487 72.0374 -4.79879 70.3522
-4.70949 74.1754 -5.03885 72.4583
-4.89189 76.1383 -5.25902 74.4186
-5.03904 77.9253 -5.41916 76.1785
-5.15977 79.5923 -5.57775 77.8308
-5.23521 81.1354 -5.66447 79.3671
-5.20747 82.5559 -5.63929 80.8069
-5.02956 83.8853 -5.45743 82.1469
-4.68094 85.1182 -5.10404 83.3858
-4.13009 86.2 -4.56244 84.4668
-3.39307 87.0956 -3.82645 85.3891
-2.50814 87.8201 -2.95412 86.1338
-1.51105 88.3435 -1.95942 86.7094
-0.450022 88.7479 -0.917547 87.0885
0.676345 89.0231 0.158158 87.3582
1.83291 89.2772 1.30478 87.6404
3.08976 89.419 2.52473 87.8091
4.47577 89.5561 3.88797 87.9687
5.97457 89.621 5.34715 88.0719
7.61409 89.6715 6.9672 88.1993
9.42023 89.7079 8.78115 88.2779
11.3884 89.7215 10.7539 88.354
13.505 89.7387 12.8576 88.4482
15.7737 89.8053 15.0939 88.5748
18.1565 89.9295 17.5076 88.7529
20.5819 90.0828 19.9595 88.973
23.0343 90.2277 22.3534 89.1752
25.4784 90.365 24.8156 89.3745
27.9099 90.4992 27.2407 89.5728
30.3403 90.5889 29.646 89.7208
32.7407 90.5983 32.0256 89.7918
35.1104 90.5296 34.4462 89.7881
37.4308 90.3867 36.7582 89.6989
39.6836 90.1763 38.9867 89.5619
41.8632 89.9103 41.1768 89.3469
43.9595 89.6344 43.2559 89.1205
45.9228 89.3786 45.2453 88.9095
47.7263 89.1933 47.0474 88.7751
49.3665 89.1211 48.6727 88.7455
50.9394 89.1915 50.2397 88.8443
52.4641 89.4509 51.7508 89.1617
53.8895 89.9453 53.1645 89.7011
55.1332 90.661 54.3846 90.4676
56.1585 91.6203 55.3988 91.4584
56.9679 92.7649 56.1981 92.6189
57.5399 94.0612 56.7606 93.914
57.9272 95.4469 57.1366 95.2927
58.2773 96.8844 57.4807 96.7486
58.5895 98.4035 57.7704 98.2658
58.9404 100.002 58.1022 99.8604
59.3432 101.693 58.4875 101.549
59.7988 103.5 58.9236 103.364
60.3091 105.392 59.4126 105.252
60.8191 107.364 59.8996 107.215
61.3551 109.478 60.4139 109.349
61.8741 111.669 60.9046 111.555
62.4176 113.965 61.4252 113.852
62.9737 116.373 61.9473 116.243
63.5125 118.836 62.4524 118.683
64.0574 121.343 62.9656 121.161
64.6559 123.877 63.5394 123.665
65.2621 126.423 64.1235 126.166
65.8648 128.941 64.6975 128.69
66.5105 131.383 65.2871 131.144
67.1355 133.867 65.8619 133.643
67.7482 136.262 66.3973 136.052
68.3115 138.669 66.9189 138.473
68.8308 141.067 67.3804 140.86
69.3598 143.451 67.8557 143.255
69.8446 145.83 68.3112 145.643
70.2574 148.241 68.7041 148.014
70.6341 150.615 69.0566 150.375
70.9526 153.049 69.3458 152.79
71.2367 155.483 69.5816 155.235
71.4307 157.959 69.7596 157.728
71.5921 160.421 69.8905 160.202
71.7056 162.889 69.9849 162.687
71.8112 165.387 70.0762 165.172
71.9015 167.846 70.1322 167.609
71.9442 170.358 70.1565 170.108
71.9442 172.867 70.129 172.583
71.8808 175.411 70.0366 175.117
71.7593 177.948 69.8868 177.647
71.6294 180.489 69.7178 180.173
71.4958 183.069 69.5582 182.744
71.3899 185.611 69.431 185.251
71.2292 188.182 69.2332 187.816
71.0758 190.695 69.0457 190.332
70.9082 193.208 68.8528 192.817
70.7322 195.676 68.6507 195.283
70.5873 197.903 68.4623 197.711
70.462 200.022 68.273 199.951
70.3367 202.142 68.1228 202.014
70.2113 204.261 67.9893 204.036
70.0859 206.379 67.8868 206.014
69.9861 208.445 67.8429 207.914
70.0078 210.376 67.8674 209.87
70.0261 212.296 67.8733 211.783
70.0176 214.252 67.8553 213.731
70.0132 216.217 67.848 215.671
69.9721 218.271 67.8055 217.713
69.9344 220.317 67.7618 219.776
69.9728 222.305 67.7319 221.851
69.9816 224.354 67.689 223.956
69.9819 226.399 67.6607 226.049
69.9492 228.454 67.5966 228.117
69.9072 230.454 67.5437 230.125
69.8598 232.418 67.4727 232.127
69.8102 234.248 67.3919 233.983
69.755 235.897 67.3093 235.65
69.603 237.437 67.1213 237.194
69.315 238.92 66.8037 238.657
68.8464 240.277 66.3 239.993
68.1661 241.479 65.5896 241.147
67.3183 242.493 64.7159 242.128
66.3322 243.344 63.713 242.948
65.2601 243.992 62.6327 243.552
64.1403 244.474 61.4979 243.988
62.8675 244.773 60.2225 244.245
61.4589 244.926 58.8171 244.362
59.9474 244.952 57.3329 244.352
58.3354 244.902 55.7039 244.246
56.596 244.824 53.976 244.108
54.694 244.744 52.0728 243.976
52.6504 244.605 49.9921 243.835
50.452 244.391 47.7294 243.685
48.0581 244.235 45.2584 243.545
45.515 244.101 42.6566 243.39
42.9218 243.969 40.0089 243.256
40.3166 243.84 37.3745 243.104
37.7069 243.722 34.7243 242.939
35.0949 243.63 32.1011 242.733
32.4729 243.489 29.5175 242.518
29.8519 243.348 26.9775 242.3
27.2642 243.258 24.4302 242.118
24.7241 243.175 21.9089 241.965
22.2104 243.091 19.439 241.817
19.7363 242.98 17.0071 241.652
17.3111 242.85 14.6096 241.465
14.9018 242.683 12.2321 241.238
12.542 242.455 9.87261 240.973
10.2581 242.218 7.568 240.698
8.07728 241.997 5.38997 240.432
6.03215 241.805 3.35283 240.205
4.11442 241.647 1.42493 240.016
2.32591 241.524 -0.343579 239.862
0.684853 241.422 -1.98449 239.736
-0.804697 241.362 -3.44702 239.642
-2.14706 241.322 -4.7675 239.582
-3.33505 241.321 -5.95236 239.56
-4.3627 241.348 -6.98055 239.565
-5.19561 241.375 -7.79455 239.57
-5.78797 241.411 -8.377 239.596
-6.14894 241.436 -8.72508 239.609
-6.34761 241.454 -8.9122 239.615
-6.44103 241.457 -8.99779 239.616
-6.44144 241.456 -8.9906 239.618
-6.43993 241.463 -8.98682 239.623
-6.44044 241.483 -8.99315 239.624
-6.48061 241.498 -9.03092 239.626
-6.56026 241.508 -9.10025 239.63
-6.74249 241.516 -9.27781 239.628
-7.09925 241.542 -9.60879 239.654
-7.62731 241.598 -10.1247 239.704
-8.29317 241.705 -10.7974 239.811
-9.05063 241.891 -11.5521 239.998
-9.86361 242.208 -12.3691 240.309
-10.7277 242.662 -13.2186 240.76
-11.5662 243.294 -14.0644 241.394
-12.3177 244.122 -14.806 242.229
-12.9699 245.164 -15.4723 243.285
-13.4696 246.441 -15.9727 244.575
-13.8281 247.877 -16.3519 246.062
-14.0575 249.558 -16.6036 247.747
-14.1762 251.406 -16.7554 249.556
-14.2647 253.405 -16.8696 251.54
-14.3289 255.544 -16.9656 253.657
-14.3996 257.838 -17.0612 255.916
-14.4714 260.263 -17.1666 258.317
-14.5616 262.808 -17.3012 260.815
-14.6528 265.492 -17.4305 263.46
-14.7398 268.254 -17.555 266.184
-14.8583 271.135 -17.7131 269.02
-14.9735 274.135 -17.8722 272.012
-15.0695 277.176 -18.0272 275.059
-15.1752 280.294 -18.2009 278.192
-15.2972 283.446 -18.3865 281.345
-15.4366 286.62 -18.5989 284.517
-15.5858 289.811 -18.827 287.678
-15.7362 292.96 -19.0594 290.793
-15.8853 296.072 -19.2896 293.923
-16.047 299.166 -19.5219 296.977
-16.2197 302.246 -19.7511 300.06
-16.3897 305.314 -19.9869 303.132
-16.5597 308.378 -20.2126 306.194
-16.7094 311.459 -20.4402 309.273
-16.8393 314.563 -20.6654 312.37
-16.9723 317.709 -20.8798 315.505
-17.1184 320.893 -21.0916 318.665
-17.2817 324.127 -21.3021 321.849
-17.4544 327.375 -21.5152 325.062
-17.6142 330.594 -21.7147 328.289
-17.7759 333.802 -21.9079 331.42
-17.9596 336.995 -22.1036 334.585
-18.1284 340.134 -22.2999 337.699
-18.2956 343.192 -22.5011 340.733
-18.4531 346.169 -22.7027 343.678
-18.6326 349.056 -22.9301 346.559
-18.8177 351.841 -23.1546 349.356
-18.9865 354.488 -23.3705 352.005
-19.1249 356.982 -23.5495 354.5
-19.2209 359.289 -23.704 356.801
-19.3104 361.378 -23.8362 358.901
-19.3901 363.254 -23.9463 360.778
-19.4583 364.946 -24.0467 362.475
-19.5524 366.417 -24.173 363.972
-19.7169 367.756 -24.3471 365.32
-19.992 369.044 -24.6395 366.611
-20.4131 370.267 -25.0667 367.803
-20.9945 371.391 -25.6662 368.894
-21.7679 372.412 -26.4587 369.885
-22.7404 373.381 -27.4556 370.796
-23.9314 374.199 -28.6724 371.579
-25.3119 374.775 -30.0638 372.096
-26.8491 375.103 -31.6114 372.362
-28.5413 375.089 -33.3051 372.308
-30.3316 374.93 -35.0844 372.126
-32.1786 374.714 -36.9268 371.873
-34.1246 374.519 -38.8595 371.658
-36.1925 374.312 -40.9046 371.432
-38.3604 374.089 -43.0864 371.187
-40.6741 373.891 -45.3901 370.972
-43.1254 373.717 -47.8426 370.774
-45.7339 373.571 -50.4362 370.607
-48.4221 373.45 -53.1339 370.445
-51.1536 373.337 -55.8638 370.285
-53.9192 373.217 -58.6289 370.125
-56.6681 373.082 -61.3726 369.94
-59.3996 372.95 -64.1262 369.758
-62.1283 372.797 -66.8369 369.543
-64.8273 372.6 -69.5502 369.284
-67.5092 372.402 -72.2232 369.032
-70.1862 372.209 -74.8723 368.779
-72.8453 372.028 -77.5187 368.538
-75.4953 371.886 -80.1714 368.349
-78.1161 371.787 -82.8056 368.207
-80.7178 371.719 -85.4539 368.087
-83.3118 371.695 -88.0501 368.031
-85.8427 371.71 -90.5911 367.992
-88.2157 371.734 -92.9554 367.979
-90.4027 371.755 -95.1518 367.967
-92.3769 371.747 -97.1291 367.93
-94.1812 371.7 -98.9364 367.863
-95.9542 371.61 -100.692 367.762
-97.6929 371.484 -102.411 367.608
-99.4288 371.332 -104.129 367.417
-101.212 371.15 -105.854 367.167
-103.049 370.93 -107.717 366.929
-104.964 370.713 -109.659 366.676
-107 370.47 -111.702 366.408
-109.147 370.219 -113.851 366.136
-111.414 369.991 -116.12 365.877
-113.85 369.788 -118.554 365.637
-116.382 369.588 -121.081 365.403
-119.079 369.402 -123.77 365.193
-121.87 369.312 -126.538 365.08
-124.798 369.251 -129.471 365.009
-127.749 369.222 -132.411 364.972
-130.738 369.191 -135.408 364.923
-133.725 369.151 -138.397 364.866
-136.693 369.117 -141.365 364.787
-139.64 369.026 -144.309 364.645
-142.545 368.909 -147.246 364.498
-145.453 368.8 -150.177 364.357
-148.326 368.654 -153.065 364.164
-151.184 368.484 -155.929 363.947
-154.029 368.307 -158.75 363.738
-156.834 368.111 -161.534 363.491
-159.602 367.93 -164.313 363.24
-162.353 367.77 -167.042 363.044
-165.025 367.623 -169.696 362.884
-167.587 367.474 -172.238 362.7
-169.99 367.347 -174.634 362.539
-172.23 367.237 -176.861 362.398
-174.255 367.118 -178.894 362.229
-176.113 366.976 -180.747 362.058
-177.852 366.825 -182.497 361.869
-179.482 366.619 -184.129 361.613
-181.041 366.257 -185.675 361.202
-182.507 365.701 -187.113 360.625
-183.831 364.923 -188.393 359.801
-184.968 363.902 -189.478 358.751
-185.901 362.645 -190.369 357.462
-186.576 361.163 -190.995 355.958
-187 359.498 -191.377 354.29
-187.152 357.676 -191.512 352.514
-187.206 355.773 -191.524 350.597
-187.197 353.801 -191.485 348.618
-187.078 351.713 -191.332 346.533
-186.904 349.516 -191.118 344.334
-186.7 347.199 -190.881 342.009
-186.441 344.762 -190.587 339.574
-186.138 342.246 -190.249 337.029
-185.836 339.601 -189.897 334.385
-185.559 336.87 -189.563 331.603
-185.3 334.088 -189.238 328.838
-185.053 331.296 -188.952 326.051
-184.826 328.513 -188.674 323.285
-184.627 325.707 -188.427 320.493
-184.418 322.896 -188.16 317.704
-184.219 320.05 -187.909 314.878
-184.078 317.187 -187.715 312.036
-183.933 314.301 -187.509 309.153
-183.762 311.46 -187.293 306.342
-183.602 308.616 -187.091 303.515
-183.458 305.795 -186.891 300.694
-183.343 303 -186.705 297.909
-183.261 300.212 -186.549 295.125
-183.179 297.45 -186.394 292.373
-183.09 294.685 -186.224 289.58
-182.927 291.908 -185.996 286.806
-182.767 289.099 -185.764 283.969
-182.614 286.267 -185.542 281.137
-182.442 283.386 -185.308 278.259
-182.3 280.491 -185.101 275.366
-182.15 277.557 -184.907 272.423
-182.001 274.628 -184.709 269.469
-181.824 271.689 -184.475 266.495
-181.639 268.768 -184.24 263.562
-181.425 265.788 -183.978 260.618
-181.22 262.838 -183.692 257.659
-181.009 259.845 -183.416 254.653
-180.77 256.828 -183.102 251.617
-180.561 253.86 -182.835 248.641
-180.373 250.908 -182.587 245.669
-180.191 247.98 -182.354 242.73
-180.026 245.105 -182.111 239.862
-179.89 242.301 -181.918 237.062
-179.765 239.629 -181.74 234.38
-179.603 237.078 -181.513 231.808
-179.487 234.611 -181.341 229.312
-179.426 232.294 -181.226 226.998
-179.385 230.153 -181.136 224.845
-179.373 228.203 -181.087 222.891
-179.353 226.446 -181.031 221.112
-179.285 224.89 -180.931 219.551
-179.16 223.52 -180.769 218.169
-178.893 222.222 -180.465 216.872
-178.441 221.02 -179.981 215.66
-177.799 219.912 -179.32 214.578
-176.993 218.869 -178.467 213.52
-175.954 217.909 -177.373 212.52
-174.646 217.099 -176.017 211.681
-173.038 216.423 -174.46 211.029
-171.242 215.988 -172.683 210.617
-169.252 215.748 -170.746 210.408
-167.161 215.651 -168.7 210.351
-164.984 215.579 -166.539 210.349
-162.753 215.542 -164.33 210.362
-160.42 215.517 -162.03 210.409
-157.987 215.494 -159.636 210.466
-155.494 215.477 -157.178 210.541
-152.925 215.529 -154.63 210.639
-150.25 215.556 -151.964 210.737
-147.567 215.657 -149.273 210.849
-144.856 215.752 -146.552 211.028
-142.146 215.897 -143.842 211.245
-139.455 216.087 -141.174 211.516
-136.768 216.331 -138.494 211.807
-134.104 216.562 -135.844 212.107
-131.505 216.803 -133.252 212.405
-128.993 217.018 -130.742 212.656
-126.585 217.191 -128.347 212.88
-124.357 217.33 -126.108 213.055
-122.326 217.419 -124.077 213.151
-120.464 217.466 -122.202 213.214
-118.654 217.497 -120.38 213.25
-116.85 217.496 -118.567 213.254
-115.068 217.514 -116.771 213.274
-113.324 217.535 -115.009 213.294
-111.616 217.623 -113.287 213.391
-109.928 217.875 -111.586 213.619
-108.291 218.301 -109.948 214.032
-106.749 218.945 -108.397 214.657
-105.349 219.794 -106.98 215.5
-104.116 220.835 -105.772 216.521
-103.036 222.051 -104.712 217.728
-102.179 223.4 -103.873 219.087
-101.543 224.849 -103.259 220.539
-101.116 226.384 -102.849 222.046
-100.831 227.969 -102.567 223.576
-100.531 229.501 -102.285 225.081
-100.252 231.018 -101.989 226.573
-99.884 232.464 -101.618 227.974
-99.4256 233.824 -101.118 229.276
-98.7759 234.873 -100.45 230.319
-98.0861 235.806 -99.7213 231.227
-97.1743 236.469 -98.8092 231.922
-96.2542 236.931 -97.8214 232.416
-95.2831 237.359 -96.792 232.828
-94.1851 237.675 -95.6054 233.105
-92.9553 237.899 -94.3322 233.318
-91.5968 238.103 -92.9458 233.507
-90.0747 238.248 -91.3933 233.654
-88.3875 238.392 -89.684 233.799
-86.4863 238.54 -87.787 233.964
-84.4435 238.651 -85.8007 234.14
-82.2539 238.747 -83.6834 234.305
-79.9401 238.872 -81.4341 234.464
-77.5396 239.011 -79.0734 234.608
-75.0874 239.151 -76.6296 234.736
-72.5749 239.314 -74.1275 234.876
-69.9919 239.446 -71.5401 234.994
-67.3516 239.549 -68.9338 235.117
-64.6664 239.658 -66.2904 235.262
-61.998 239.809 -63.6987 235.428
-59.3117 239.953 -61.0743 235.623
-56.702 240.109 -58.55 235.81
-54.1511 240.268 -56.0095 236.012
-51.6259 240.427 -53.4967 236.226
-49.1274 240.564 -51.0283 236.427
-46.6659 240.713 -48.5788 236.642
-44.2406 240.886 -46.1732 236.854
-41.879 241.089 -43.8001 237.068
-39.649 241.313 -41.5624 237.303
-37.5524 241.539 -39.4407 237.522
-35.4887 241.743 -37.3837 237.731
-33.4567 241.939 -35.3596 237.925
-31.5331 242.125 -33.4366 238.112
-29.7646 242.288 -31.6574 238.261
-28.1724 242.408 -30.0704 238.368
-26.7472 242.469 -28.6472 238.427
-25.4603 242.473 -27.358 238.427
-24.3187 242.437 -26.2044 238.415
-23.3242 242.322 -25.1696 238.342
-22.4838 242.187 -24.3394 238.228
-21.8432 242.07 -23.7016 238.125
-21.3573 241.937 -23.2102 238.005
-20.875 241.791 -22.7338 237.858
-20.4101 241.641 -22.2662 237.7
-19.9386 241.453 -21.7848 237.515
-19.3309 241.15 -21.1797 237.213
-18.6035 240.674 -20.4705 236.74
-17.8176 240 -19.6753 236.094
-17.0479 239.13 -18.9012 235.211
-16.3714 238.041 -18.2241 234.103
-15.8191 236.732 -17.6703 232.76
-15.4317 235.164 -17.2725 231.169
-15.1609 233.367 -16.9932 229.329
-14.9854 231.36 -16.8011 227.346
-14.8794 229.166 -16.6788 225.174
-14.8346 226.784 -16.6007 222.82
-14.8059 224.227 -16.5307 220.271
-14.7761 221.504 -16.454 217.559
-14.7262 218.625 -16.3536 214.7
-14.6468 215.602 -16.2245 211.701
-14.5097 212.46 -16.0335 208.551
-14.3535 209.201 -15.8233 205.3
-14.1797 205.87 -15.5905 201.97
-13.9624 202.479 -15.3239 198.596
-13.7391 199.045 -15.0496 195.223
-13.5149 195.572 -14.7869 191.769
-13.2754 192.055 -14.4999 188.26
-13.052 188.5 -14.2366 184.705
-12.8546 184.885 -14.0082 181.104
-12.6751 181.22 -13.7784 177.411
-12.508 177.502 -13.5855 173.718
-12.3412 173.719 -13.369 169.931
-12.175 169.898 -13.1643 166.023
-12.0183 166.028 -12.9791 162.197
-11.8413 162.134 -12.7824 158.305
-11.6552 158.221 -12.5757 154.413
-11.4666 154.287 -12.3601 150.477
-11.2813 150.32 -12.1353 146.562
-11.0576 146.379 -11.9111 142.686
-10.8152 142.444 -11.6787 138.816
-10.5705 138.518 -11.4325 134.96
-10.334 134.639 -11.1814 131.139
-10.1232 130.786 -10.9268 127.369
-9.91435 127.027 -10.6773 123.65
-9.69615 123.396 -10.4211 120.051
-9.49338 119.914 -10.1857 116.611
-9.31028 116.608 -9.9645 113.319
-9.15133 113.442 -9.77738 110.195
-9.01756 110.482 -9.61786 107.282
-8.88896 107.745 -9.48608 104.614
-8.77427 105.223 -9.36665 102.141
-8.67979 102.918 -9.28404 99.8894
-8.50486 100.813 -9.09176 97.8453
-8.16372 98.9197 -8.75435 96.0206
-7.61852 97.2437 -8.20463 94.3844
-6.85843 95.7252 -7.43617 92.9201
-5.89984 94.3924 -6.46887 91.6403
-4.75983 93.2539 -5.30179 90.5414
-3.45009 92.3488 -4.01388 89.682
-1.97387 91.6917 -2.5618 89.0541
-0.436803 91.2619 -1.07159 88.6981
1.13807 91.0263 0.475521 88.5584
2.75125 90.882 2.06338 88.4726
4.4317 90.7661 3.72708 88.4475
6.21174 90.6836 5.49903 88.4556
8.08109 90.5785 7.34356 88.4766
10.0766 90.4693 9.31226 88.4791
12.2059 90.3654 11.4274 88.4828
14.4898 90.2903 13.7174 88.5102
16.9105 90.3215 16.1739 88.6031
19.4536 90.4596 18.66 88.8112
22.0457 90.6711 21.242 89.1044
24.6443 90.8953 23.8201 89.3911
27.2078 91.064 26.4166 89.6251
29.7648 91.1301 28.975 89.7502
32.2877 91.0855 31.5346 89.7752
34.8034 90.9378 34.0545 89.6962
37.3251 90.7289 36.5417 89.577
39.8962 90.5085 39.0994 89.4422
42.548 90.29 41.7417 89.3166
45.2446 90.0978 44.4206 89.2159
47.943 89.9036 47.0865 89.1097
50.618 89.6297 49.7532 88.9269
53.2522 89.1856 52.4264 88.5498
55.8142 88.5577 54.9993 88.0223
58.3133 87.7916 57.5221 87.3436
60.8055 86.9207 60.0395 86.542
63.322 85.9941 62.5527 85.6773
65.8337 85.055 65.0455 84.8228
68.4062 84.0808 67.6296 83.9077
70.9986 83.0453 70.2375 82.9313
73.5785 81.8793 72.8653 81.8086
76.1702 80.587 75.4428 80.5977
78.8198 79.2193 78.1122 79.2987
81.4804 77.8427 80.7883 77.9847
84.1087 76.4699 83.4292 76.6987
86.6952 75.0553 86.012 75.3603
89.1889 73.556 88.5281 73.924
91.573 71.9685 90.9322 72.3947
93.8504 70.2859 93.2347 70.7741
96.0206 68.5214 95.4134 69.084
98.1039 66.7409 97.5419 67.3557
100.108 65.034 99.5712 65.6976
101.997 63.4598 101.488 64.1912
103.765 62.0703 103.267 62.8566
105.409 60.801 104.925 61.6305
107.003 59.5303 106.534 60.4208
108.59 58.2474 108.135 59.1807
110.135 56.9705 109.689 57.9447
111.717 55.6375 111.296 56.6548
113.353 54.2471 112.95 55.3014
115.078 52.8312 114.704 53.9275
116.904 51.4394 116.548 52.5837
118.837 50.0549 118.496 51.2337
120.854 48.6021 120.542 49.8217
122.938 47.0837 122.662 48.3343
125.093 45.4853 124.852 46.7724
127.33 43.8208 127.125 45.1629
129.638 42.0878 129.452 43.4906
131.967 40.3448 131.801 41.7873
134.298 38.6099 134.156 40.1352
136.622 36.849 136.5 38.4301
138.95 35.1311 138.839 36.7756
141.294 33.4647 141.206 35.148
143.604 31.7956 143.542 33.5331
145.872 30.1216 145.836 31.9046
148.133 28.4182 148.091 30.2687
150.348 26.751 150.337 28.6573
152.506 25.1371 152.493 27.1186
154.521 23.6035 154.531 25.635
156.41 22.1043 156.44 24.1804
158.103 20.7295 158.159 22.8693
159.606 19.4701 159.683 21.6485
161.034 18.3286 161.118 20.5644
162.527 17.3699 162.621 19.6767
164.102 16.69 164.194 19.0489
165.726 16.2312 165.822 18.6263
167.465 15.9802 167.548 18.4045
169.275 15.9128 169.354 18.3645
171.157 15.9577 171.248 18.4004
173.099 15.9727 173.202 18.4376
175.12 15.9452 175.206 18.4197
177.167 15.8722 177.231 18.3669
179.305 15.7563 179.371 18.2698
181.477 15.604 181.531 18.1483
183.704 15.412 183.759 17.9834
185.981 15.2381 186.028 17.8435
188.281 15.073 188.34 17.6994
190.577 14.8968 190.621 17.5787
192.894 14.7146 192.938 17.4437
195.244 14.5102 195.328 17.2843
197.633 14.2838 197.734 17.1196
200.09 14.0301 200.186 16.9193
202.592 13.7853 202.66 16.7204
205.105 13.5341 205.187 16.5042
207.641 13.3101 207.711 16.3365
210.149 13.1111 210.217 16.182
212.697 12.9157 212.767 16.0196
215.225 12.7378 215.291 15.8804
217.808 12.5132 217.867 15.696
220.389 12.2827 220.441 15.5125
223.038 12.0686 223.082 15.3333
225.7 11.873 225.755 15.1974
228.381 11.6576 228.443 15.0272
231.064 11.4008 231.12 14.8272
233.769 11.1571 233.836 14.6204
236.453 10.9086 236.507 14.4344
239.115 10.6283 239.159 14.222
241.756 10.391 241.817 14.0266
244.376 10.1777 244.419 13.8449
246.942 9.97703 246.974 13.6857
249.503 9.79641 249.537 13.5452
251.962 9.61674 252.019 13.4027
254.33 9.45256 254.402 13.2842
256.557 9.29718 256.652 13.1762
258.681 9.1404 258.773 13.0594
260.488 8.87072 260.779 12.9349
262.171 8.5582 262.686 12.7245
263.853 8.24605 264.453 12.451
265.534 7.93431 266.045 12.1303
267.212 7.62322 267.497 11.8117
268.72 7.30983 268.734 11.5039
269.769 7.04061 269.783 11.2604
270.655 6.86914 270.669 11.1248
271.433 6.78091 271.457 11.0626
272.188 6.79891 272.234 11.0837
272.94 6.91556 272.994 11.213
273.674 7.13927 273.727 11.4718
274.435 7.4863 274.472 11.8783
275.206 8.02178 275.227 12.4179
275.841 9.123 275.923 13.2428
276.4 10.4039 276.539 14.2211
276.939 11.6728 277.027 15.4094
277.462 12.928 277.41 16.7913
277.969 14.1653 277.814 18.4086
278.402 15.6008 278.169 20.2415
278.676 17.5409 278.377 22.2059
278.887 19.6896 278.547 24.4013
279.05 22.0041 278.653 26.7341
279.153 24.513 278.734 29.2431
279.31 27.1476 278.843 31.8922
279.492 29.9102 278.988 34.6724
279.682 32.7224 279.169 37.4428
279.892 35.6187 279.349 40.305
280.117 38.588 279.54 43.2518
280.341 41.5631 279.726 46.2116
280.554 44.6028 279.907 49.2538
280.758 47.6692 280.082 52.297
280.967 50.718 280.244 55.3475
281.19 53.7632 280.432 58.3674
281.388 56.8403 280.615 61.4152
281.609 59.9159 280.803 64.4496
281.893 62.9939 281.045 67.4815
282.168 66.0614 281.288 70.5049
282.386 69.1379 281.47 73.5429
282.581 72.2057 281.639 76.5469
282.741 75.2604 281.783 79.5855
282.946 78.3005 281.957 82.6173
283.185 81.3228 282.147 85.6184
283.442 84.3639 282.347 88.6302
283.684 87.3533 282.549 91.6268
283.94 90.3521 282.789 94.6537
284.231 93.3553 283.063 97.6399
284.542 96.3451 283.375 100.607
284.938 99.3206 283.734 103.571
285.395 102.259 284.144 106.516
285.844 105.163 284.579 109.409
286.322 108.054 285.021 112.298
286.794 110.912 285.479 115.146
287.217 113.737 285.87 117.936
287.631 116.519 286.248 120.723
288.059 119.219 286.636 123.436
288.449 121.781 286.978 126.024
288.846 124.281 287.342 128.47
289.285 126.63 287.743 130.841
289.743 128.835 288.174 133.051
290.213 130.821 288.604 135.043
290.684 132.626 289.054 136.84
291.166 134.262 289.507 138.486
291.581 135.833 289.897 140.06
291.962 137.426 290.263 141.664
292.194 139.02 290.467 143.268
292.238 140.604 290.468 144.849
291.762 142.158 290.211 146.437
290.663 143.578 289.714 148.003
289.562 144.965 288.93 149.48
288.468 146.318 287.848 150.829
287.386 147.641 286.48 152.025
286.399 148.976 284.908 153.038
284.572 149.919 283.034 153.964
282.599 150.835 281.052 154.893
280.553 151.805 279 155.846
278.418 152.847 276.858 156.861
276.187 153.973 274.643 157.941
273.849 155.202 272.323 159.126
271.423 156.516 269.876 160.396
268.909 157.881 267.373 161.698
266.393 159.279 264.815 163.055
263.832 160.712 262.286 164.456
261.343 162.229 259.796 165.939
258.928 163.839 257.365 167.497
256.568 165.516 254.983 169.126
254.221 167.22 252.603 170.801
251.812 168.915 250.188 172.46
249.343 170.565 247.715 174.044
246.83 172.171 245.175 175.606
244.269 173.728 242.606 177.127
241.688 175.211 239.991 178.565
239.067 176.646 237.342 179.958
236.435 178.028 234.708 181.276
233.829 179.392 232.074 182.593
231.251 180.753 229.5 183.904
228.708 182.113 226.936 185.23
226.215 183.484 224.442 186.54
223.77 184.812 221.978 187.826
221.367 186.107 219.555 189.063
219.059 187.344 217.243 190.258
216.844 188.521 215.008 191.391
214.73 189.612 212.898 192.446
212.762 190.601 210.932 193.395
210.934 191.519 209.098 194.26
209.294 192.365 207.462 195.063
207.831 193.113 205.99 195.776
206.577 193.798 204.724 196.438
205.54 194.396 203.687 197.01
204.73 194.902 202.867 197.491
204.122 195.322 202.241 197.902
203.546 195.745 201.658 198.298
203.043 196.282 201.093 198.721
202.516 196.788 200.519 199.147
201.945 197.326 199.926 199.627
201.195 198 199.156 200.268
200.227 198.809 198.155 201.041
199.077 199.76 196.996 201.962
197.731 200.792 195.627 202.958
196.253 201.872 194.142 203.997
194.624 202.967 192.492 205.062
192.62 204.118 190.676 206.16
190.615 205.269 188.764 207.24
188.612 206.419 186.745 208.339
186.608 207.57 184.665 209.461
184.605 208.72 182.48 210.598
182.452 209.924 180.236 211.773
180.163 211.202 177.927 213.004
177.855 212.474 175.594 214.226
175.554 213.761 173.281 215.468
173.261 215.032 170.959 216.692
171.007 216.296 168.684 217.905
168.77 217.549 166.422 219.104
166.636 218.726 164.264 220.23
164.64 219.824 162.25 221.279
162.8 220.792 160.385 222.205
161.11 221.618 158.675 222.984
159.51 222.334 157.051 223.665
157.846 222.861 155.405 224.158
156.181 223.203 153.739 224.451
154.511 223.364 152.07 224.553
152.787 223.35 150.365 224.476
150.969 223.245 148.51 224.331
149.048 223.061 146.59 224.109
146.999 222.887 144.53 223.9
144.811 222.709 142.331 223.705
142.452 222.507 139.961 223.481
139.986 222.307 137.507 223.251
137.342 222.163 134.859 223.074
134.569 222.03 132.087 222.915
131.695 221.932 129.209 222.764
128.711 221.803 126.205 222.591
125.647 221.65 123.119 222.398
122.615 221.5 120.071 222.203
119.544 221.309 117.005 221.968
116.511 221.102 113.966 221.72
113.517 220.904 110.972 221.471
110.545 220.708 108.001 221.239
107.636 220.532 105.092 221.015
104.717 220.374 102.179 220.834
101.841 220.219 99.3089 220.633
98.9947 220.067 96.4817 220.471
96.1815 219.895 93.6861 220.281
93.4386 219.686 90.9754 220.036
90.8555 219.501 88.3634 219.817
88.3886 219.326 85.9003 219.587
86.1237 219.158 83.6412 219.375
84.05 219.045 81.5523 219.22
82.1529 219.016 79.6383 219.149
80.388 219.115 77.8629 219.218
78.6648 219.366 76.1298 219.421
77.0163 219.796 74.4693 219.81
75.4615 220.446 72.8951 220.407
74.0691 221.411 71.4697 221.354
72.8628 222.604 70.2168 222.554
71.8419 224.015 69.1946 223.902
71.0234 225.7 68.3762 225.516
70.4217 227.54 67.7525 227.319
70.0346 229.518 67.3839 229.255
69.8138 231.611 67.1713 231.311
69.6701 233.8 67.023 233.509
69.6037 236.023 66.9715 235.751
69.5459 238.343 66.8728 238.079
69.4994 240.72 66.7744 240.519
69.4694 243.193 66.7068 243.013
69.3845 245.776 66.5745 245.595
69.2326 248.433 66.37 248.282
69.0946 251.146 66.1921 251.032
68.951 253.983 65.9735 253.888
68.8119 256.917 65.7863 256.842
68.6506 259.92 65.6148 259.838
68.4622 263.082 65.4251 262.928
68.2886 266.253 65.2353 266.071
68.0966 269.464 65.0107 269.239
67.9038 272.683 64.792 272.432
67.7215 275.872 64.5721 275.621
67.5255 279.043 64.3341 278.792
67.3175 282.219 64.0888 281.945
67.1116 285.344 63.838 285.062
66.9014 288.508 63.6017 288.204
66.6881 291.652 63.3797 291.284
66.4788 294.782 63.1539 294.348
66.2892 297.878 62.9403 297.397
66.0781 300.944 62.7029 300.438
65.8263 304.009 62.4296 303.475
65.5736 307.018 62.1554 306.464
65.2747 310.032 61.8478 309.441
64.9245 313.031 61.4768 312.399
64.5406 315.995 61.0615 315.356
64.09 318.948 60.5858 318.266
63.6717 321.904 60.1349 321.201
63.3043 324.896 59.7476 324.186
62.9676 327.898 59.3765 327.187
62.6991 330.909 59.0811 330.169
62.5536 333.929 58.8628 333.144
62.4023 336.963 58.6346 336.172
62.2666 340.021 58.4367 339.219
62.1165 343.036 58.2324 342.212
61.9935 346.033 58.0626 345.219
61.8664 348.989 57.8859 348.198
61.7609 351.858 57.7122 351.07
61.6793 354.612 57.5801 353.823
61.5863 357.261 57.4339 356.461
61.5506 359.777 57.3514 358.957
61.5772 362.146 57.3436 361.339
61.603 364.291 57.33 363.487
61.6287 366.323 57.3275 365.51
61.6499 368.352 57.3131 367.523
61.6247 370.356 57.2532 369.508
61.5112 372.34 57.0976 371.458
61.2716 374.388 56.8199 373.473
60.9667 376.528 56.4564 375.604
60.6371 378.796 56.0619 377.863
60.3245 381.208 55.7037 380.261
60.0656 383.741 55.3979 382.785
59.8848 386.414 55.1641 385.457
59.7898 389.196 55.0161 388.232
59.7654 392.107 54.9223 391.151
59.7664 395.121 54.8509 394.196
59.7286 398.269 54.7431 397.358
59.6733 401.493 54.6176 400.547
59.5754 404.695 54.4514 403.72
59.4251 407.917 54.2428 406.921
59.267 411.104 54.0239 410.126
59.0847 414.258 53.7935 413.289
58.9137 417.417 53.5723 416.426
58.7488 420.528 53.3627 419.529
58.5741 423.604 53.1571 422.592
58.4372 426.635 52.985 425.626
58.2868 429.523 52.7854 428.527
58.1176 432.28 52.5751 431.284
57.9241 434.902 52.3379 433.916
57.6632 437.383 52.0465 436.403
57.3683 439.71 51.73 438.745
57.0367 441.889 51.3673 440.889
56.6568 443.875 50.9632 442.884
56.3239 445.645 50.6032 444.651
56.1487 447.27 50.4046 446.255
56.6161 448.531 50.4681 447.774
57.3335 449.65 50.7818 449.115
58.0256 450.723 51.4001 450.292
58.6832 451.752 52.2413 451.278
59.3008 452.746 53.2563 452.035
60.0519 453.493 54.3866 452.609
61.2321 453.864 55.5933 452.967
62.5751 454.072 56.9458 453.171
64.0756 454.194 58.4573 453.297
65.7299 454.238 60.1099 453.345
67.5362 454.32 61.8901 453.439
69.4819 454.414 63.8231 453.558
71.5684 454.518 65.904 453.697
73.7832 454.637 68.1056 453.872
76.1587 454.79 70.4736 454.075
78.6468 454.943 72.9639 454.286
81.2259 455.116 75.5361 454.513
83.9168 455.302 78.2121 454.766
86.702 455.457 81.0009 454.986
89.5264 455.578 83.8285 455.178
92.4124 455.734 86.6823 455.398
95.3286 455.895 89.5929 455.63
98.2499 456.054 92.4963 455.853
101.184 456.224 95.432 456.076
104.093 456.393 98.3733 456.291
106.999 456.526 101.3 456.487
109.897 456.655 104.156 456.664
112.75 456.817 106.989 456.88
115.61 456.966 109.809 457.072
118.4 457.099 112.623 457.269
121.146 457.259 115.351 457.489
123.877 457.448 118.082 457.718
126.584 457.667 120.771 457.985
129.242 457.973 123.439 458.341
131.877 458.36 126.026 458.787
134.472 458.811 128.597 459.289
137.048 459.328 131.157 459.85
139.579 459.909 133.656 460.469
142.082 460.548 136.152 461.142
144.536 461.24 138.584 461.886
146.935 462.036 140.967 462.72
149.324 462.891 143.341 463.592
151.645 463.79 145.675 464.508
153.954 464.746 147.966 465.483
156.216 465.719 150.182 466.495
158.442 466.755 152.383 467.587
160.611 467.844 154.512 468.714
162.721 468.976 156.596 469.887
164.765 470.136 158.62 471.095
166.772 471.336 160.585 472.331
168.632 472.526 162.434 473.58
170.346 473.697 164.119 474.787
171.909 474.797 165.681 475.933
173.303 475.783 167.064 476.931
174.557 476.625 168.334 477.775
175.657 477.274 169.458 478.421
176.667 477.791 170.476 478.91
177.694 478.199 171.53 479.338
178.769 478.445 172.613 479.604
179.82 478.56 173.695 479.755
180.911 478.532 174.806 479.728
182.069 478.324 175.983 479.514
183.262 477.935 177.186 479.112
184.488 477.285 178.439 478.437
185.759 476.307 179.743 477.434
187.077 475.007 181.072 476.138
188.479 473.465 182.502 474.605
189.954 471.703 183.999 472.849
191.519 469.725 185.582 470.913
193.208 467.608 187.26 468.823
195.017 465.321 189.066 466.571
196.864 462.933 190.931 464.207
198.729 460.523 192.805 461.829
200.614 458.121 194.714 459.446
202.51 455.73 196.614 457.093
204.411 453.358 198.569 454.708
206.322 451.001 200.497 452.364
208.222 448.665 202.412 450.057
210.114 446.338 204.33 447.741
211.977 444.014 206.206 445.464
213.836 441.707 208.089 443.19
215.684 439.421 209.956 440.949
217.556 437.143 211.852 438.711
219.471 434.824 213.791 436.437
221.451 432.447 215.815 434.078
223.467 430.017 217.887 431.681
225.487 427.604 219.951 429.249
227.507 425.191 222.013 426.811
229.526 422.779 224.065 424.422
231.545 420.367 226.109 422.068
233.564 417.955 228.138 419.759
235.559 415.588 230.122 417.514
237.437 413.389 232.01 415.335
238.78 411.507 233.735 413.28
239.938 409.691 235.269 411.397
241.095 407.877 236.597 409.643
242.251 406.068 237.638 408.008
243.408 404.263 238.37 406.399
244.011 402.484 238.772 404.618
244.001 400.839 238.751 402.924
243.617 399.284 238.383 401.323
242.89 397.829 237.67 399.841
241.874 396.462 236.653 398.449
240.632 395.202 235.423 397.167
239.222 394.034 234.036 395.966
237.619 392.958 232.421 394.862
235.793 391.995 230.61 393.885
233.765 391.139 228.562 393.027
231.527 390.408 226.276 392.276
229.102 389.773 223.851 391.591
226.503 389.204 221.301 390.997
223.726 388.759 218.518 390.526
220.798 388.372 215.599 390.099
217.711 387.983 212.51 389.68
214.531 387.607 209.349 389.281
211.282 387.246 206.102 388.893
207.99 386.907 202.828 388.532
204.658 386.595 199.493 388.196
201.287 386.304 196.108 387.875
197.919 386.031 192.734 387.577
194.556 385.786 189.363 387.314
191.207 385.555 186.016 387.064
187.886 385.358 182.706 386.838
184.599 385.188 179.401 386.618
181.348 385.029 176.161 386.418
178.125 384.88 172.925 386.221
174.94 384.732 169.749 386.022
171.787 384.605 166.606 385.833
168.667 384.479 163.508 385.66
165.61 384.376 160.441 385.503
162.652 384.301 157.5 385.377
159.842 384.253 154.694 385.293
157.213 384.244 152.076 385.242
154.758 384.238 149.63 385.195
152.465 384.177 147.344 385.096
150.35 384.033 145.229 384.909
148.463 383.775 143.344 384.623
146.862 383.343 141.744 384.134
145.493 382.652 140.397 383.393
144.343 381.71 139.28 382.418
143.476 380.549 138.451 381.221
142.886 379.215 137.891 379.871
142.513 377.743 137.552 378.39
142.318 376.137 137.381 376.792
142.188 374.396 137.279 375.07
142.147 372.567 137.245 373.274
142.123 370.607 137.24 371.323
142.118 368.495 137.256 369.207
142.131 366.234 137.288 366.961
142.204 363.815 137.392 364.562
142.299 361.231 137.51 361.985
142.415 358.475 137.661 359.25
142.583 355.558 137.882 356.353
142.74 352.539 138.111 353.337
142.892 349.439 138.307 350.237
143.064 346.281 138.53 347.077
143.227 343.091 138.737 343.889
143.425 339.887 138.993 340.681
143.616 336.701 139.23 337.507
143.796 333.502 139.431 334.315
144.006 330.337 139.671 331.143
144.23 327.131 139.901 327.928
144.419 323.896 140.122 324.684
144.587 320.591 140.324 321.392
144.755 317.239 140.525 318.091
144.942 313.833 140.734 314.744
145.157 310.363 140.971 311.335
145.368 306.861 141.203 307.856
145.57 303.322 141.435 304.335
145.78 299.781 141.671 300.782
145.996 296.224 141.919 297.241
146.233 292.724 142.2 293.756
146.467 289.221 142.479 290.301
146.685 285.746 142.755 286.858
146.894 282.281 143.028 283.4
147.104 278.834 143.306 279.967
147.309 275.38 143.591 276.509
147.469 272.015 143.811 273.183
147.644 268.641 144.061 269.808
147.828 265.287 144.312 266.498
148.019 262.011 144.564 263.25
148.192 258.776 144.801 260.032
148.363 255.568 145.025 256.814
148.543 252.485 145.264 253.714
148.699 249.53 145.481 250.731
148.855 246.697 145.697 247.908
149.012 244.06 145.924 245.321
149.178 241.565 146.167 242.861
149.354 239.241 146.38 240.517
149.518 237.141 146.585 238.416
149.688 235.241 146.805 236.511
149.832 233.537 146.987 234.812
149.906 232.005 147.104 233.28
149.839 230.62 147.066 231.874
149.635 229.344 146.884 230.576
149.241 228.15 146.492 229.364
148.716 227.04 145.992 228.232
148.001 226.008 145.287 227.165
147.076 225.049 144.36 226.147
145.938 224.217 143.257 225.245
144.564 223.496 141.913 224.473
143.011 222.964 140.41 223.879
141.317 222.569 138.729 223.422
139.454 222.335 136.902 223.128
137.425 222.166 134.958 222.902
135.206 222.05 132.786 222.727
132.804 221.962 130.437 222.576
130.267 221.919 127.893 222.478
127.509 221.883 125.121 222.335
124.623 221.854 122.212 222.18
121.664 221.83 119.253 222.038
118.657 221.763 116.238 221.878
115.642 221.686 113.277 221.675
112.627 221.57 110.291 221.44
109.674 221.356 107.336 221.189
106.755 221.167 104.435 220.967
103.816 220.977 101.512 220.766
100.934 220.823 98.6339 220.55
98.0755 220.656 95.817 220.371
95.253 220.488 93.0254 220.163
92.4869 220.344 90.2922 219.943
89.8754 220.223 87.7185 219.744
87.4584 220.103 85.3171 219.555
85.3089 219.94 83.141 219.367
83.4047 219.815 81.2192 219.252
81.8115 219.719 79.5894 219.171
80.3866 219.682 78.1386 219.152
79.0037 219.767 76.7549 219.21
77.6607 220.008 75.3962 219.425
76.3716 220.406 74.0974 219.764
75.1559 220.96 72.9006 220.244
74.011 221.727 71.7314 220.991
72.9235 222.716 70.6231 221.916
71.9789 223.872 69.6461 223.032
71.1845 225.267 68.878 224.311
70.5597 226.755 68.2536 225.7
70.1064 228.212 67.7973 227.151
69.7803 229.717 67.4831 228.636
69.6111 231.274 67.3116 230.174
69.5073 232.885 67.2123 231.768
69.4137 234.509 67.1029 233.357
69.3439 236.145 67.0381 234.969
69.1653 237.775 66.8704 236.541
68.8506 239.377 66.5475 238.107
68.411 240.827 66.0363 239.579
67.7274 242.111 65.2695 240.873
66.8031 243.183 64.2918 241.991
65.7018 244.108 63.1474 242.917
64.4482 244.782 61.8622 243.582
63.0808 245.26 60.4909 244.038
61.5807 245.475 58.9657 244.222
60.0219 245.545 57.4316 244.264
58.3736 245.501 55.7725 244.178
56.5578 245.388 53.9901 244.072
54.5757 245.268 52.0492 243.948
52.4223 245.172 49.9193 243.841
50.0879 245.082 47.608 243.716
47.5816 245.009 45.1174 243.587
44.919 244.938 42.4683 243.43
42.1228 244.817 39.6682 243.249
39.1647 244.672 36.707 243.023
36.0571 244.511 33.6037 242.79
32.8401 244.318 30.3897 242.533
29.5954 244.119 27.1543 242.281
26.356 243.939 23.9093 242.045
23.1363 243.778 20.6662 241.821
19.9239 243.575 17.4615 241.59
16.7717 243.334 14.3121 241.297
13.6619 243.083 11.2461 241.019
10.6664 242.818 8.25406 240.712
7.81475 242.555 5.41533 240.406
5.13929 242.325 2.74891 240.133
2.67985 242.119 0.32668 239.898
0.450309 241.931 -1.85379 239.681
-1.52897 241.776 -3.83156 239.5
-3.22882 241.671 -5.48717 239.373
-4.6183 241.633 -6.85417 239.314
-5.72763 241.636 -7.94159 239.302
-6.59491 241.676 -8.79536 239.332
-7.31606 241.736 -9.48681 239.393
-7.99983 241.825 -10.1694 239.471
-8.66843 241.972 -10.8462 239.62
-9.31047 242.16 -11.4873 239.802
-10.0403 242.49 -12.2124 240.133
-10.9006 242.987 -13.0891 240.611
-11.7888 243.697 -13.9886 241.297
-12.6057 244.63 -14.8192 242.208
-13.3252 245.805 -15.5575 243.386
-13.8761 247.212 -16.1294 244.865
-14.2623 248.904 -16.5228 246.552
-14.4567 250.843 -16.7265 248.491
-14.5344 252.994 -16.8174 250.636
-14.597 255.35 -16.8956 252.97
-14.6671 257.911 -16.9967 255.504
-14.736 260.65 -17.1143 258.224
-14.8495 263.576 -17.2756 261.138
-14.9575 266.73 -17.445 264.275
-15.0596 270.016 -17.6176 267.556
-15.1827 273.477 -17.8396 271.02
-15.3032 277.021 -18.0743 274.563
-15.4402 280.659 -18.2965 278.191
-15.5906 284.352 -18.547 281.862
-15.7645 288.068 -18.8014 285.544
-15.9468 291.812 -19.0785 289.29
-16.0999 295.543 -19.3309 293.013
-16.2601 299.308 -19.5807 296.793
-16.4253 303.106 -19.8235 300.589
-16.5901 306.893 -20.0844 304.375
-16.7567 310.706 -20.3459 308.172
-16.9102 314.536 -20.5849 312.024
-17.0622 318.372 -20.8394 315.838
-17.2117 322.183 -21.1069 319.65
-17.3596 325.996 -21.3681 323.468
-17.5032 329.778 -21.6178 327.268
-17.653 333.538 -21.8603 330.961
-17.8035 337.274 -22.0906 334.666
-17.9655 340.928 -22.3272 338.291
-18.139 344.467 -22.5692 341.81
-18.3096 347.827 -22.8192 345.158
-18.4984 351.069 -23.0742 348.409
-18.6578 354.178 -23.2964 351.524
-18.7793 357.114 -23.4746 354.464
-18.8702 359.864 -23.6138 357.22
-18.9462 362.402 -23.7419 359.737
-18.9909 364.711 -23.8401 362.027
-19.0506 366.784 -23.9366 364.066
-19.1508 368.6 -24.0711 365.856
-19.2886 370.233 -24.2595 367.476
-19.6008 371.746 -24.5935 368.962
-20.1811 373.134 -25.1878 370.307
-21.0462 374.353 -26.0546 371.466
-22.1278 375.354 -27.1475 372.402
-23.457 376.098 -28.4852 373.082
-24.9345 376.557 -29.9618 373.482
-26.555 376.67 -31.5847 373.531
-28.2768 376.522 -33.2899 373.312
-30.0563 376.232 -35.0627 372.967
-31.976 375.882 -36.9916 372.594
-34.0416 375.539 -39.0373 372.225
-36.3124 375.175 -41.2604 371.828
-38.7407 374.815 -43.6777 371.431
-41.3495 374.513 -46.2734 371.102
-44.0978 374.261 -49.015 370.852
-47.0114 374.041 -51.9431 370.641
-50.0401 373.824 -54.9443 370.398
-53.1857 373.619 -58.0773 370.16
-56.4063 373.422 -61.2892 369.921
-59.6534 373.251 -64.5307 369.692
-62.9431 373.084 -67.8162 369.457
-66.2196 372.909 -71.0549 369.215
-69.4869 372.732 -74.3171 368.972
-72.7261 372.533 -77.508 368.721
-75.95 372.349 -80.7343 368.481
-79.1324 372.199 -83.9232 368.272
-82.2767 372.086 -87.0786 368.1
-85.3184 372.021 -90.1292 367.979
-88.2029 371.999 -93.0021 367.894
-90.9275 371.99 -95.6965 367.837
-93.5555 371.975 -98.3329 367.773
-96.1693 371.894 -100.914 367.656
-98.7352 371.699 -103.46 367.408
-101.336 371.406 -106.094 367.087
-104.006 371.09 -108.693 366.714
-106.771 370.792 -111.464 366.369
-109.682 370.478 -114.372 366.027
-112.739 370.228 -117.437 365.721
-115.932 370.036 -120.612 365.469
-119.287 369.829 -123.954 365.225
-122.729 369.725 -127.381 365.069
-126.289 369.671 -130.93 364.963
-129.84 369.662 -134.455 364.896
-133.386 369.651 -138.003 364.852
-136.894 369.634 -141.513 364.812
-140.398 369.514 -145.011 364.666
-143.862 369.341 -148.484 364.46
-147.328 369.166 -151.959 364.227
-150.737 368.971 -155.36 363.983
-154.159 368.782 -158.773 363.752
-157.534 368.539 -162.142 363.494
-160.863 368.282 -165.456 363.185
-164.186 368.025 -168.75 362.891
-167.433 367.749 -172.024 362.562
-170.642 367.488 -175.214 362.261
-173.841 367.227 -178.39 361.956
-177.024 366.951 -181.533 361.643
-180.245 366.73 -184.732 361.346
-183.474 366.581 -187.939 361.133
-186.745 366.472 -191.217 360.97
-190.033 366.367 -194.494 360.789
-193.355 366.25 -197.793 360.599
-196.717 366.189 -201.144 360.444
-200.121 366.183 -204.528 360.373
-203.54 366.2 -207.946 360.295
-206.953 366.228 -211.383 360.256
-210.348 366.285 -214.729 360.234
-213.706 366.366 -218.084 360.231
-217.01 366.482 -221.384 360.268
-220.18 366.655 -224.567 360.36
-223.191 366.879 -227.597 360.531
-226.097 367.115 -230.507 360.704
-228.815 367.345 -233.226 360.869
-231.386 367.584 -235.8 361.06
-233.713 367.888 -238.121 361.314
-235.782 368.276 -240.202 361.662
-237.675 368.738 -242.104 362.089
-239.369 369.206 -243.808 362.525
-240.924 369.618 -245.359 362.908
-242.344 369.947 -246.779 363.205
-243.618 370.201 -248.05 363.427
-244.859 370.341 -249.28 363.535
-246.077 370.392 -250.491 363.554
-247.268 370.38 -251.689 363.511
-248.493 370.334 -252.911 363.438
-249.784 370.307 -254.206 363.392
-251.079 370.299 -255.501 363.355
-252.358 370.35 -256.788 363.372
-253.632 370.436 -258.052 363.435
-254.851 370.582 -259.279 363.553
-255.941 370.73 -260.363 363.676
-256.916 370.896 -261.317 363.824
-257.88 371.027 -262.3 363.948
-258.825 371.075 -263.227 363.966
-259.79 371.037 -264.188 363.905
-260.854 370.865 -265.255 363.689
-261.981 370.526 -266.353 363.305
-263.15 369.955 -267.514 362.708
-264.334 369.129 -268.675 361.867
-265.453 367.984 -269.775 360.703
-266.451 366.525 -270.756 359.233
-267.252 364.724 -271.569 357.465
-267.949 362.709 -272.24 355.403
-268.507 360.485 -272.766 353.187
-268.941 358.027 -273.159 350.691
-269.22 355.349 -273.397 348.049
-269.449 352.477 -273.584 345.186
-269.718 349.407 -273.792 342.149
-269.986 346.178 -273.976 338.86
-270.258 342.841 -274.15 335.548
-270.518 339.409 -274.303 332.203
-270.754 335.851 -274.469 328.699
-270.956 332.279 -274.589 325.138
-271.101 328.7 -274.677 321.571
-271.205 325.126 -274.707 318.008
-271.268 321.587 -274.679 314.484
-271.275 318.07 -274.612 310.966
-271.223 314.582 -274.502 307.471
-271.12 311.121 -274.326 304.01
-270.978 307.684 -274.112 300.58
-270.783 304.266 -273.83 297.158
-270.529 300.853 -273.513 293.771
-270.242 297.429 -273.165 290.347
-269.92 293.99 -272.786 286.897
-269.545 290.529 -272.349 283.468
-269.142 287.042 -271.887 280.015
-268.688 283.528 -271.371 276.528
-268.189 279.998 -270.81 273.019
-267.645 276.438 -270.194 269.479
-267.061 272.865 -269.54 265.894
-266.416 269.268 -268.824 262.343
-265.704 265.66 -268.046 258.797
-264.934 262.029 -267.227 255.178
-264.084 258.356 -266.304 251.528
-263.199 254.695 -265.346 247.876
-262.25 251.044 -264.356 244.326
-261.237 247.43 -263.292 240.776
-260.189 243.84 -262.19 237.21
-259.094 240.246 -261.038 233.683
-257.956 236.666 -259.836 230.108
-256.773 233.105 -258.602 226.591
-255.531 229.548 -257.302 223.06
-254.248 226.028 -255.972 219.583
-252.919 222.544 -254.576 216.113
-251.575 219.08 -253.175 212.689
-250.209 215.634 -251.773 209.28
-248.824 212.212 -250.328 205.904
-247.396 208.816 -248.871 202.56
-245.925 205.438 -247.346 199.2
-244.408 202.096 -245.777 195.9
-242.865 198.762 -244.189 192.613
-241.279 195.474 -242.561 189.371
-239.649 192.236 -240.88 186.181
-237.983 189.035 -239.172 183.024
-236.299 185.859 -237.42 179.857
-234.588 182.703 -235.644 176.751
-232.836 179.59 -233.83 173.637
-231.009 176.491 -231.946 170.573
-229.112 173.246 -230.051 167.52
-227.176 170.022 -228.109 164.464
-225.177 166.838 -226.093 161.372
-223.121 163.678 -223.991 158.294
-221.022 160.583 -221.86 155.276
-218.907 157.528 -219.71 152.287
-216.758 154.516 -217.511 149.329
-214.599 151.542 -215.273 146.359
-212.419 148.613 -213.06 143.508
-210.228 145.723 -210.81 140.651
-207.984 142.875 -208.54 137.857
-205.709 140.045 -206.252 135.105
-203.368 137.253 -203.867 132.366
-200.987 134.476 -201.47 129.657
-198.545 131.71 -199.028 126.945
-196.059 128.939 -196.502 124.213
-193.51 126.197 -193.925 121.533
-190.897 123.469 -191.254 118.849
-188.227 120.762 -188.534 116.165
-185.497 118.077 -185.798 113.533
-182.724 115.415 -182.992 110.877
-179.875 112.756 -180.123 108.272
-176.964 110.13 -177.207 105.715
-174.023 107.479 -174.236 103.125
-171.063 104.83 -171.241 100.541
-168.072 102.205 -168.243 97.9935
-165.064 99.5721 -165.208 95.401
-162.094 96.9252 -162.196 92.8171
-159.158 94.2456 -159.233 90.185
-156.222 91.5912 -156.268 87.5856
-153.303 88.949 -153.304 85.0157
-150.416 86.291 -150.383 82.4121
-147.526 83.6167 -147.501 79.8397
-144.617 80.9679 -144.58 77.2427
-141.68 78.334 -141.622 74.6629
-138.745 75.7019 -138.643 72.0905
-135.803 73.0668 -135.677 69.4907
-132.864 70.4346 -132.712 66.9201
-129.933 67.7967 -129.739 64.3268
-127.009 65.1655 -126.762 61.7352
-124.094 62.5652 -123.798 59.1847
-121.186 59.9618 -120.852 56.6382
-118.276 57.3582 -117.925 54.0844
-115.383 54.7465 -114.976 51.5224
-112.487 52.1329 -112.059 48.9789
-109.563 49.5078 -109.097 46.4054
-106.649 46.8823 -106.132 43.8383
-103.717 44.2406 -103.172 41.2478
-100.777 41.6077 -100.204 38.6744
-97.816 38.956 -97.2184 36.0693
-94.8632 36.2994 -94.1542 33.4303
-91.8844 33.6431 -91.1504 30.8332
-88.9097 30.9898 -88.1898 28.298
-85.9175 28.3227 -85.1836 25.6643
-82.929 25.6684 -82.179 23.0599
-79.942 23.038 -79.1608 20.506
-76.9627 20.4216 -76.1713 17.9291
-74.0075 17.8235 -73.1931 15.3654
-71.0924 15.2269 -70.3243 12.8418
-68.2092 12.6345 -67.4248 10.2722
-65.3542 10.052 -64.5628 7.72942
-62.5424 7.48136 -61.7216 5.18547
-59.754 4.92705 -58.9283 2.68144
-57.0092 2.42219 -56.1691 0.206995
-54.3401 0.00982846 -53.5055 -2.1392
-51.767 -2.29638 -50.9114 -4.38847
-49.2609 -4.52664 -48.4141 -6.58894
-46.8538 -6.6778 -45.9987 -8.69611
-44.5697 -8.68522 -43.7251 -10.6497
-42.4043 -10.5283 -41.522 -12.4763
-40.3642 -12.1987 -39.4641 -14.1237
-38.3898 -13.6954 -37.4984 -15.5793
-36.4232 -15.0037 -35.5293 -16.8722
-34.4232 -16.0979 -33.5516 -17.912
-32.3647 -16.9138 -31.4935 -18.7034
-30.2651 -17.4117 -29.4064 -19.168
-28.1634 -17.6049 -27.3205 -19.3388
-26.1106 -17.46 -25.2695 -19.1793
-24.1434 -16.9872 -23.3126 -18.6945
-22.297 -16.2178 -21.4926 -17.9049
-20.6047 -15.2314 -19.8181 -16.8993
-19.0089 -14.1536 -18.2324 -15.8075
-17.4272 -13.0901 -16.6801 -14.7217
-15.8746 -12.0693 -15.1276 -13.6798
-14.3636 -11.1069 -13.6188 -12.6878
-12.9227 -10.2426 -12.1888 -11.8008
-11.5748 -9.46682 -10.8362 -10.9916
-10.3179 -8.78875 -9.57572 -10.288
-9.18823 -8.1931 -8.44697 -9.65834
-8.21101 -7.71674 -7.48907 -9.16095
-7.42666 -7.33542 -6.69077 -8.75199
-6.73295 -7.00438 -6.01017 -8.38951
-6.08118 -6.62441 -5.37235 -8.01404
-5.48908 -6.23397 -4.78079 -7.61967
-4.93498 -5.80227 -4.23323 -7.18487
-4.33996 -5.28522 -3.65706 -6.64341
-3.69787 -4.59291 -3.03062 -5.93975
-3.03768 -3.76929 -2.3752 -5.09469
-2.40814 -2.79091 -1.76941 -4.10778
-1.80172 -1.62517 -1.17475 -2.93211
-1.26963 -0.215074 -0.681947 -1.51279
-0.812186 1.41715 -0.23475 0.112653
-0.577413 3.30455 0.00943946 1.9451
-0.470925 5.42611 0.1144 3.98107
-0.476637 7.69449 0.0923154 6.19496
-0.570738 10.1199 -0.0252454 8.58297
-0.648451 12.6868 -0.144639 11.1099
-0.748385 15.3785 -0.291187 13.8021
-0.860824 18.1917 -0.454132 16.6253
-0.998219 21.0844 -0.634832 19.5419
-1.17624 24.1005 -0.857787 22.5935
-1.39597 27.2247 -1.11825 25.7257
-1.64074 30.4209 -1.40981 28.9278
-1.87932 33.6647 -1.69023 32.2047
-2.15018 36.9236 -1.9964 35.4417
-2.39739 40.249 -2.3027 38.7573
-2.63886 43.5943 -2.59883 42.0891
-2.84828 46.9626 -2.86483 45.435
-3.04137 50.357 -3.1165 48.8213
-3.21265 53.8204 -3.35311 52.2461
-3.38099 57.3074 -3.57743 55.715
-3.56761 60.8348 -3.82054 59.2473
-3.7866 64.3857 -4.09229 62.7877
-3.9819 67.9735 -4.34904 66.3604
-4.17396 71.5659 -4.61709 69.9778
-4.39679 75.1065 -4.86766 73.4441
-4.594 78.6237 -5.10747 76.9325
-4.80083 82.1364 -5.33854 80.4252
-5.0164 85.5973 -5.59359 83.8963
-5.21455 89.0082 -5.83026 87.3395
-5.36965 92.4355 -6.02113 90.7576
-5.52401 95.8276 -6.19511 94.1484
