# initialization preprocessing icp loop mapping
0 0.00144519 0.00485331 0 0 0.0183523 0.0246539
1 0.000817935 0.00273527 0.0152335 3.0357e-05 0.000531669 0.0193503
2 0.000768308 0.00226641 0.0150858 7.561e-06 0.000560075 0.0186894
3 0.000772338 0.00211802 0.0150673 7.644e-06 0.000602337 0.0185687
4 0.000768376 0.00222404 0.0150101 1.1527e-05 0.000619917 0.0186352
5 0.000747102 0.00206431 0.0152071 8.66e-06 0.000643818 0.0186732
6 0.000784063 0.00217048 0.0146648 9.54e-06 0.000660558 0.0182908
7 0.000778562 0.00213542 0.0146423 1.0746e-05 0.000687389 0.0182558
8 0.000747639 0.00213364 0.0153543 1.0835e-05 0.000707348 0.0189547
9 0.000768866 0.0020494 0.0152466 1.1617e-05 0.00332306 0.0214019
10 0.000754865 0.00238979 0.0161691 1.2288e-05 0.000883432 0.0202106
11 0.000774601 0.00301949 0.0193202 1.2341e-05 0.000898794 0.0240266
12 0.000796455 0.00243265 0.0157658 1.317e-05 0.0142015 0.0332108
13 0.000761569 0.00309017 0.0191205 1.3212e-05 0.00796792 0.0309555
14 0.000773915 0.00237481 0.0161263 1.4147e-05 0.00794676 0.0272369
15 0.000769456 0.00204087 0.0155318 1.4826e-05 0.001003 0.0193613
16 0.000858647 0.00198917 0.0155864 1.4993e-05 0.00102236 0.0194734
17 0.00105637 0.00200843 0.0152043 1.5804e-05 0.00105745 0.0193436
18 0.000714054 0.00195467 0.0157614 1.5906e-05 0.000911952 0.0193592
19 0.000899905 0.0019996 0.0157541 1.6568e-05 0.000933739 0.0196062
20 0.000717381 0.00247013 0.0150592 1.7247e-05 0.0019433 0.0202088
21 0.000763562 0.00202316 0.0149107 1.665e-05 0.00096508 0.0186805
22 0.000733107 0.002024 0.015644 1.8131e-05 0.00098889 0.0194095
23 0.000843705 0.00200611 0.015601 1.8162e-05 0.000994181 0.0194647
24 0.000782215 0.00201332 0.0156633 1.8969e-05 0.00123795 0.0197178
25 0.0016304 0.00236606 0.0151383 1.9719e-05 0.00131818 0.0204744
26 0.000759386 0.001989 0.0157995 2.0021e-05 0.00812207 0.0266911
27 0.000752893 0.00198484 0.0157241 2.0005e-05 0.00820709 0.0266899
28 0.00076074 0.00200561 0.0156692 2.1127e-05 0.00817367 0.0266322
29 0.000755293 0.00200353 0.0150262 2.0658e-05 0.00817343 0.0259807
30 0.000754189 0.00199749 0.0150805 2.2189e-05 0.00818104 0.0260373
31 0.00077976 0.00200826 0.0158082 2.1078e-05 0.00136237 0.0199811
32 0.000764962 0.00197811 0.0158623 2.1468e-05 0.00139029 0.0200187
33 0.000846593 0.00341316 0.0157897 2.2356e-05 0.00127265 0.0213454
34 0.000797249 0.00202153 0.0155816 2.23e-05 0.00122893 0.0196532
35 0.000758018 0.00271928 0.0154263 2.4574e-05 0.00120392 0.0201333
36 0.000819988 0.00283571 0.0161283 2.3838e-05 0.00124176 0.0210509
37 0.0011338 0.00286107 0.0156261 2.3747e-05 0.00126125 0.0209077
38 0.00110968 0.00295483 0.0159764 4.0488e-05 0.00153764 0.0216204
39 0.00111498 0.00292769 0.0162784 2.503e-05 0.00155063 0.0218976
40 0.000778205 0.00276514 0.0162942 2.6131e-05 0.00839932 0.0282636
41 0.000784612 0.00265256 0.0162974 2.6235e-05 0.00847521 0.0282376
42 0.00107511 0.00310314 0.0165265 2.7363e-05 0.00844271 0.0291762
43 0.00152723 0.00260772 0.0163959 2.754e-05 0.00850627 0.0290659
44 0.000816916 0.00272666 0.0163471 2.8279e-05 0.00864212 0.0285624
45 0.000818273 0.00267135 0.0162845 2.7964e-05 0.00170957 0.0215134
46 0.000766452 0.00270129 0.0163372 2.973e-05 0.00171984 0.0215551
47 0.000784048 0.00270007 0.0162424 3.0395e-05 0.00144404 0.0212015
48 0.00110864 0.0030031 0.0165033 3.0845e-05 0.00146059 0.0221078
49 0.00144764 0.00263342 0.0164963 3.0716e-05 0.00149759 0.0221074
50 0.000778487 0.00280062 0.0163481 3.1391e-05 0.0014755 0.0214356
51 0.000783743 0.00213431 0.0161448 3.1778e-05 0.00150128 0.0205974
52 0.0011414 0.00271316 0.0166801 3.1115e-05 0.00184586 0.0224126
53 0.000811303 0.00270702 0.0166636 3.2307e-05 0.00874512 0.0289604
54 0.000763198 0.00273652 0.0162157 3.3511e-05 0.00874789 0.0284981
55 0.00078097 0.00218077 0.0166159 3.4187e-05 0.00880305 0.0284156
56 0.000755884 0.00203844 0.0199827 3.5154e-05 0.00890533 0.0317192
57 0.000777411 0.00474985 0.017243 3.5029e-05 0.00911439 0.0319215
58 0.000776597 0.00217518 0.0173324 3.5308e-05 0.00912287 0.0294437
59 0.000806835 0.00303101 0.0166867 3.5808e-05 0.00891974 0.0294818
60 0.00179254 0.00243599 0.0164657 3.5862e-05 0.00201327 0.0227448
61 0.000772171 0.00265041 0.016539 3.5734e-05 0.0016804 0.0216794
62 0.000882683 0.00311142 0.0163114 3.926e-05 0.00165969 0.0220057
63 0.000810992 0.00282446 0.016474 3.9843e-05 0.00178665 0.0219372
64 0.000856611 0.00205006 0.0165709 3.8271e-05 0.00171072 0.0212282
65 0.000818032 0.00266587 0.0167986 3.9115e-05 0.00172397 0.0220469
66 0.000823922 0.00259084 0.0167052 3.9294e-05 0.00898904 0.0291498
67 0.0011234 0.00283921 0.0167418 4.0028e-05 0.00907389 0.02982
68 0.00078297 0.00264673 0.0167297 4.0951e-05 0.00908786 0.0292901
69 0.000787399 0.00212342 0.0166123 4.1636e-05 0.00907012 0.0286359
70 0.000777 0.00255418 0.0169382 4.1759e-05 0.0101894 0.0305021
71 0.000821537 0.00278917 0.0168678 4.1379e-05 0.00914191 0.0296637
72 0.000847439 0.00257672 0.0168833 4.2044e-05 0.00912838 0.0294799
73 0.000810099 0.0026617 0.0168145 4.1263e-05 0.00922962 0.0295586
74 0.000825936 0.0020306 0.0164418 4.4484e-05 0.0091301 0.0284741
75 0.00078821 0.00208621 0.0168108 4.3871e-05 0.00185368 0.0215849
76 0.000769666 0.00198258 0.016644 4.4028e-05 0.0017487 0.0211909
77 0.000802965 0.00200428 0.016601 4.4476e-05 0.00175971 0.021214
78 0.000766593 0.00199204 0.0211241 4.4473e-05 0.00183843 0.0257672
79 0.000886923 0.00204878 0.0166704 4.5112e-05 0.00178454 0.0214367
80 0.000761331 0.00204418 0.0164638 4.4041e-05 0.00179984 0.0211152
81 0.000893503 0.00206214 0.0167504 4.4662e-05 0.00908928 0.0288418
82 0.000761016 0.00198879 0.0168842 4.5024e-05 0.00914964 0.0288303
83 0.000775076 0.00203866 0.0167722 6.0387e-05 0.00910781 0.0287556
84 0.00149166 0.00223068 0.0168194 4.7939e-05 0.0108971 0.0314883
85 0.000787313 0.00240226 0.0169337 6.2399e-05 0.0110153 0.0312026
86 0.000778722 0.0020015 0.0171912 4.9336e-05 0.00930847 0.0293307
87 0.000788687 0.0027735 0.0169185 5.0918e-05 0.00916658 0.0296996
88 0.00114454 0.00275559 0.0171029 5.0083e-05 0.00948157 0.0305361
89 0.000847025 0.00267114 0.0166521 5.1095e-05 0.00237776 0.0226005
90 0.000802596 0.00261028 0.0170879 6.1508e-05 0.00196512 0.0225286
91 0.000814778 0.00274108 0.0167553 5.0136e-05 0.00175147 0.0221139
92 0.00114903 0.00307961 0.0169414 4.9833e-05 0.00172958 0.0229509
93 0.00087828 0.0029719 0.0168224 5.121e-05 0.00178294 0.022509
94 0.00147654 0.00256238 0.0165443 5.1868e-05 0.00178388 0.0224204
95 0.000820642 0.00279881 0.0165672 5.2052e-05 0.00906167 0.0293012
96 0.000758724 0.00205864 0.0169339 5.2216e-05 0.0092093 0.0290141
97 0.0007527 0.00257406 0.0165307 5.2372e-05 0.00921799 0.029129
98 0.000825613 0.00261622 0.0171187 5.835e-05 0.00997425 0.0305946
99 0.00111529 0.00275548 0.016971 5.488e-05 0.0112599 0.0321585
100 0.00079526 0.00203789 0.0172218 5.6894e-05 0.0109441 0.0310569
101 0.000762045 0.00201814 0.0170076 6.8899e-05 0.00920314 0.0290607
102 0.000790457 0.00199148 0.0171042 6.8709e-05 0.00233388 0.0222901
103 0.000792877 0.00203212 0.017083 5.89e-05 0.00237017 0.0223382
104 0.000776941 0.0019831 0.0170421 7.181e-05 0.00189931 0.0217741
105 0.000772981 0.00202719 0.0164396 5.8946e-05 0.0017185 0.0210187
106 0.000803421 0.00204138 0.0169202 5.9504e-05 0.00173095 0.0215566
107 0.000732268 0.00206912 0.0166105 5.8997e-05 0.00173416 0.0212061
108 0.000745758 0.00199596 0.0172663 6.0028e-05 0.00183347 0.0219032
109 0.000819089 0.00246043 0.0171739 7.263e-05 0.0017771 0.0223048
110 0.000819559 0.00244376 0.0171848 5.8561e-05 0.00220333 0.0227109
111 0.00111715 0.00302139 0.017118 5.9794e-05 0.00910026 0.0304189
112 0.000859664 0.00275203 0.0171344 6.0312e-05 0.00925004 0.0300578
113 0.000753085 0.00271785 0.016664 6.2571e-05 0.00937581 0.0295741
114 0.000844425 0.00270209 0.0170886 7.4321e-05 0.0110579 0.0317684
115 0.000794049 0.00222483 0.0168725 6.2853e-05 0.00927767 0.0292327
116 0.000881496 0.00207112 0.0171913 7.7391e-05 0.0091245 0.0293476
117 0.000783424 0.00209809 0.0171255 6.347e-05 0.00239631 0.0224682
118 0.000789887 0.00208594 0.0166376 6.8375e-05 0.00232882 0.021912
119 0.000781496 0.00212166 0.0171939 7.5787e-05 0.00191314 0.022087
120 0.000794711 0.0021201 0.0167975 7.704e-05 0.00170518 0.0214959
121 0.000791319 0.00213848 0.0167301 7.6937e-05 0.00171837 0.0214573
122 0.000792735 0.00205429 0.0165148 6.7345e-05 0.00173333 0.0211634
123 0.000775992 0.00211435 0.0168851 7.7307e-05 0.00174687 0.0216005
124 0.000787186 0.00225785 0.017091 7.8724e-05 0.00176419 0.0219796
125 0.000861529 0.00206133 0.017161 8.0465e-05 0.00220286 0.022369
126 0.000811967 0.00205002 0.0168868 6.9368e-05 0.00912942 0.0289491
127 0.000785627 0.00208065 0.0171233 8.232e-05 0.0090649 0.0291378
128 0.000851765 0.00204805 0.0171346 8.2706e-05 0.00924287 0.0293617
129 0.000795406 0.00210933 0.0169356 8.2881e-05 0.0107611 0.0306858
130 0.000794023 0.00206147 0.0173009 8.3344e-05 0.00916964 0.0294107
131 0.000844971 0.00206785 0.0171448 8.3618e-05 0.00918001 0.0293224
132 0.000825602 0.00204431 0.0170659 8.3158e-05 0.00917486 0.0291953
133 0.000787347 0.00209138 0.0170604 8.4424e-05 0.00233948 0.0223644
134 0.000783151 0.00205234 0.0170556 8.5738e-05 0.0019036 0.0218822
135 0.000784036 0.00209495 0.0163738 8.5627e-05 0.00171378 0.0210539
136 0.000796703 0.00204676 0.0167015 8.5373e-05 0.00172299 0.0213542
137 0.000793751 0.00208246 0.0167443 8.7824e-05 0.00173313 0.0214429
138 0.000794939 0.00202832 0.017049 8.7652e-05 0.00174791 0.0217085
139 0.000784475 0.00214822 0.0169376 7.67e-05 0.00220482 0.0221539
140 0.000819524 0.00208472 0.0168442 7.5174e-05 0.00220771 0.0220323
141 0.000792792 0.00207418 0.0167226 8.6377e-05 0.00220777 0.0218849
142 0.000797383 0.0020434 0.016862 8.9221e-05 0.00930009 0.0290934
143 0.000797377 0.00217868 0.0164499 7.9347e-05 0.0109041 0.0304113
144 0.000791981 0.00206802 0.0169843 9.0417e-05 0.00923225 0.0291684
145 0.000806663 0.00206914 0.0169659 9.1313e-05 0.0094406 0.0293748
146 0.00078219 0.00206282 0.016759 8.1855e-05 0.00232772 0.0220148
147 0.000795084 0.00205187 0.0169753 0.000109306 0.0023716 0.0223039
148 0.00079263 0.00203902 0.0171217 9.3868e-05 0.00190911 0.0219571
149 0.000804749 0.0020772 0.0167615 9.4713e-05 0.00173362 0.0214726
150 0.00076453 0.00214474 0.0167643 8.3096e-05 0.00176396 0.0215219
151 0.000784889 0.00208157 0.0168253 9.8646e-05 0.00177736 0.0215695
152 0.000796139 0.00206899 0.0169018 9.5911e-05 0.00178449 0.0216487
153 0.000734111 0.00207172 0.0165147 8.6457e-05 0.00220608 0.0216145
154 0.00078975 0.00206178 0.0164802 8.6149e-05 0.0021874 0.0216066
155 0.000795128 0.00214528 0.0169499 9.9382e-05 0.00909461 0.0290857
156 0.000787469 0.00203912 0.0172106 8.7522e-05 0.00930412 0.0294296
157 0.000784845 0.00206363 0.0170521 9.9325e-05 0.0107348 0.0307357
158 0.000785582 0.00204765 0.0171226 0.000100614 0.00927952 0.029337
159 0.00087017 0.00208994 0.0171077 9.8642e-05 0.00232029 0.0224881
160 0.000782031 0.00207007 0.0171037 9.9924e-05 0.00241504 0.0224722
161 0.000781095 0.00209751 0.0167078 8.8882e-05 0.00245638 0.0221333
162 0.000784828 0.00204127 0.0172092 0.000102741 0.00201459 0.0221543
163 0.000872977 0.00236339 0.0285829 0.00010179 0.00217693 0.0340995
164 0.000790901 0.00212161 0.0168907 0.000102463 0.00183628 0.0217434
165 0.000796465 0.00208142 0.0168615 9.5123e-05 0.00176678 0.0216029
166 0.00079151 0.00201835 0.0169452 0.000105015 0.00177985 0.0216409
167 0.000787791 0.00214472 0.0169776 0.000106216 0.00222463 0.0222418
168 0.000798555 0.00208447 0.0169196 9.4524e-05 0.00223916 0.0221376
169 0.000793815 0.00205556 0.0169906 0.000105665 0.00908515 0.029032
170 0.00080855 0.00205812 0.0165633 9.3438e-05 0.00926527 0.02879
171 0.000802553 0.0020851 0.0171456 0.000104973 0.0109443 0.0310839
172 0.000805363 0.00205801 0.0170086 0.00010836 0.00919467 0.0291765
173 0.000872043 0.00208862 0.0170194 0.000107641 0.00920216 0.0292915
174 0.000764187 0.00213966 0.0171016 0.000110047 0.00236661 0.0224839
175 0.000798195 0.00207001 0.0170982 0.000109284 0.00237899 0.0224565
176 0.000792943 0.00202755 0.0172232 0.000112375 0.0019518 0.0221092
177 0.00078833 0.00208875 0.0169392 0.000113534 0.00178272 0.0217138
178 0.000787368 0.0020549 0.0169575 0.000111094 0.00178737 0.0216994
179 0.000809797 0.00212424 0.0171382 0.000113513 0.00181272 0.022
180 0.00078949 0.00213761 0.017254 0.000114652 0.00225084 0.0225477
181 0.000805293 0.00211744 0.0169071 0.000103235 0.00224763 0.022182
182 0.00078949 0.00209645 0.0171728 0.00011485 0.00913239 0.0293079
183 0.000755277 0.0021764 0.0171917 0.00010375 0.00930653 0.0295347
184 0.000770734 0.00206419 0.0172172 0.000116739 0.0111214 0.0312921
185 0.000776435 0.00211766 0.0168075 0.000105908 0.0092019 0.0290108
186 0.00077711 0.00207416 0.0173941 0.000118804 0.00237427 0.0227398
187 0.000800969 0.00218914 0.0173578 0.000119234 0.00244799 0.0229162
188 0.000812682 0.00212944 0.0173953 0.000117936 0.00239294 0.02285
189 0.000786382 0.00213819 0.017051 0.000105167 0.00194665 0.0220283
190 0.000786702 0.00209572 0.0170659 0.000121015 0.00174859 0.0218196
191 0.000795017 0.00212562 0.0169975 0.000120259 0.00177618 0.0218159
192 0.000790753 0.00221071 0.0170387 0.000121722 0.00179544 0.0219588
193 0.000784046 0.00215825 0.0169427 0.000109909 0.00225693 0.0222532
194 0.000797724 0.00222392 0.0171504 0.000122935 0.00224831 0.0225444
195 0.000792578 0.00211218 0.0170097 0.000127589 0.00911998 0.0291629
196 0.000782593 0.0020904 0.0172506 0.000124655 0.00956129 0.0298105
197 0.000749205 0.00211992 0.0171184 0.000138165 0.0110386 0.0311657
198 0.000789843 0.00210434 0.0168922 0.00011224 0.00916861 0.0290682
199 0.000793623 0.00211178 0.017213 0.000125287 0.00234429 0.0225889
200 0.000787276 0.0021192 0.0172753 0.000124032 0.00244953 0.022757
201 0.000789881 0.00212339 0.0172053 0.000117362 0.00240534 0.022643
202 0.000794459 0.00213417 0.016795 0.000116113 0.00200141 0.0218424
203 0.000783584 0.00219863 0.0168967 0.000127945 0.00176497 0.0217727
204 0.000791693 0.00208135 0.0169545 0.00012924 0.00177535 0.0217338
205 0.000839954 0.00211476 0.0169343 0.000129409 0.00184556 0.021865
206 0.000784147 0.00208937 0.0170063 0.000146927 0.00225963 0.0222876
207 0.00079065 0.00212225 0.0169715 0.000132446 0.00231157 0.0223293
208 0.000789975 0.00210062 0.0169649 0.000117979 0.00225447 0.022229
209 0.000799592 0.00212698 0.0170863 0.000116511 0.00928213 0.0294122
210 0.000782687 0.00206584 0.0170037 0.000132141 0.0108806 0.0308665
211 0.000769974 0.00219193 0.0169515 0.000133718 0.00929102 0.0293397
212 0.000788076 0.00210245 0.0169613 0.000132182 0.00234528 0.0223306
213 0.000786992 0.00217925 0.017251 0.000133996 0.00236633 0.0227185
214 0.000786983 0.00208377 0.0171774 0.000134155 0.00240789 0.0225913
215 0.000792342 0.00214404 0.0169759 0.000134877 0.00193951 0.021988
216 0.000780707 0.00209331 0.016693 0.000124225 0.00175436 0.0214466
217 0.00079088 0.00211101 0.0166354 0.00012793 0.00182901 0.0214952
218 0.000788699 0.00218606 0.0162411 0.000115044 0.00222232 0.0215549
219 0.000785559 0.00211611 0.0167042 0.00011911 0.00220921 0.0219356
220 0.00079353 0.00209539 0.0163592 0.000127719 0.00977076 0.0291483
221 0.000791207 0.00223633 0.016835 0.000130188 0.00936895 0.0293628
222 0.000800362 0.00212499 0.0165676 0.000129056 0.0112089 0.0308318
223 0.000782407 0.00213483 0.0170817 0.000130899 0.00933001 0.0294607
224 0.000784049 0.00209985 0.0172326 0.000120193 0.0024073 0.0226449
225 0.000827422 0.00212731 0.017223 0.000132334 0.00235432 0.0226652
226 0.000802127 0.0020916 0.0169879 0.000120596 0.00243711 0.0224411
227 0.000788505 0.00211608 0.0173759 0.000134924 0.00193739 0.0223536
228 0.000795113 0.0020602 0.0170166 0.000138364 0.00171051 0.0217221
229 0.000862613 0.00211889 0.0171897 0.000137651 0.00173038 0.0220404
230 0.00077867 0.00212479 0.0171292 0.000124763 0.0017567 0.0219157
231 0.000790466 0.00211065 0.0171226 0.000144397 0.00230722 0.0224769
232 0.000786188 0.00210322 0.0172413 0.000138943 0.00218087 0.0224513
233 0.000785917 0.00214216 0.0171184 0.000136703 0.00904386 0.0292289
234 0.00181088 0.00306845 0.017366 0.00012829 0.00946446 0.0318406
235 0.000784577 0.00209847 0.0171152 0.000141125 0.0110383 0.0311799
236 0.000893178 0.00209258 0.0172223 0.000143044 0.00915994 0.0295121
237 0.000773996 0.00210941 0.017142 0.0001413 0.0023199 0.0224879
238 0.000780349 0.00209552 0.0176586 0.000209432 0.00253302 0.0232783
239 0.000778968 0.00211498 0.0172275 0.000184505 0.00238528 0.0226929
240 0.000782462 0.00212091 0.0182499 0.000134435 0.00192203 0.0232117
241 0.00078366 0.00212628 0.0169257 0.000147679 0.00172173 0.0217064
242 0.000786486 0.00207714 0.0169636 0.000146803 0.00173174 0.0217081
243 0.000797033 0.002136 0.0164307 0.000136024 0.00915893 0.0286597
244 0.000747212 0.00213808 0.0170044 0.00014045 0.00906098 0.0290929
245 0.000795869 0.00216003 0.0169649 0.000151473 0.00915216 0.0292252
246 0.000777392 0.00206354 0.0169723 0.000150647 0.0092434 0.0292089
247 0.000799106 0.00217767 0.0171733 0.00015162 0.0108798 0.0311829
248 0.000783063 0.00207001 0.0171273 0.000139744 0.00913895 0.02926
249 0.000800583 0.00211483 0.0171978 0.000153085 0.00909473 0.0293619
250 0.000781394 0.00211483 0.0173202 0.000139384 0.00232227 0.0226792
251 0.000785331 0.00210143 0.0172316 0.000154348 0.0023236 0.0225976
252 0.000796153 0.00207623 0.0173941 0.000155165 0.00189687 0.0223198
253 0.000778158 0.00217116 0.0169671 0.000168365 0.00169931 0.0217848
254 0.000788535 0.0021113 0.0169545 0.000158321 0.00171315 0.0217269
255 0.000777408 0.00215759 0.0170838 0.000157546 0.00173438 0.0219118
256 0.000772597 0.00213132 0.0166563 0.000143709 0.00220204 0.0219072
257 0.000777852 0.00211116 0.0171327 0.000157032 0.00218777 0.0223673
258 0.00078943 0.00209834 0.0183217 0.00014622 0.00945888 0.0308162
259 0.000794652 0.00213088 0.0167702 0.000145425 0.00926653 0.0291087
260 0.000774403 0.00207978 0.0170237 0.000158867 0.0109846 0.0310223
261 0.000758156 0.00209663 0.0171184 0.000160772 0.00915888 0.0292936
262 0.00084018 0.00212483 0.0170442 0.000158075 0.00917525 0.0293436
263 0.000780119 0.00214418 0.0170589 0.000158461 0.0023421 0.022485
264 0.000783612 0.00209469 0.0171707 0.000160889 0.0024308 0.0226415
265 0.000815778 0.00221488 0.0217089 0.000151776 0.00191041 0.0268026
266 0.000759609 0.00213036 0.0167803 0.000159392 0.00180607 0.0216372
267 0.000765063 0.00212092 0.0164215 0.000151646 0.00172487 0.0211859
268 0.000769872 0.00207351 0.0168765 0.000190291 0.00217578 0.022087
269 0.000765169 0.00208804 0.0167876 0.000163894 0.00218578 0.0219919
270 0.000773609 0.00206575 0.016844 0.000164877 0.0090169 0.0288662
