0 0.000111986 0.0084516 100 11.6279
0 0.000120674 0.0114254 200 12.0482
0 8.86137e-05 0.013078 300 10.274
0 5.28731e-05 0.00560801 400 10.2828
0 2.25247e-05 0.00180619 500 10.3306
0 1.90855e-05 0.000628244 600 10.772
0 2.40428e-05 0.000707775 700 11.1288
0 2.45969e-05 0.000550386 800 10.7962
10 5.14437e-05 0.00347522 100 11.6279
10 4.98551e-05 0.00213695 200 12.0482
10 6.00239e-05 0.0036677 300 9.77199
10 3.17854e-05 0.00093331 400 10.3359
10 1.59871e-05 0.000493268 500 10.3093
10 6.40789e-06 0.000405191 600 10.7914
10 1.33084e-05 0.00132665 700 11.1465
10 9.29662e-06 0.00119663 800 10.7962
20 6.62338e-05 0.00263234 100 11.7647
20 6.08889e-05 0.00260765 200 11.9048
20 8.05149e-05 0.00356796 300 9.61539
20 3.68648e-05 0.00087201 400 10.3627
20 1.71665e-05 0.000175144 500 10.3306
20 7.50289e-06 0.000618968 600 10.8303
20 1.2517e-05 0.0015028 700 11.1643
20 7.86384e-06 0.00118212 800 10.8108
30 9.99491e-05 0.00256429 100 11.7647
30 4.73408e-05 0.00247275 200 11.4943
30 7.67411e-05 0.00288342 300 9.61539
30 3.01987e-05 0.000789124 400 10.4167
30 1.29923e-05 5.15981e-05 500 10.3734
30 6.90534e-06 0.000772693 600 10.8499
30 1.44647e-05 0.00175123 700 11.1643
30 9.65053e-06 0.00118418 800 10.8254
40 9.0957e-05 0.00298486 100 11.9048
40 7.5763e-05 0.00247848 200 11.0497
40 6.12689e-05 0.00174816 300 9.61539
40 2.21416e-05 0.000971571 400 10.4439
40 1.32468e-05 0.000200087 500 10.4167
40 1.84503e-05 0.00112471 600 10.8893
40 1.61193e-05 0.00217487 700 11.1643
40 1.22831e-05 0.00128404 800 10.8548
50 7.50114e-05 0.00296706 100 11.9048
50 5.28159e-05 0.00155962 200 10.7527
50 4.1719e-05 0.00121359 300 9.6463
50 1.14512e-05 0.00117852 400 10.4167
50 8.17051e-06 0.000459867 500 10.4384
50 2.32043e-05 0.00176044 600 10.9091
50 2.18702e-05 0.00291784 700 11.0935
50 1.69587e-05 0.00147044 800 10.8844
60 6.34767e-05 0.00404455 100 12.0482
60 4.04126e-05 0.00189257 200 10.5263
60 2.93421e-05 0.00166563 300 9.70874
60 3.8602e-06 0.00129463 400 10.2828
60 1.4681e-05 0.000771363 500 10.4822
60 2.44685e-05 0.00237433 600 10.9489
60 2.76834e-05 0.00345974 700 10.8696
60 1.90682e-05 0.00156182 800 10.9141
70 3.65396e-05 0.0054584 100 12.0482
70 4.33308e-05 0.00332379 200 10.3093
70 1.84143e-05 0.0025746 300 9.74026
70 1.10539e-05 0.00128202 400 10.1266
70 2.45506e-05 0.00116303 500 10.5263
70 2.78723e-05 0.00326214 600 10.9689
70 2.55632e-05 0.00409806 700 10.7198
70 1.9928e-05 0.00177485 800 10.9439
80 0.000128076 0.0025186 100 12.1951
80 7.07593e-05 0.00336352 200 9.90099
80 3.20189e-05 0.00115213 300 9.80392
80 6.57369e-06 0.000530661 400 10.0251
80 1.42859e-05 0.000729863 500 10.5708
80 2.29315e-05 0.00214736 600 11.0092
80 1.95314e-05 0.00232432 700 10.6545
80 1.49755e-05 0.000847421 800 10.9739
90 0.000108307 0.00363692 100 12.1951
90 7.07171e-05 0.0050215 200 9.17431
90 3.31969e-05 0.00104313 300 9.86842
90 8.18873e-06 0.000187204 400 10
90 1.5379e-05 0.00117204 500 10.5932
90 2.381e-05 0.00238577 600 11.0294
90 1.86652e-05 0.0022988 700 10.6545
90 1.28899e-05 0.000759554 800 11.0041
100 2.92969e-05 0.00198192 100 12.0482
100 9.30314e-05 0.00283021 200 8.81057
100 2.78602e-05 0.000988316 300 9.93377
100 1.40779e-05 0.000580151 400 10
100 1.89111e-05 0.00223773 500 10.6157
100 2.69911e-05 0.003806 600 11.0497
100 1.88338e-05 0.00325862 700 10.6545
100 1.14513e-05 0.00123757 800 11.0193
110 1.54408e-05 0.00325312 100 11.3636
110 7.50516e-05 0.00232098 200 8.73362
110 1.25019e-05 0.00118515 300 9.96678
110 2.44142e-05 0.00161456 400 10.0251
110 2.58745e-05 0.00388396 500 10.6383
110 3.21637e-05 0.0058938 600 11.0497
110 2.27535e-05 0.00452539 700 10.6707
110 1.38242e-05 0.00188278 800 11.0345
120 8.62479e-05 0.0024489 100 10.4167
120 6.06928e-05 0.0016494 200 8.73362
120 1.06729e-05 0.000832964 300 10
120 2.48377e-05 0.00205393 400 10.0503
120 3.66964e-05 0.00417504 500 10.661
120 3.09249e-05 0.00603184 600 11.0294
120 2.09498e-05 0.0040825 700 10.7034
120 1.2686e-05 0.00160193 800 11.0497
130 2.76214e-05 0.00698942 100 9.80392
130 2.87838e-05 0.00411144 200 8.77193
130 2.1715e-05 0.000871595 300 9.96678
130 3.70462e-05 0.00384466 400 10.0756
130 4.54295e-05 0.0068168 500 10.6838
130 3.99188e-05 0.00905489 600 10.9689
130 2.68355e-05 0.00554023 700 10.7198
130 1.61946e-05 0.00222624 800 11.0497
140 4.50173e-05 0.00260222 100 9.34579
140 3.12653e-05 0.00155982 200 8.77193
140 1.57802e-05 0.000814317 300 9.80392
140 2.00583e-05 0.00287302 400 10.1266
140 3.48844e-05 0.00509242 500 10.7066
140 3.49563e-05 0.00655765 600 10.7335
140 2.61467e-05 0.00355075 700 10.7527
140 9.76565e-06 0.00124974 800 11.065
150 5.0034e-05 0.00728503 100 8.92857
150 2.19727e-05 0.00249827 200 8.81057
150 3.48324e-05 0.00165415 300 9.58466
150 4.20749e-05 0.00540206 400 10.1523
150 4.4646e-05 0.00830668 500 10.7296
150 3.85771e-05 0.00940143 600 10.5079
150 2.84719e-05 0.00504855 700 10.7692
150 1.37024e-05 0.00202137 800 11.065
160 2.62948e-05 0.00898986 100 8.26446
160 3.06881e-05 0.00207509 200 8.84956
160 5.08224e-05 0.00312061 300 9.40439
160 4.93601e-05 0.00702031 400 10.1781
160 4.80417e-05 0.0101809 500 10.7527
160 3.7285e-05 0.010268 600 10.4167
160 3.12269e-05 0.00546906 700 10.8025
160 1.30336e-05 0.00220941 800 11.065
170 6.23397e-05 0.00353377 100 7.29927
170 2.15619e-05 0.00123319 200 8.92857
170 3.42959e-05 0.00234352 300 9.375
170 3.72668e-05 0.00537891 400 10.2041
170 4.12482e-05 0.00776832 500 10.7759
170 2.8611e-05 0.00715418 600 10.3986
170 2.21246e-05 0.00343227 700 10.8192
170 6.90535e-06 0.00132897 800 11.0803
180 0.000115961 0.0031847 100 6.89655
180 2.56057e-05 0.00114271 200 9.04977
180 3.76116e-05 0.00304427 300 9.40439
180 3.60886e-05 0.00597048 400 10.2564
180 4.10628e-05 0.00825888 500 10.8225
180 2.62824e-05 0.00697717 600 10.4167
180 1.66683e-05 0.00328244 700 10.8527
180 1.29188e-05 0.00125545 800 11.0803
190 0.000148747 0.00225364 100 6.89655
190 2.05717e-05 0.0010677 200 9.17431
190 3.30369e-05 0.00330078 300 9.49367
190 3.02972e-05 0.00585279 400 10.3627
190 3.97888e-05 0.00804357 500 10.8932
190 2.57349e-05 0.00631787 600 10.4712
190 1.46651e-05 0.00290153 700 10.9204
190 7.37492e-06 0.00099868 800 11.0957
200 0.000148426 0.00145757 100 7.0922
200 2.30322e-05 0.00129881 200 9.38967
200 3.39075e-05 0.00407354 300 9.6463
200 3.85638e-05 0.00652399 400 10.4712
200 4.03718e-05 0.00861506 500 10.989
200 2.60165e-05 0.00639486 600 10.5634
200 1.28621e-05 0.00296285 700 10.989
200 8.50123e-06 0.00101333 800 11.1421
210 0.00010137 0.00143777 100 7.29927
210 2.47776e-05 0.00176649 200 9.61539
210 4.30011e-05 0.00550432 300 9.80392
210 4.65477e-05 0.00811028 400 10.6101
210 4.23548e-05 0.0102812 500 11.0865
210 2.66453e-05 0.00728338 600 10.6762
210 1.89369e-05 0.00343193 700 11.0759
210 9.41607e-06 0.00123344 800 11.2045
220 6.69499e-05 0.00284587 100 7.57576
220 3.94422e-05 0.00389567 200 9.80392
220 5.28413e-05 0.00868451 300 9.96678
220 6.22216e-05 0.0117787 400 10.7527
220 4.92862e-05 0.0140883 500 11.1607
220 3.40054e-05 0.00950124 600 10.772
220 2.38804e-05 0.0047121 700 11.1643
220 1.55131e-05 0.00184252 800 11.2676
230 7.12625e-05 0.00220796 100 7.8125
230 3.29364e-05 0.00306647 200 10
230 3.44885e-05 0.00688806 300 10.1351
230 5.50817e-05 0.00960262 400 10.8992
230 4.45818e-05 0.0115296 500 11.2108
230 2.84485e-05 0.007264 600 10.8696
230 1.7743e-05 0.00332186 700 11.236
230 1.11044e-05 0.00109279 800 11.3154
240 5.75676e-05 0.0023139 100 8.06452
240 4.53473e-05 0.0042763 200 10.0503
240 5.88201e-05 0.00811458 300 10.274
240 4.51831e-05 0.0107257 400 11.0193
240 4.67742e-05 0.0124452 500 11.1359
240 2.99235e-05 0.00737651 600 10.9489
240 1.35619e-05 0.0034446 700 11.3086
240 9.47523e-06 0.00111585 800 11.3636
250 4.44846e-05 0.00255515 100 8.33333
250 4.28466e-05 0.00402835 200 10
250 4.15281e-05 0.00749934 300 10.4167
250 4.61297e-05 0.00994275 400 11.1421
250 4.42813e-05 0.0111709 500 10.9649
250 3.10851e-05 0.00624738 600 11.0294
250 1.47478e-05 0.00281657 700 11.3636
250 4.6483e-06 0.000877811 800 11.4286
260 6.99114e-05 0.00536285 100 8.62069
260 7.10954e-05 0.00841616 200 9.85222
260 6.61147e-05 0.0123823 300 10.5634
260 5.95537e-05 0.0150105 400 11.2676
260 4.86532e-05 0.015502 500 10.846
260 3.77966e-05 0.00893391 600 11.1317
260 1.84949e-05 0.00444993 700 11.4379
260 1.09864e-05 0.00171902 800 11.4943
270 5.87969e-05 0.00507853 100 8.92857
270 7.08855e-05 0.00766097 200 9.90099
270 6.33731e-05 0.0111502 300 10.7527
270 5.41816e-05 0.0137745 400 11.396
270 3.91485e-05 0.013535 500 10.8696
270 3.24303e-05 0.00757403 600 11.236
270 1.92301e-05 0.00357996 700 11.5132
270 1.40116e-05 0.00135822 800 11.5774
280 6.17633e-05 0.00571962 100 9.43396
280 7.7513e-05 0.00871513 200 10.0503
280 6.33522e-05 0.0120175 300 10.989
280 5.64843e-05 0.0146264 400 11.5942
280 4.14098e-05 0.0137727 500 10.9649
280 3.10532e-05 0.00761951 600 11.3422
280 1.41243e-05 0.0036768 700 11.6086
280 5.32093e-06 0.00138925 800 11.6788
290 6.25306e-05 0.00623498 100 10.101
290 7.72048e-05 0.00941898 200 10.3093
290 6.36651e-05 0.0127765 300 11.236
290 5.77497e-05 0.0151746 400 11.8343
290 4.05956e-05 0.0137874 500 11.0865
290 3.33267e-05 0.00759716 600 11.4943
290 1.91668e-05 0.00371449 700 11.7253
290 1.11713e-05 0.00140612 800 11.782
300 5.48095e-05 0.00622726 100 10.8696
300 7.29983e-05 0.0097961 200 10.6383
300 6.22342e-05 0.0131986 300 11.5385
300 5.77368e-05 0.0155644 400 12.0482
300 3.97768e-05 0.0136725 500 11.236
300 3.05695e-05 0.00745855 600 11.6505
300 1.63441e-05 0.00368527 700 11.8644
300 1.30622e-05 0.00135502 800 11.9048
310 5.41531e-05 0.00609036 100 11.7647
310 7.61163e-05 0.00989863 200 10.989
310 6.20636e-05 0.0131954 300 11.8577
310 5.73093e-05 0.0155103 400 12.3077
310 3.88796e-05 0.0132361 500 11.3895
310 3.01441e-05 0.00711173 600 11.811
310 2.05156e-05 0.0034809 700 11.9863
310 9.93583e-06 0.0011651 800 12.0301
320 7.19285e-05 0.0103022 100 12.5
320 0.000100189 0.0147942 200 11.2994
320 8.00695e-05 0.0180348 300 12.0968
320 6.94e-05 0.0202573 400 12.5
320 4.66926e-05 0.0165446 500 11.5207
320 3.36136e-05 0.0091728 600 11.9284
320 2.57812e-05 0.00466201 700 12.069
320 1.05363e-05 0.0017479 800 12.1212
330 0.000118302 0.0145592 100 13.1579
330 0.000118455 0.0193413 200 11.4943
330 8.26261e-05 0.0221364 300 12.2951
330 7.84138e-05 0.0242962 400 12.6183
330 5.40401e-05 0.0188644 500 11.6279
330 3.69907e-05 0.0105296 600 12.024
330 2.8154e-05 0.00529937 700 12.1107
330 1.53805e-05 0.00203357 800 12.1951
340 0.000131202 0.0150417 100 13.6986
340 0.000116373 0.0199063 200 11.6959
340 8.91056e-05 0.0224187 300 12.3967
340 7.61282e-05 0.0244777 400 12.6582
340 5.31323e-05 0.017644 500 11.6822
340 3.30273e-05 0.00973489 600 12.0724
340 2.70252e-05 0.0046882 700 12.1107
340 1.01766e-05 0.00171833 800 12.2324
350 0.000117391 0.0130254 100 13.6986
350 0.000114228 0.0176029 200 11.7647
350 9.34876e-05 0.0198285 300 12.4481
350 6.70407e-05 0.0215934 400 12.6183
350 4.66824e-05 0.0141154 500 11.7096
350 3.35841e-05 0.00735848 600 12.0724
350 2.21795e-05 0.0032793 700 12.069
350 1.22983e-05 0.000999128 800 12.2324
360 9.46816e-05 0.00986927 100 13.3333
360 8.15965e-05 0.0142345 200 11.8343
360 8.13497e-05 0.0164294 300 12.4481
360 6.10611e-05 0.0176855 400 12.3839
360 3.93186e-05 0.0103766 500 11.7647
360 2.46572e-05 0.0049805 600 12.0724
360 1.35977e-05 0.00194122 700 12.0482
360 4.84452e-06 0.000373755 800 12.2137
370 7.58018e-05 0.00712074 100 12.0482
370 7.54477e-05 0.0115285 200 11.8343
370 6.44303e-05 0.0135833 300 12.5
370 5.83019e-05 0.0140853 400 11.7994
370 3.93186e-05 0.00744229 500 11.7647
370 1.76429e-05 0.00329156 600 12.0724
370 6.31654e-06 0.00111012 700 12.0482
370 4.72777e-06 0.000214591 800 12.0664
380 0.000110702 0.00905391 100 10.8696
380 8.4256e-05 0.0126359 200 11.8343
380 6.74044e-05 0.014863 300 12.4481
380 4.70097e-05 0.0137667 400 11.4286
380 3.63963e-05 0.00708673 500 11.7925
380 1.84682e-05 0.00296967 600 12.0482
380 1.25945e-05 0.000927302 700 12.0482
380 4.27246e-06 0.000223836 800 11.9225
390 0.000100425 0.00937285 100 10.3093
390 7.11373e-05 0.0123164 200 11.8343
390 6.38728e-05 0.0142134 300 12.4481
390 4.25679e-05 0.0118024 400 11.2994
390 2.96209e-05 0.00573122 500 11.7925
390 1.13057e-05 0.00235726 600 12
390 7.57728e-06 0.000580265 700 12.0482
390 4.80592e-06 0.000349311 800 11.8168
400 0.0001339 0.0132624 100 10.101
400 8.02337e-05 0.0155895 200 11.7647
400 7.37842e-05 0.0171207 300 12.3967
400 4.53642e-05 0.012784 400 11.236
400 2.58929e-05 0.00607923 500 11.7647
400 2.15005e-05 0.00248085 600 11.9522
400 4.88281e-06 0.000528616 700 12.0275
400 6.1944e-06 0.000632326 800 11.713
410 0.000121778 0.0124805 100 10
410 7.33648e-05 0.0138615 200 11.7647
410 7.07974e-05 0.0154585 300 12.2951
410 4.54626e-05 0.0103157 400 11.236
410 2.61859e-05 0.00458166 500 11.7647
410 1.39063e-05 0.00155524 600 11.8577
410 5.91887e-06 0.000395286 700 12.0275
410 8.88687e-06 0.000501679 800 11.5774
420 0.000108417 0.0117076 100 10.101
420 9.32874e-05 0.0130529 200 11.7647
420 6.91696e-05 0.0142721 300 12.2449
420 4.26728e-05 0.00842788 400 11.2676
420 2.38411e-05 0.00344383 500 11.7647
420 1.23955e-05 0.00089825 600 11.811
420 4.18527e-06 0.000193618 700 12.0275
430 9.08259e-05 0.0104383 100 10.3093
430 9.20005e-05 0.0116441 200 11.9048
430 6.61748e-05 0.0125568 300 12.0968
430 3.88525e-05 0.00651913 400 11.3314
430 1.92856e-05 0.00228467 500 11.7925
430 6.85722e-06 0.000462117 600 11.811
430 6.87002e-06 0.000277088 700 12.0275
440 0.000100544 0.0100731 100 10.7527
440 7.27939e-05 0.0107402 200 12.1951
440 6.62748e-05 0.0111468 300 11.9048
440 4.33656e-05 0.0052685 400 11.4613
440 1.53479e-05 0.00173027 500 11.8765
440 2.69908e-06 0.00033769 600 11.8812
440 1.17966e-05 0.00031958 700 12.0275
450 6.76584e-05 0.00889329 100 11.3636
450 8.17789e-05 0.00987703 200 12.5
450 6.47175e-05 0.00962105 300 11.6279
450 4.381e-05 0.004293 400 11.6279
450 1.44848e-05 0.00131413 500 12.0192
450 7.27887e-06 0.000269717 600 11.976
450 1.52347e-05 0.000444718 700 12.0482
460 6.85337e-05 0.00785908 100 12.0482
460 7.70116e-05 0.00908621 200 12.9032
460 5.73839e-05 0.00820115 300 11.583
460 3.84864e-05 0.00346363 400 11.7994
460 1.13045e-05 0.000983665 500 12.1359
460 1.02939e-05 0.000216442 600 12.0968
460 1.07838e-05 0.000627206 700 12.0482
470 9.08259e-05 0.00688385 100 12.8205
470 7.53686e-05 0.00832936 200 13.3333
470 5.34396e-05 0.00713207 300 11.583
470 3.75655e-05 0.00278873 400 11.976
470 9.36687e-06 0.000612106 500 12.2549
470 3.81707e-06 0.00026481 600 12.22
470 1.57837e-05 0.000702591 700 12.069
480 8.5135e-05 0.00648542 100 13.3333
480 7.63118e-05 0.0076711 200 13.6054
480 4.99019e-05 0.00584548 300 11.583
480 3.33413e-05 0.00206938 400 12.1212
480 8.89692e-06 0.000461884 500 12.3457
480 9.96701e-06 0.000342896 600 12.3203
480 1.49607e-05 0.000981066 700 12.0482
490 9.22583e-05 0.00614768 100 13.6986
490 7.55266e-05 0.00703271 200 13.7931
490 5.32658e-05 0.00485904 300 11.6279
490 2.84454e-05 0.00136917 400 12.1951
490 7.68947e-06 0.000345337 500 12.3762
490 1.30209e-05 0.000413605 600 12.3711
490 1.95314e-05 0.00115556 700 12.0069
500 9.69214e-05 0.00560104 100 13.8889
500 8.21425e-05 0.00682476 200 13.7931
500 5.51954e-05 0.00429521 300 11.6279
500 3.08577e-05 0.000978278 400 12.2324
500 6.90534e-06 0.000127553 500 12.3457
500 2.2018e-05 0.000508438 600 12.3967
500 2.44243e-05 0.00125374 700 11.925
510 8.70733e-05 0.00504741 100 13.8889
510 7.38507e-05 0.00630448 200 13.6986
510 4.42759e-05 0.00324418 300 11.6279
510 2.43224e-05 0.000496159 400 12.2324
510 8.40071e-06 0.000209765 500 12.2549
510 2.63453e-05 0.000663918 600 12.3967
520 0.000134434 0.00594635 100 13.8889
520 7.56449e-05 0.00695313 200 13.4228
520 4.49882e-05 0.00302865 300 11.6279
520 2.07161e-05 0.000176567 400 12.1951
520 6.55098e-06 0.000520561 500 12.1655
520 1.99839e-05 0.000584896 600 12.3711
530 0.000122947 0.00466297 100 13.6986
530 7.07171e-05 0.00489601 200 12.6582
530 4.44849e-05 0.00160391 300 11.6279
530 2.25087e-05 0.000457221 400 12.1581
530 1.61355e-05 0.00053769 500 12.1065
530 2.45765e-05 0.000954496 600 12.2699
540 9.49331e-05 0.00463738 100 13.6986
540 6.06928e-05 0.00389175 200 11.3636
540 3.65398e-05 0.00101574 300 11.6732
540 1.30336e-05 0.000499889 400 12.1212
540 2.47055e-05 0.000547163 500 12.0773
540 2.19276e-05 0.00145046 600 12.0482
550 8.32948e-05 0.00421859 100 13.6986
550 4.7025e-05 0.00245851 200 10.8696
550 2.65455e-05 0.000463907 300 11.6732
550 1.78574e-05 0.000430244 400 12.0846
550 3.04152e-05 0.000815016 500 12.0773
550 2.34173e-05 0.00229244 600 11.8812
560 7.48523e-05 0.00507114 100 13.6986
560 4.52156e-05 0.00229878 200 10.6952
560 1.65984e-05 0.000372867 300 11.6732
560 2.31934e-05 0.000588362 400 12.0482
560 3.7468e-05 0.00103623 500 12.1065
560 2.1112e-05 0.00230389 600 11.7417
570 8.17053e-05 0.00719053 100 13.5135
570 4.45516e-05 0.00244749 200 10.6383
570 1.58639e-05 0.000529568 300 11.7188
570 1.89897e-05 0.00101932 400 11.976
570 3.4361e-05 0.00163685 500 12.1065
570 3.27251e-05 0.00275816 600 11.6279
580 7.14295e-05 0.00575952 100 13.3333
580 3.95177e-05 0.00140846 200 10.6383
580 2.74772e-05 0.000714313 300 11.6732
580 1.81471e-05 0.00088828 400 11.8694
580 3.4939e-05 0.00193073 500 12.1065
590 3.27549e-05 0.00340875 100 12.987
590 4.24272e-05 0.000424283 200 10.6952
590 2.97457e-05 0.000590539 300 11.6732
590 3.87373e-05 0.00165604 400 11.7647
590 4.07129e-05 0.00393345 500 12.0773
600 4.88281e-06 0.00309066 100 11.7647
600 3.22968e-05 0.00059025 200 10.7527
600 4.10146e-05 0.000967787 300 11.6279
600 5.24344e-05 0.00154802 400 11.6959
600 4.89269e-05 0.00360442 500 11.9904
610 4.14321e-05 0.00137858 100 9.80392
610 2.29024e-05 0.00114767 200 10.7527
610 3.24707e-05 0.00162553 300 11.6279
610 4.8369e-05 0.00110916 400 11.6959
610 3.93065e-05 0.00243842 500 11.7647
620 4.42158e-05 0.000452703 100 8.92857
620 2.39208e-05 0.0015179 200 10.8108
620 3.94004e-05 0.00168314 300 11.583
620 4.47523e-05 0.00155042 400 11.6959
620 3.58285e-05 0.0030646 500 11.5473
630 6.55099e-05 0.00117233 100 8.69565
630 2.60671e-05 0.00189531 200 10.8108
630 4.61222e-05 0.00172812 300 11.5385
630 4.30206e-05 0.00267408 400 11.6959
630 3.64094e-05 0.00442433 500 11.4155
640 6.69499e-05 0.00165715 100 8.69565
640 3.92908e-05 0.00195471 200 10.8696
640 4.9153e-05 0.00194209 300 11.4943
640 6.61005e-05 0.00325068 400 11.7302
640 4.32902e-05 0.00511711 500 11.3122
650 7.59589e-05 0.00239862 100 8.77193
650 5.10951e-05 0.00214982 200 10.929
650 4.7369e-05 0.0021947 300 11.4068
650 5.61933e-05 0.00384481 400 11.7647
650 4.2163e-05 0.00573974 500 11.1857
660 6.09864e-05 0.00316004 100 8.84956
660 4.27073e-05 0.00286659 200 10.989
660 5.71294e-05 0.00264461 300 11.3636
660 5.31822e-05 0.00418391 400 11.7994
670 5.50266e-05 0.00412351 100 9.09091
670 3.44403e-05 0.00360664 200 11.1111
670 5.56019e-05 0.00284353 300 11.3636
670 5.19203e-05 0.00390482 400 11.8694
680 6.55099e-05 0.00340378 100 9.52381
680 6.20044e-05 0.00293261 200 11.3636
680 6.53286e-05 0.00278937 300 11.5385
680 5.81355e-05 0.00468227 400 11.9403
690 6.36642e-05 0.00217571 100 10.101
690 7.1763e-05 0.00218733 200 11.7647
690 6.41418e-05 0.00298211 300 11.7647
690 6.18853e-05 0.0052279 400 12.0846
700 7.56444e-05 0.000878955 100 10.8696
700 6.26737e-05 0.00194559 200 12.1951
700 7.31351e-05 0.00329998 300 12.0968
700 6.60441e-05 0.00564588 400 12.2324
710 6.65928e-05 0.000773692 100 11.6279
710 6.63241e-05 0.00177521 200 12.6582
710 7.65164e-05 0.00287411 300 12.3967
710 5.18341e-05 0.00514815 400 12.3457
720 4.25674e-05 0.00285623 100 12.5
720 6.72611e-05 0.00247109 200 13.0719
720 6.39971e-05 0.00171749 300 12.6582
720 4.29339e-05 0.00333139 400 12.4224
730 2.0716e-05 0.00638776 100 13.3333
730 5.47008e-05 0.00552787 200 13.4228
730 5.49549e-05 0.00330296 300 12.931
730 3.82923e-05 0.0017676 400 12.3839
740 5.0034e-05 0.00658595 100 13.8889
740 6.14734e-05 0.00477943 200 13.6054
740 5.54826e-05 0.0030614 300 13.1004
740 3.73267e-05 0.0021332 400 12.3457
750 5.77743e-05 0.00845191 100 14.0845
750 6.90971e-05 0.00565306 200 13.6054
750 6.25738e-05 0.00391505 300 13.2159
750 3.96498e-05 0.00258231 400 12.2324
760 8.24316e-05 0.00836547 100 14.2857
760 6.86644e-05 0.0055894 200 13.4228
760 6.13337e-05 0.00367714 300 13.2159
760 4.3878e-05 0.00286845 400 12.0482
770 5.16749e-05 0.00732725 100 14.0845
770 6.42238e-05 0.00476903 200 13.0719
770 5.60054e-05 0.00247264 300 13.1579
780 4.88282e-05 0.0069941 100 13.8889
780 6.42238e-05 0.00428019 200 12.8205
780 5.70598e-05 0.00163207 300 13.0435
790 0.000115239 0.00608788 100 13.6986
790 9.54976e-05 0.0036154 200 12.6582
790 7.11707e-05 0.00163981 300 12.7119
800 0.000105406 0.00489845 100 13.3333
800 9.86598e-05 0.00226979 200 12.6582
800 4.98487e-05 0.00249281 300 12.1951
810 9.70444e-05 0.00300744 100 13.1579
810 7.40522e-05 0.00303352 200 12.6582
810 5.5887e-05 0.00471286 300 11.8577
820 8.85665e-05 0.00334039 100 12.8205
820 8.101e-05 0.00257223 200 12.6582
820 6.41418e-05 0.00363646 300 11.6279
830 8.52749e-05 0.00676958 100 12.3457
830 6.07909e-05 0.00433967 200 12.6582
830 4.1719e-05 0.0025297 300 11.3636
840 7.81252e-05 0.00350705 100 12.0482
840 6.17154e-05 0.00159237 200 12.6582
850 9.31585e-05 0.00213591 100 11.7647
850 6.31947e-05 0.0024271 200 12.5786
860 6.83595e-05 0.0056827 100 11.6279
860 5.88985e-05 0.0027049 200 12.2699
870 0.000109728 0.00259321 100 11.7647
870 4.09983e-05 0.00166251 200 11.7647
880 8.22868e-05 0.00276772 100 11.9048
880 4.14322e-05 0.00166362 200 11.3636
890 9.45556e-05 0.00526876 100 12.0482
890 3.29364e-05 0.00316686 200 11.1111
900 0.000168158 0.00197075 100 12.3457
900 7.23833e-05 0.00361268 200 10.989
910 0.000120597 0.00338747 100 12.6582
910 5.80319e-05 0.00302372 200 10.8108
920 0.000115239 0.00453351 100 12.987
930 8.80264e-05 0.00247562 100 13.3333
940 9.63045e-05 0.00189064 100 13.1579
950 3.52105e-05 0.0032763 100 12.0482
960 9.06945e-05 0.00182601 100 10.989
970 6.69499e-05 0.00992961 100 10.2041
980 5.14437e-05 0.0113385 100 9.70874
990 4.85834e-05 0.00534766 100 9.09091
