-5.55112e-17 2.22045e-16 2.32831e-10 0
-0.031067 2.88805 0.00742871 2.86564
-0.0645855 5.73896 0.0169195 5.69948
-0.101303 8.53549 0.0111238 8.4964
-0.142194 11.3395 -0.00631304 11.2539
-0.184906 14.0414 -0.0333927 13.9646
-0.236713 16.7431 -0.0660158 16.664
-0.293743 19.4142 -0.1172 19.3312
-0.351775 22.0379 -0.16939 21.9507
-0.412104 24.6154 -0.241646 24.4898
-0.469077 27.0804 -0.317322 26.9734
-0.537729 29.4547 -0.395514 29.3486
-0.609883 31.7533 -0.493152 31.6589
-0.707028 33.9623 -0.585996 33.8737
-0.822501 36.0857 -0.69663 36.0089
-0.935694 38.1112 -0.808671 38.0266
-1.02297 40.0375 -0.909971 39.9528
-1.10735 41.8909 -0.991645 41.809
-1.15652 43.5924 -1.04625 43.5084
-1.16528 45.1105 -1.06448 45.0475
-1.1397 46.4356 -1.03755 46.3644
-1.07774 47.5673 -0.976455 47.4875
-1.00626 48.4509 -0.906715 48.3994
-0.897746 49.2324 -0.792604 49.1954
-0.757712 49.9861 -0.652411 49.9409
-0.562625 50.7073 -0.444898 50.6796
-0.317219 51.4202 -0.191398 51.4027
0.000273587 52.1298 0.134517 52.1114
0.427978 52.8003 0.577386 52.7941
0.965237 53.4728 1.12018 53.4701
1.65826 54.1534 1.82622 54.1645
2.61268 54.7899 2.76635 54.8272
3.76614 55.3354 3.91435 55.393
5.10372 55.7214 5.24878 55.8263
6.61237 55.9028 6.73936 56.0437
8.20958 55.9714 8.34153 56.133
9.93325 55.9818 10.0662 56.1431
11.755 55.963 11.8566 56.1046
13.6731 55.8833 13.7855 56.0457
15.698 55.779 15.827 55.9674
17.7847 55.6721 17.9134 55.8901
19.9782 55.5903 20.0929 55.8401
22.1671 55.5101 22.2949 55.7927
24.3733 55.4845 24.5167 55.7848
26.5681 55.4726 26.713 55.7864
28.7777 55.5103 28.9406 55.8078
30.9856 55.5486 31.1705 55.8474
33.2074 55.6135 33.4098 55.9255
35.4425 55.7093 35.6862 56.0259
37.7047 55.8266 37.932 56.1532
40.0022 55.9763 40.2317 56.3063
42.3395 56.1413 42.5947 56.4867
44.7137 56.3439 44.961 56.6951
47.1222 56.6053 47.3644 56.9607
49.5407 56.9216 49.7857 57.2789
51.9891 57.2973 52.2274 57.6609
54.3432 57.6985 54.59 58.0614
56.6455 58.1203 56.8684 58.5079
58.876 58.5673 59.1329 58.9743
61.0132 59.0211 61.2788 59.4375
63.0559 59.4684 63.3192 59.895
65.0328 59.9022 65.294 60.3326
66.9221 60.2984 67.2096 60.7464
68.7247 60.6779 69.0056 61.1154
70.45 61.033 70.7249 61.457
72.0865 61.3467 72.3574 61.7539
73.7011 61.657 73.9832 62.0838
75.3352 61.9448 75.6264 62.3875
76.9926 62.2914 77.2842 62.742
78.6926 62.692 78.9972 63.1582
80.4534 63.1799 80.7449 63.6472
82.2658 63.7405 82.5707 64.2105
84.194 64.3998 84.5142 64.8841
86.2244 65.1538 86.4945 65.6265
88.3579 65.9934 88.6129 66.458
90.5024 66.9071 90.7334 67.3627
92.609 67.9037 92.8349 68.3267
94.6331 68.9201 94.8737 69.3109
96.5834 69.913 96.8382 70.2864
98.4351 70.8839 98.7213 71.2436
100.212 71.8162 100.516 72.168
101.906 72.7358 102.231 73.068
103.511 73.6209 103.868 73.9333
105.06 74.4823 105.419 74.7828
106.565 75.3431 106.939 75.6349
108.029 76.2288 108.391 76.5109
109.485 77.1609 109.826 77.4445
111.012 78.1711 111.315 78.4626
112.583 79.2468 112.846 79.5473
114.229 80.4259 114.441 80.7249
115.948 81.7293 116.12 82.02
117.7 83.1511 117.83 83.4313
119.523 84.6852 119.612 84.9422
121.433 86.2927 121.471 86.5294
123.378 87.9782 123.375 88.2078
125.311 89.7536 125.283 89.9773
127.276 91.5969 127.209 91.7965
129.225 93.4639 129.174 93.6748
131.149 95.4032 131.103 95.6008
133.059 97.4193 133.025 97.6202
134.954 99.4886 134.913 99.6749
136.853 101.579 136.818 101.772
138.768 103.701 138.661 103.84
140.669 105.771 140.559 105.949
142.593 107.806 142.46 107.997
144.499 109.784 144.357 109.987
146.448 111.754 146.254 111.933
148.396 113.639 148.185 113.837
150.376 115.438 150.15 115.697
152.404 117.222 152.127 117.531
154.479 118.989 154.153 119.311
156.645 120.725 156.308 121.118
158.906 122.432 158.536 122.882
161.195 124.064 160.76 124.533
163.499 125.602 163.047 126.151
165.801 127.092 165.3 127.66
168.047 128.527 167.516 129.097
170.193 129.882 169.649 130.444
172.32 131.175 171.816 131.761
174.355 132.418 173.83 132.99
176.353 133.631 175.892 134.22
178.294 134.778 177.839 135.394
180.175 135.864 179.742 136.48
181.99 136.891 181.571 137.503
183.747 137.844 183.365 138.464
185.503 138.753 185.137 139.364
187.317 139.65 186.974 140.265
189.198 140.527 188.885 141.136
191.167 141.381 190.848 141.998
193.245 142.204 192.943 142.834
195.46 143.026 195.154 143.673
197.772 143.834 197.482 144.488
200.145 144.607 199.868 145.274
202.692 145.398 202.403 146.056
205.249 146.172 204.962 146.846
207.861 146.926 207.603 147.613
210.549 147.644 210.296 148.332
213.3 148.348 213.088 149.046
216.084 149.049 215.949 149.757
218.86 149.726 218.694 150.43
221.645 150.382 221.54 151.091
224.412 151.022 224.259 151.717
227.168 151.643 227.095 152.342
229.919 152.23 229.913 152.921
232.689 152.786 232.629 153.453
235.449 153.313 235.417 153.971
238.2 153.803 238.17 154.464
240.934 154.256 240.931 154.934
243.669 154.668 243.665 155.333
246.368 155.041 246.41 155.712
249.07 155.358 249.151 156.041
251.726 155.633 251.777 156.32
254.402 155.881 254.462 156.573
257.043 156.09 257.118 156.775
259.66 156.224 259.746 156.901
262.272 156.316 262.365 156.983
264.866 156.357 264.924 157.011
267.459 156.36 267.548 157.007
270.039 156.344 270.142 156.983
272.588 156.33 272.691 156.948
275.056 156.33 275.185 156.928
277.448 156.36 277.604 156.935
279.738 156.43 279.912 156.988
281.938 156.52 282.12 157.049
284.012 156.634 284.216 157.128
285.967 156.762 286.19 157.23
287.811 156.898 288.044 157.342
289.549 157.042 289.769 157.47
291.199 157.18 291.422 157.606
292.76 157.324 292.989 157.742
294.237 157.468 294.48 157.878
295.702 157.617 295.928 158.017
297.209 157.765 297.451 158.159
298.768 157.889 299.021 158.261
300.433 158.017 300.71 158.374
302.189 158.142 302.489 158.479
304.039 158.268 304.364 158.577
305.995 158.406 306.319 158.701
308.049 158.532 308.389 158.798
310.174 158.661 310.537 158.902
312.381 158.771 312.755 158.983
314.676 158.868 315.064 159.048
317.037 158.975 317.439 159.12
319.478 159.097 319.871 159.191
321.983 159.232 322.4 159.297
324.557 159.385 325.02 159.407
327.199 159.562 327.625 159.541
329.888 159.763 330.323 159.7
332.607 159.992 333.034 159.895
335.346 160.242 335.792 160.096
338.088 160.502 338.566 160.315
340.808 160.751 341.326 160.524
343.521 160.989 344.08 160.746
346.224 161.227 346.819 160.965
348.906 161.474 349.49 161.162
351.59 161.718 352.178 161.372
354.273 161.969 354.879 161.601
356.966 162.24 357.557 161.884
359.667 162.55 360.241 162.201
362.376 162.896 362.941 162.561
365.063 163.323 365.655 163.006
367.727 163.851 368.313 163.509
370.349 164.475 370.953 164.081
372.964 165.139 373.587 164.693
375.6 165.827 376.281 165.356
378.23 166.566 378.943 166.055
380.802 167.357 381.574 166.775
383.318 168.172 384.166 167.557
385.808 169.014 386.705 168.335
388.246 169.856 389.203 169.108
390.651 170.695 391.672 169.889
393.015 171.503 394.095 170.639
395.404 172.284 396.532 171.367
397.78 173.064 398.931 172.071
400.205 173.874 401.413 172.825
402.726 174.699 403.944 173.569
405.239 175.53 406.555 174.343
407.81 176.37 409.165 175.101
410.381 177.246 411.795 175.9
412.944 178.092 414.404 176.698
415.502 178.907 416.976 177.483
417.987 179.722 419.499 178.264
420.401 180.499 421.916 178.996
422.724 181.23 424.237 179.688
424.971 181.953 426.51 180.357
427.191 182.655 428.73 181.014
429.365 183.331 430.941 181.651
431.542 184.015 433.133 182.281
433.71 184.706 435.325 182.912
435.894 185.397 437.518 183.547
437.987 186.095 439.655 184.192
439.977 186.775 441.686 184.823
441.889 187.423 443.633 185.432
443.71 188.041 445.47 186.016
445.449 188.641 447.225 186.569
447.056 189.201 448.868 187.107
448.591 189.74 450.431 187.607
450.015 190.249 451.879 188.087
451.353 190.721 453.24 188.532
452.596 191.161 454.51 188.949
453.71 191.55 455.644 189.319
454.731 191.911 456.697 189.653
455.653 192.247 457.646 189.957
456.505 192.534 458.524 190.231
457.319 192.826 459.353 190.487
458.11 193.111 460.152 190.753
458.897 193.411 460.963 191.023
459.698 193.76 461.784 191.337
460.532 194.166 462.628 191.716
461.37 194.632 463.479 192.167
462.159 195.14 464.265 192.661
462.9 195.613 465.011 193.114
463.586 195.962 465.751 193.458
464.354 196.274 466.445 193.731
465.139 196.551 467.242 193.965
465.949 196.8 468.056 194.177
466.714 197.006 468.828 194.365
467.41 197.209 469.523 194.56
468.005 197.427 470.117 194.781
468.491 197.643 470.61 195.012
468.884 197.788 471.004 195.189
469.204 197.984 471.321 195.41
469.473 198.135 471.594 195.597
469.709 198.262 471.82 195.772
469.858 198.4 471.973 195.926
469.985 198.505 472.098 196.035
470.093 198.6 472.223 196.127
