# initialization preprocessing icp loop mapping
0 0.00158207 0.00508503 0 0 0.019648 0.0263176
1 0.000759333 0.00278617 0.0237664 3.2741e-05 0.000530944 0.0278767
2 0.000755416 0.00218374 0.00900395 6.835e-06 0.000553927 0.0125058
3 0.000757135 0.0023462 0.00910584 7.717e-06 0.000602695 0.0128212
4 0.000753489 0.00225126 0.00919554 1.159e-05 0.000620938 0.0128345
5 0.000826609 0.0021741 0.00889655 8.633e-06 0.000634147 0.0125416
6 0.000749708 0.00204149 0.00911509 9.377e-06 0.000660308 0.0125775
7 0.00075142 0.00211098 0.00870337 9.663e-06 0.000679625 0.0122578
8 0.000754616 0.00202413 0.00697561 9.993e-06 0.000710273 0.0104767
9 0.00087603 0.00211885 0.00903593 1.1434e-05 0.0034357 0.0154801
10 0.000793265 0.00301777 0.0134097 1.2238e-05 0.000868266 0.0181038
11 0.000745718 0.00308544 0.013224 1.2852e-05 0.0013201 0.0183894
12 0.000749427 0.00307558 0.0134255 1.2653e-05 0.0142607 0.0315252
13 0.000765668 0.0031126 0.0134261 1.391e-05 0.00772975 0.0250494
14 0.000760426 0.00299958 0.0134942 1.4036e-05 0.00773456 0.0250048
15 0.000757015 0.0031554 0.0135326 1.4015e-05 0.00100176 0.0184636
16 0.000737008 0.00305011 0.0133141 1.5113e-05 0.00144662 0.0185646
17 0.000741868 0.0030903 0.013411 1.6802e-05 0.00145713 0.0187195
18 0.000757668 0.00304 0.0133752 1.6159e-05 0.00131268 0.0185035
19 0.000748373 0.00312721 0.0135707 1.6418e-05 0.00094378 0.0184082
20 0.000759249 0.00308526 0.0133339 1.6362e-05 0.00139003 0.018586
21 0.000751455 0.00311777 0.0140458 1.9308e-05 0.00138181 0.0193199
22 0.000747071 0.00303492 0.0136836 1.8105e-05 0.0014148 0.0189
23 0.000756251 0.00308605 0.0138792 1.8276e-05 0.00101492 0.0187566
24 0.000747482 0.00307201 0.0138025 3.4063e-05 0.00164639 0.0193045
25 0.000750889 0.00314385 0.0135278 3.6006e-05 0.00164822 0.0191079
26 0.00075271 0.003106 0.0140355 2.0296e-05 0.00797958 0.025896
27 0.000819154 0.00307683 0.0139337 2.05e-05 0.00803326 0.0258856
28 0.000750632 0.0030176 0.013949 2.0686e-05 0.00805173 0.025791
29 0.000752527 0.00315422 0.0139688 2.0975e-05 0.00803416 0.0259335
30 0.000766043 0.00301477 0.0141933 2.1157e-05 0.00808147 0.0260784
31 0.000778406 0.0030684 0.0140279 2.0509e-05 0.00139284 0.0192891
32 0.000761382 0.00306738 0.0138224 2.233e-05 0.00138655 0.0190614
33 0.000763535 0.00452651 0.0141537 2.2867e-05 0.00119943 0.0206681
34 0.000753498 0.00301837 0.0141374 2.366e-05 0.00121695 0.019151
35 0.000764559 0.00368866 0.0139523 2.5176e-05 0.00165657 0.0200887
36 0.000812583 0.00359526 0.0140107 2.4921e-05 0.00126343 0.0197082
37 0.00115283 0.00387504 0.0140123 2.539e-05 0.00127352 0.0203411
38 0.00114225 0.00393839 0.0140155 2.6919e-05 0.00196745 0.0210925
39 0.00115042 0.00398855 0.0141903 2.6685e-05 0.0016196 0.0209798
40 0.000758959 0.00370149 0.0139303 2.7839e-05 0.00887046 0.0272919
41 0.000805417 0.0037008 0.0141456 2.7579e-05 0.00836721 0.0270479
42 0.00119358 0.00428876 0.0140229 2.8584e-05 0.00876561 0.0283009
43 0.00146158 0.00365251 0.0140518 2.8487e-05 0.00842574 0.0276214
44 0.000785935 0.00368767 0.0138171 2.8919e-05 0.00882743 0.0271496
45 0.000779332 0.00370672 0.0140691 2.98e-05 0.00208775 0.0206746
46 0.000754719 0.00369471 0.0140138 3.0669e-05 0.00209989 0.0205954
47 0.00078553 0.00371075 0.0140891 3.1105e-05 0.00183069 0.0204491
48 0.00110925 0.00397195 0.0139425 5.2966e-05 0.0018525 0.0209316
49 0.00148635 0.00372336 0.0143376 3.0256e-05 0.00147639 0.0210566
50 0.000778993 0.00363924 0.0143076 3.0223e-05 0.00149273 0.0202508
51 0.000858637 0.00316136 0.0144205 3.2316e-05 0.00149412 0.0199691
52 0.0011355 0.00377416 0.0140801 3.2437e-05 0.00226982 0.0212944
53 0.00081409 0.00376145 0.0146981 3.2802e-05 0.00873566 0.0280446
54 0.000767615 0.00375975 0.0144211 3.3761e-05 0.00862075 0.0276059
55 0.000761802 0.00315282 0.0144688 3.4098e-05 0.00863824 0.0270569
56 0.000771083 0.0030552 0.0144515 3.5012e-05 0.00872661 0.0270406
57 0.000814552 0.0037525 0.0145539 3.4164e-05 0.00880267 0.0279592
58 0.000776327 0.00302539 0.0145161 3.6271e-05 0.0086925 0.0270479
59 0.00081275 0.0039902 0.0145082 3.6747e-05 0.00867987 0.0280302
60 0.00177823 0.00351019 0.0149421 3.6179e-05 0.00207055 0.0223384
61 0.00076337 0.0038308 0.0146489 3.6375e-05 0.00168341 0.0209646
62 0.000812743 0.00364896 0.014949 5.0435e-05 0.00169403 0.021157
63 0.000813849 0.00376688 0.0147235 3.7609e-05 0.00168474 0.021028
64 0.000769863 0.00311193 0.014582 3.9412e-05 0.00169114 0.0201963
65 0.000818298 0.00381152 0.0148291 3.9749e-05 0.00174528 0.0212476
66 0.000809264 0.00368747 0.014823 3.938e-05 0.00887544 0.0282364
67 0.00109004 0.00391855 0.0148194 4.1448e-05 0.00891357 0.0287862
68 0.000756684 0.0037318 0.0149318 4.0556e-05 0.00889865 0.0283611
69 0.000754379 0.00318592 0.0149769 3.9843e-05 0.00896067 0.0279192
70 0.000804298 0.00364992 0.0149809 4.2215e-05 0.00986243 0.029342
71 0.000805799 0.00398777 0.0149314 4.0448e-05 0.00916788 0.0289348
72 0.000818798 0.00373198 0.0148341 7.2023e-05 0.0090849 0.0285431
73 0.000811445 0.00377637 0.0150738 4.3261e-05 0.00897359 0.0286805
74 0.000786369 0.00317849 0.015133 4.3337e-05 0.00899383 0.0281367
75 0.00077805 0.00316603 0.0150085 4.4939e-05 0.00182329 0.0208226
76 0.000778667 0.00302827 0.0149628 4.4931e-05 0.00177216 0.0205882
77 0.000774037 0.00318489 0.0149462 4.5782e-05 0.00176914 0.0207213
78 0.00084768 0.00310927 0.0148965 4.6341e-05 0.00178015 0.0206813
79 0.000782637 0.00318438 0.0150504 4.5425e-05 0.00186173 0.0209262
80 0.000783242 0.00304301 0.0149281 4.4382e-05 0.00180034 0.0206006
81 0.000773512 0.00318375 0.0149349 4.6399e-05 0.00911554 0.0280552
82 0.000834464 0.00307981 0.0148702 4.6385e-05 0.00913939 0.0279718
83 0.000782289 0.00320822 0.0146526 4.7286e-05 0.00980112 0.028493
84 0.00145965 0.00327185 0.0147726 4.8928e-05 0.00913499 0.0286894
85 0.000777836 0.00358111 0.0150499 4.9824e-05 0.010527 0.0299874
86 0.000778514 0.00302753 0.0149401 4.9054e-05 0.00914718 0.0279443
87 0.00107825 0.00416602 0.0148353 5.346e-05 0.0091117 0.0292463
88 0.0011614 0.00382342 0.0154054 4.9678e-05 0.00907479 0.0295164
89 0.000830332 0.00381326 0.0152785 5.1205e-05 0.00237887 0.0223534
90 0.000818071 0.0036689 0.0151011 5.188e-05 0.0019191 0.0215613
91 0.000759574 0.00393007 0.0113566 5.0476e-05 0.0022778 0.0183757
92 0.00116482 0.004128 0.0149277 6.6223e-05 0.00174616 0.0220356
93 0.000794156 0.0038423 0.0149894 5.1317e-05 0.00176454 0.0214454
94 0.00149438 0.0036664 0.0148609 5.319e-05 0.00176905 0.0218457
95 0.000744865 0.00393205 0.0151971 5.3757e-05 0.00178973 0.0217191
96 0.000785316 0.00305994 0.0148992 8.5209e-05 0.00901819 0.0278509
97 0.000812072 0.00382643 0.015029 5.5463e-05 0.00901599 0.0287403
98 0.000828373 0.0036962 0.0151423 6.8972e-05 0.00902968 0.0287672
99 0.00111781 0.00395724 0.0149705 5.6644e-05 0.00911884 0.0292237
100 0.000778025 0.00305733 0.0143406 6.0117e-05 0.0109294 0.0291671
101 0.0007646 0.00315123 0.0152332 5.8233e-05 0.00905991 0.0282687
102 0.000780153 0.00309496 0.0151143 5.7312e-05 0.00920165 0.0282496
103 0.000785104 0.00320334 0.0148048 5.8734e-05 0.00233952 0.0211932
104 0.000795942 0.00305465 0.01521 5.9133e-05 0.00238242 0.0215038
105 0.00076945 0.00320739 0.0150934 5.9404e-05 0.00192363 0.0210551
106 0.000784497 0.00303873 0.0149739 5.9941e-05 0.00171177 0.0205708
107 0.000781672 0.00320803 0.0145839 6.0821e-05 0.00173949 0.0203756
108 0.000822503 0.00305315 0.0147854 6.0718e-05 0.00175081 0.0204743
109 0.000805558 0.00353217 0.014842 6.0882e-05 0.00179069 0.0210334
110 0.000812534 0.00346678 0.0148919 6.3356e-05 0.00178686 0.0210239
111 0.00117887 0.00407503 0.0146186 6.3172e-05 0.00223765 0.0221747
112 0.000779256 0.00377197 0.0148922 7.6727e-05 0.00893755 0.0284598
113 0.0008111 0.00376871 0.0150664 6.3933e-05 0.00906518 0.0287779
114 0.000840298 0.00374224 0.0149135 7.5958e-05 0.00914466 0.0287191
115 0.000795055 0.00320336 0.0139395 7.9388e-05 0.0108855 0.0289054
116 0.000784177 0.00308874 0.015006 7.9037e-05 0.00905993 0.0280195
117 0.000876767 0.00323155 0.0148891 6.6328e-05 0.00906307 0.0281283
118 0.000802817 0.00304654 0.0150212 7.9393e-05 0.00233179 0.0212838
119 0.000795794 0.00323221 0.0150597 6.554e-05 0.00236436 0.0215194
120 0.000785595 0.00309404 0.0150909 6.6558e-05 0.00191784 0.0209571
121 0.000786717 0.00323548 0.014746 6.9098e-05 0.00171586 0.0205556
122 0.000790633 0.0030782 0.0148821 8.0182e-05 0.00171347 0.0205462
123 0.000794866 0.00319113 0.0148865 7.1598e-05 0.0017155 0.0206615
124 0.000855555 0.00304709 0.0150055 8.3545e-05 0.0017666 0.0207613
125 0.00080983 0.00323139 0.0148417 8.468e-05 0.00220573 0.0211757
126 0.000797386 0.00304269 0.0149357 8.3249e-05 0.00907649 0.0279371
127 0.000798539 0.00327603 0.0147083 7.3327e-05 0.00900305 0.0278618
128 0.000778044 0.00310272 0.0147706 7.4508e-05 0.00911819 0.0278458
129 0.000791513 0.00317448 0.015027 8.6726e-05 0.0105328 0.029614
130 0.000789386 0.00311597 0.0147857 7.4456e-05 0.00905964 0.0278273
131 0.000785862 0.00322619 0.0148807 7.5926e-05 0.00900416 0.0279747
132 0.000777145 0.00310688 0.014822 9.4805e-05 0.00905056 0.0278535
133 0.000788944 0.00328553 0.0147402 7.5442e-05 0.002346 0.0212376
134 0.00078634 0.00311233 0.014769 7.7411e-05 0.00189419 0.0206414
135 0.000784608 0.00323098 0.0147587 8.9932e-05 0.00169628 0.0205634
136 0.000790812 0.00311781 0.0150236 0.000109961 0.00171313 0.0207576
137 0.000780603 0.00321973 0.0144281 8.0511e-05 0.00174235 0.020254
138 0.000781338 0.00308387 0.0146538 8.1657e-05 0.00175717 0.0203598
139 0.000839979 0.00322291 0.0149027 7.9555e-05 0.00176267 0.0208091
140 0.000791626 0.00306237 0.0149915 9.3018e-05 0.00221324 0.0211552
141 0.000790527 0.00323829 0.0149894 7.7291e-05 0.00220886 0.0213056
142 0.000794634 0.00312895 0.0149722 9.8189e-05 0.00222735 0.0212235
143 0.000837928 0.00321204 0.0150465 9.369e-05 0.00921633 0.0284085
144 0.000788228 0.00311984 0.0148326 9.4044e-05 0.0107098 0.0295479
145 0.000889473 0.00328443 0.0150627 8.189e-05 0.00906165 0.0283818
146 0.000800029 0.0030867 0.0153422 8.4116e-05 0.00907805 0.0283929
147 0.000790425 0.00321064 0.0151706 8.3117e-05 0.00236578 0.021623
148 0.0007929 0.00311218 0.0152263 8.4558e-05 0.00237855 0.0215962
149 0.000795081 0.00333961 0.0151477 8.2543e-05 0.00192852 0.0213106
150 0.000785659 0.00306136 0.0148255 8.5879e-05 0.00175804 0.0205186
151 0.000796025 0.00322027 0.0147639 8.476e-05 0.0017549 0.0206228
152 0.000800503 0.00305051 0.0148871 9.7197e-05 0.00179183 0.0206288
153 0.000802667 0.0031804 0.0149454 9.8073e-05 0.00180623 0.0208341
154 0.000789414 0.00311806 0.0150316 9.9243e-05 0.00224035 0.0212804
155 0.000793665 0.00321954 0.0148597 0.000106593 0.00223409 0.0212152
156 0.000806494 0.00314453 0.0149014 8.9595e-05 0.00234756 0.0212916
157 0.000794279 0.00322012 0.0151422 8.9645e-05 0.00928285 0.0285303
158 0.000786562 0.00304588 0.0149339 0.000102065 0.0106025 0.0294735
159 0.00093772 0.00318382 0.0150351 8.9782e-05 0.00921435 0.0284624
160 0.000791608 0.00305888 0.0149882 9.0645e-05 0.00905712 0.0279892
161 0.0008011 0.00322928 0.0147909 9.0909e-05 0.00239106 0.0213055
162 0.000793523 0.00305686 0.0150423 0.000104864 0.00240331 0.0214038
163 0.000785336 0.00322373 0.0149073 9.252e-05 0.00193994 0.0209513
164 0.000798712 0.00311077 0.0150015 0.000121162 0.00176121 0.0207947
165 0.000804057 0.00322782 0.0150061 9.577e-05 0.00179732 0.0209331
166 0.000788322 0.00307721 0.0148071 0.000106503 0.00179153 0.0205727
167 0.000801934 0.00323269 0.0147221 9.8739e-05 0.00224833 0.0211055
168 0.000786 0.0030613 0.0151016 0.000108875 0.00224962 0.0213088
169 0.000802269 0.00326171 0.0148362 9.6842e-05 0.00899887 0.0279982
170 0.000794769 0.00306245 0.0151239 0.000111446 0.00913835 0.0282325
171 0.000791991 0.00320596 0.0148271 0.000109983 0.0105751 0.0295131
172 0.000788598 0.00307803 0.0150842 9.8807e-05 0.00912205 0.0281743
173 0.000790512 0.00324138 0.0151093 9.7769e-05 0.00913793 0.0283786
174 0.000780282 0.00305394 0.0150955 0.000101876 0.00237805 0.0214109
175 0.000784646 0.00318405 0.0151786 0.000101926 0.00247763 0.0217288
176 0.000795479 0.00307246 0.015163 0.000113704 0.00196579 0.0211143
177 0.000856319 0.00316285 0.0150032 0.000113893 0.00176388 0.0209027
178 0.000731292 0.00344753 0.016745 0.000140341 0.00270115 0.0237674
179 0.000892151 0.00320207 0.0150367 0.000113479 0.00186172 0.0211083
180 0.000753164 0.00303973 0.0148225 0.000103419 0.00224503 0.020966
181 0.000819253 0.00324806 0.015009 0.000114687 0.00223084 0.0214235
182 0.00113507 0.00217897 0.0111919 0.000135246 0.0100953 0.0247398
183 0.000782461 0.00210496 0.010748 0.000115085 0.0101499 0.0239025
184 0.000878906 0.00208947 0.0113514 0.000115893 0.0113039 0.0257415
185 0.000731699 0.00213341 0.0145958 0.000106323 0.0126961 0.0302654
186 0.000833939 0.00239954 0.0111159 0.000190384 0.00918599 0.0237279
187 0.000831935 0.00237449 0.010744 0.000109746 0.00244109 0.0165031
188 0.0007804 0.00233646 0.0110782 0.000156014 0.00242507 0.0167792
189 0.000731018 0.00210001 0.0111285 0.000192013 0.00200394 0.0161575
190 0.000743146 0.00201041 0.0113178 0.000157676 0.00175466 0.0159853
191 0.000765447 0.00210762 0.0106249 0.000118018 0.00225176 0.0158695
192 0.000797271 0.00212487 0.0105911 0.000108215 0.00228734 0.0159103
193 0.000804631 0.00220214 0.0107311 0.000110117 0.00317681 0.0170269
194 0.000788852 0.00209765 0.0106673 0.00014131 0.00317933 0.0168764
195 0.000784251 0.00215711 0.0106875 0.000179857 0.00988204 0.0236919
196 0.0007882 0.00208084 0.0106831 0.000113446 0.0100508 0.0237185
197 0.000860325 0.0022173 0.0106748 0.000115915 0.0115765 0.0254469
198 0.000782429 0.00208988 0.010748 0.000112473 0.00995904 0.0236943
199 0.000779016 0.00215732 0.0105533 0.000112008 0.00324985 0.0168541
200 0.000778816 0.00210703 0.0108117 0.000119976 0.00325387 0.0170734
201 0.000947281 0.00205344 0.0106428 0.000109877 0.00266669 0.0164224
202 0.000780985 0.00216691 0.0108407 0.000115968 0.00242394 0.0163302
203 0.00122891 0.00235047 0.0104863 0.000112136 0.00223041 0.0164126
204 0.00077507 0.00210449 0.0106026 0.000123253 0.00227636 0.0158842
205 0.000784667 0.0021383 0.0106526 0.000125028 0.00226214 0.0159645
206 0.000782704 0.00209405 0.0105982 0.000121965 0.0031689 0.0167673
207 0.00078003 0.00214655 0.0107043 0.000125408 0.00310263 0.0168605
208 0.000794738 0.00217664 0.0107404 0.000122821 0.00313964 0.0169767
209 0.000910656 0.00221179 0.0107672 0.000118896 0.0100605 0.0240709
210 0.000786108 0.00209539 0.0107811 0.000120637 0.011472 0.0252574
211 0.000786704 0.00215286 0.0107247 0.000123904 0.010057 0.0238484
212 0.000756957 0.00250709 0.011661 0.000117977 0.00233857 0.0173831
213 0.00073746 0.00214149 0.0115817 0.000115121 0.00235292 0.0169298
214 0.00079299 0.00211272 0.0106809 0.000125598 0.00332089 0.0170342
215 0.000783369 0.00219235 0.0109926 0.000183735 0.0021575 0.016312
216 0.000858776 0.00212063 0.0108356 0.000131018 0.00227295 0.0162213
217 0.000788746 0.00220867 0.0106193 0.00015217 0.00197037 0.0157412
218 0.00096709 0.00260039 0.0114479 0.000185125 0.00181178 0.0170143
219 0.000921624 0.0024665 0.010576 0.000186207 0.00228442 0.0164361
220 0.000832067 0.0021864 0.0106827 0.000171089 0.00249483 0.0163683
221 0.000782363 0.00218155 0.0105512 0.000170763 0.0100156 0.023703
222 0.00078386 0.00211047 0.0107482 0.000130616 0.0101008 0.0238762
223 0.000818274 0.00218367 0.0111196 0.00014975 0.0115435 0.0258165
224 0.000782584 0.00211837 0.0108657 0.000148333 0.0105508 0.0244673
225 0.000785097 0.00216298 0.0107935 0.000156697 0.00297434 0.0168742
226 0.000791204 0.00216793 0.0109504 0.000136097 0.00327207 0.0173202
227 0.000773209 0.00216549 0.0110492 0.000175142 0.00299851 0.0171631
228 0.000794313 0.00217165 0.0110614 0.000188006 0.00216852 0.0163857
229 0.000790689 0.0021942 0.0111704 0.000126514 0.00174763 0.0160305
230 0.000864587 0.00212841 0.0107456 0.000142542 0.00224612 0.0161295
231 0.000906176 0.00221205 0.0108471 0.000152331 0.00284681 0.0169663
232 0.000783692 0.00216005 0.0108077 0.000148682 0.00311951 0.0170214
233 0.000783501 0.00220644 0.0111162 0.000148534 0.010154 0.0244112
234 0.00076369 0.00218041 0.0108723 0.000239222 0.00962396 0.0236813
235 0.00149765 0.00254111 0.0112699 0.000142819 0.0111578 0.0266118
236 0.000795226 0.0021548 0.0115332 0.000132082 0.0102835 0.0249004
237 0.000731744 0.00249382 0.0112713 0.000143089 0.00234549 0.0169872
238 0.000792364 0.00217849 0.0106752 0.000163169 0.00301225 0.0168246
239 0.000784873 0.00215868 0.0108864 0.000144327 0.00344011 0.017416
240 0.00077301 0.00219682 0.0110234 0.000137205 0.00191477 0.0160468
241 0.000799891 0.00223237 0.010505 0.000134575 0.00179033 0.015465
242 0.000786286 0.00211812 0.0104352 0.00019696 0.00223961 0.0157773
243 0.000780329 0.00219815 0.0106032 0.000187096 0.00981896 0.0235909
244 0.000779944 0.00212423 0.0106913 0.000154026 0.0096028 0.0233549
245 0.000782214 0.00215797 0.0104318 0.000182645 0.00990198 0.0234582
246 0.000750817 0.00209104 0.0106253 0.000149932 0.0101668 0.0237855
247 0.000824972 0.00226546 0.0107443 0.000144138 0.0114158 0.0253968
248 0.000782645 0.00211628 0.0107423 0.000148032 0.0100262 0.0238168
249 0.000774754 0.00213193 0.0108358 0.00014787 0.00998866 0.0238808
250 0.00078005 0.00212686 0.0106087 0.000224303 0.00294386 0.0166851
251 0.000782345 0.00210479 0.0109038 0.000157051 0.00322336 0.0171733
252 0.000771578 0.00208259 0.0108433 0.000154378 0.00237078 0.0162238
253 0.000789166 0.00225677 0.0105596 0.000152276 0.00219735 0.0159568
254 0.000764539 0.00216287 0.0107342 0.00015609 0.00220832 0.0160284
255 0.000788618 0.00215536 0.0106086 0.000202556 0.0022958 0.0160534
256 0.000779387 0.0021877 0.0108289 0.000175334 0.00310153 0.0170749
257 0.000774551 0.00216277 0.0109184 0.000196914 0.00309584 0.0171506
258 0.000782937 0.00212818 0.010786 0.000202991 0.00990767 0.0238104
259 0.000775473 0.00215882 0.0106866 0.000151376 0.0100671 0.0238407
260 0.000775037 0.00213996 0.0105526 0.000206589 0.0114799 0.0251555
261 0.000782069 0.00215407 0.0105582 0.000277644 0.00961093 0.0233844
262 0.000794464 0.0021258 0.0107506 0.000162065 0.00996411 0.0237983
263 0.000773387 0.00219959 0.0109102 0.000164193 0.00321417 0.0172639
264 0.000784764 0.00210145 0.0108728 0.000169123 0.00327191 0.0172012
265 0.000774049 0.00215737 0.0108992 0.000171742 0.00239448 0.0163988
266 0.000757673 0.00207947 0.0106267 0.000180992 0.00220112 0.01585
267 0.000781715 0.00214275 0.0104808 0.000174934 0.00225823 0.0158404
268 0.000771457 0.00215634 0.0106635 0.00017328 0.00306576 0.0168313
269 0.000765878 0.00213623 0.0107504 0.00019187 0.00280598 0.0166518
270 0.000762001 0.00211977 0.0105609 0.000190422 0.0098166 0.0234514
