# initialization preprocessing icp loop mapping
0 0.00146984 0.00483669 0 0 0.0188253 0.0251344
1 0.00265844 0.0049326 0.0643866 2.8347e-05 0.000538292 0.0725465
2 0.000871537 0.0028846 0.0213794 6.519e-06 0.000580459 0.0257239
3 0.00080638 0.00221595 0.0207851 6.204e-06 0.00061109 0.0244257
4 0.000746945 0.00218211 0.00866734 1.2092e-05 0.000618531 0.0122283
5 0.000742634 0.00210813 0.0208775 7.947e-06 0.000635612 0.0243732
6 0.00096363 0.00206705 0.0208459 9.025e-06 0.000658678 0.0245451
7 0.000707627 0.00217099 0.0212056 9.375e-06 0.000719636 0.0248157
8 0.000756416 0.00204029 0.0210438 1.0065e-05 0.000708401 0.0245603
9 0.000717798 0.00210426 0.0211589 1.0092e-05 0.000736171 0.0247294
10 0.000757022 0.00212126 0.00868718 1.0864e-05 0.00345974 0.0150373
11 0.000788691 0.0031438 0.0190594 1.0795e-05 0.000875642 0.0238795
12 0.000705377 0.00317008 0.0246097 1.169e-05 0.000920671 0.0294195
13 0.000703739 0.00315317 0.0242482 1.2617e-05 0.0144564 0.0425761
14 0.000719287 0.00309444 0.0245495 1.2829e-05 0.00801082 0.0363883
15 0.000708759 0.00319811 0.0249047 1.2675e-05 0.00845309 0.0372796
16 0.000750777 0.00304341 0.0249879 1.2472e-05 0.0014839 0.0302799
17 0.000726077 0.00325778 0.0249814 1.3756e-05 0.00122103 0.0302025
18 0.000735292 0.00320862 0.0252032 1.474e-05 0.00119155 0.0303543
19 0.000653028 0.00311733 0.025229 1.4347e-05 0.00132638 0.0303419
20 0.000745999 0.00311619 0.0250875 1.5096e-05 0.00109638 0.030063
21 0.000811982 0.00364979 0.0252349 1.5372e-05 0.00135112 0.0310646
22 0.000776664 0.00350997 0.0253947 1.6415e-05 0.00112694 0.0308261
23 0.000899816 0.00378003 0.0255201 3.0952e-05 0.00111595 0.0313478
24 0.000761886 0.00317882 0.0251442 1.7327e-05 0.00112545 0.0302297
25 0.00083412 0.00314996 0.02517 1.7693e-05 0.0011504 0.0303235
26 0.000824508 0.00309067 0.0254258 1.8882e-05 0.00135953 0.0307217
27 0.000892468 0.00316297 0.0255034 1.9844e-05 0.00141353 0.0309931
28 0.000792854 0.00305224 0.0253487 1.9264e-05 0.00847948 0.0376942
29 0.000729517 0.00314961 0.025525 3.408e-05 0.00849112 0.0379306
30 0.000715204 0.00306508 0.0255057 1.9492e-05 0.00853265 0.0378397
31 0.000784401 0.00309666 0.0254563 2.0521e-05 0.00846254 0.0378217
32 0.000747207 0.00311955 0.0253075 2.0647e-05 0.00145073 0.030647
33 0.000816583 0.00321148 0.0253832 2.2075e-05 0.00150081 0.0309352
34 0.000724792 0.00308809 0.0255786 2.5157e-05 0.00151037 0.030928
35 0.000731738 0.00312525 0.0254027 2.3155e-05 0.00129266 0.0305774
36 0.00076663 0.00308473 0.025772 2.9569e-05 0.0012595 0.0309141
37 0.000740349 0.00319411 0.0253587 2.4303e-05 0.00132991 0.0306485
38 0.000786721 0.00427823 0.0253594 2.4543e-05 0.00132798 0.0317793
39 0.000899422 0.00321757 0.0255285 2.5817e-05 0.00138941 0.0310631
40 0.000647498 0.00309711 0.025608 2.6283e-05 0.00138082 0.0307606
41 0.000768443 0.00313255 0.0256884 2.8808e-05 0.0013993 0.0310196
42 0.000752652 0.00303684 0.025537 2.9858e-05 0.00141368 0.0307712
43 0.000761238 0.00318142 0.0259304 2.7557e-05 0.00154433 0.0314461
44 0.000748197 0.00305858 0.0259957 2.8496e-05 0.00855104 0.0383835
45 0.000788178 0.00313394 0.0261283 2.7175e-05 0.00877929 0.0388579
46 0.000738742 0.00311916 0.0258886 2.8333e-05 0.00870539 0.0384812
47 0.000812743 0.0031551 0.0262657 2.9299e-05 0.00866646 0.0389306
48 0.000771436 0.0031659 0.0261158 3.0074e-05 0.00877976 0.0388643
49 0.000788536 0.00319589 0.0262245 2.9749e-05 0.00163612 0.0318768
50 0.000734096 0.0030862 0.0262953 3.0978e-05 0.00165634 0.0318038
51 0.00102005 0.0035506 0.0285675 3.0707e-05 0.00168706 0.0348571
52 0.000767991 0.00311029 0.0263077 3.1674e-05 0.00141666 0.0316355
53 0.00077347 0.00330638 0.0263095 3.0765e-05 0.00141687 0.0318384
54 0.00078264 0.00360182 0.0260956 3.1007e-05 0.00147028 0.0319824
55 0.00093636 0.00355536 0.0263027 3.1986e-05 0.00146646 0.0322938
56 0.000764259 0.00307732 0.0262365 3.4738e-05 0.0015458 0.0316595
57 0.000744142 0.00313957 0.0262884 3.3301e-05 0.0015211 0.0317274
58 0.000744042 0.00314571 0.0262991 3.4784e-05 0.00150994 0.0317352
59 0.000887361 0.00313621 0.0262915 3.3742e-05 0.00153677 0.0318867
60 0.000741729 0.00305855 0.0262018 3.5588e-05 0.00200906 0.0320482
61 0.000829912 0.00328921 0.0262799 3.5444e-05 0.00889363 0.0393294
62 0.000775928 0.00311568 0.0264281 3.5118e-05 0.00905597 0.0394126
63 0.00073913 0.00314626 0.0263163 3.6073e-05 0.00877819 0.0390172
64 0.000763816 0.00310265 0.0263486 3.7214e-05 0.00885687 0.0391105
65 0.000727872 0.0031237 0.0262771 3.8278e-05 0.00905392 0.0392222
66 0.000751429 0.00320313 0.0263112 3.8254e-05 0.00892802 0.0392331
67 0.000743734 0.00325077 0.026415 5.164e-05 0.00211963 0.0325821
68 0.0007586 0.00306822 0.026329 3.8284e-05 0.0021313 0.0323273
69 0.000780295 0.00307908 0.0262682 3.8719e-05 0.00167665 0.0318453
70 0.000799514 0.00311694 0.0260401 3.9474e-05 0.00164063 0.0316388
71 0.000742183 0.0032519 0.0260138 4.0837e-05 0.00162737 0.0316772
72 0.000745122 0.00309167 0.0262314 4.1005e-05 0.0017138 0.0318238
73 0.000812595 0.00325713 0.0261343 5.3799e-05 0.00167528 0.0319343
74 0.000735491 0.00306438 0.0255016 5.8061e-05 0.00188454 0.0312448
75 0.00074191 0.00317487 0.0254176 4.3007e-05 0.00182778 0.0312059
76 0.000799372 0.00304815 0.0253873 5.5245e-05 0.00186322 0.0311543
77 0.000745279 0.0031281 0.0252251 4.2955e-05 0.00934044 0.0384844
78 0.000803769 0.00314074 0.0254793 4.3503e-05 0.00925511 0.0387234
79 0.000795675 0.0031826 0.026003 4.3826e-05 0.00930369 0.0393298
80 0.000744543 0.00310077 0.0264562 4.6308e-05 0.00919155 0.0395417
81 0.000743544 0.00321348 0.0267166 4.6708e-05 0.0103068 0.0410285
82 0.000744969 0.0036879 0.0267758 4.6499e-05 0.00947361 0.0407299
83 0.000751158 0.0032925 0.0268376 6.1872e-05 0.00928236 0.0402265
84 0.00085991 0.00315578 0.0266318 4.7188e-05 0.00942053 0.0401173
85 0.000802223 0.00321003 0.0267094 4.8864e-05 0.00288642 0.0336589
86 0.000761056 0.00308202 0.0266686 5.0288e-05 0.00197197 0.032535
87 0.000786096 0.00321455 0.0267003 4.9545e-05 0.00184028 0.0325923
88 0.00075354 0.00310312 0.0267473 5.0378e-05 0.0018749 0.032531
89 0.000742063 0.00319142 0.0268827 4.9426e-05 0.00190791 0.0327744
90 0.000747063 0.00317642 0.0267982 5.0798e-05 0.0019138 0.0326877
91 0.000754327 0.0031416 0.0267564 5.1162e-05 0.00281144 0.0335162
92 0.00079061 0.0030445 0.0267557 5.2794e-05 0.00194507 0.0325915
93 0.000756599 0.00323729 0.02686 6.6006e-05 0.00282273 0.033745
94 0.000769038 0.00310192 0.0269949 5.105e-05 0.00958419 0.0405033
95 0.000807805 0.00326582 0.026953 5.3083e-05 0.00948635 0.0405672
96 0.00107577 0.0045877 0.026822 5.4456e-05 0.0091315 0.0416733
97 0.000854046 0.00365287 0.0269537 5.3654e-05 0.00929977 0.040815
98 0.000736485 0.0030824 0.0269487 8.1194e-05 0.0111354 0.041985
99 0.00077944 0.00382128 0.0269792 5.4802e-05 0.00975986 0.041397
100 0.000829338 0.00309754 0.0267348 5.5919e-05 0.00289929 0.0336195
101 0.000763879 0.00387563 0.0267971 5.5765e-05 0.00293673 0.0344306
102 0.000893629 0.0034974 0.0268044 5.7346e-05 0.00295204 0.0342063
103 0.000733476 0.00388863 0.0267783 5.8289e-05 0.00250064 0.033961
104 0.00112655 0.00388332 0.0265713 5.6635e-05 0.00188169 0.0335214
105 0.000732319 0.00393539 0.0267877 5.9798e-05 0.00188313 0.0333997
106 0.000788017 0.00370707 0.0166024 5.9789e-05 0.00178552 0.0229437
107 0.00124449 0.00399205 0.0268327 7.4749e-05 0.00193637 0.0340815
108 0.000764909 0.00384283 0.0266957 5.9718e-05 0.00194115 0.0333068
109 0.000811849 0.00394822 0.0266971 5.9996e-05 0.00204982 0.0335685
110 0.000750535 0.0038105 0.0267102 6.0027e-05 0.00960725 0.04094
111 0.000744516 0.00319906 0.0269974 6.2373e-05 0.00948088 0.0404854
112 0.00086548 0.00314489 0.0267692 6.4179e-05 0.00958277 0.0404278
113 0.000848261 0.00322256 0.0267934 6.2139e-05 0.00980791 0.0407353
114 0.000791699 0.00303787 0.0267351 6.3411e-05 0.0111976 0.0418269
115 0.000843723 0.00316399 0.0237711 6.4938e-05 0.00969537 0.0375406
116 0.000749341 0.00316443 0.0269188 7.595e-05 0.00989725 0.0408067
117 0.000818106 0.00320856 0.0269322 6.5941e-05 0.00961397 0.0406411
118 0.000705783 0.00314313 0.0269135 6.669e-05 0.00965952 0.0404901
119 0.000880843 0.00313883 0.0269614 6.562e-05 0.00249655 0.0335443
120 0.000725502 0.00308737 0.0265965 6.7831e-05 0.00189931 0.0323786
121 0.000739821 0.00314437 0.0266074 6.6757e-05 0.00230748 0.0328668
122 0.00075689 0.00304453 0.0266065 6.6362e-05 0.00192946 0.0324053
123 0.000722509 0.0031942 0.0267378 8.3902e-05 0.00195229 0.0326919
124 0.000732003 0.00309651 0.0266837 6.8504e-05 0.00199289 0.0325749
125 0.000796444 0.00319674 0.0266534 6.864e-05 0.00199379 0.0327111
126 0.000847936 0.00304794 0.0268121 6.9651e-05 0.00952119 0.0403005
127 0.000848005 0.00319624 0.0268501 8.3773e-05 0.00943881 0.0404187
128 0.000773826 0.00303651 0.0268281 7.2003e-05 0.00924767 0.0399597
129 0.000795098 0.00325644 0.0272069 7.0495e-05 0.00975127 0.0410821
130 0.000745371 0.00313471 0.0270386 7.5872e-05 0.0111205 0.0421171
131 0.000752781 0.0032606 0.0270579 7.1137e-05 0.00977456 0.0409182
132 0.000738938 0.00304921 0.0270547 7.163e-05 0.00968595 0.040602
133 0.000771163 0.00326198 0.0271643 7.2663e-05 0.0104235 0.0416955
134 0.000742231 0.00319969 0.0268372 7.4834e-05 0.00277838 0.0336335
135 0.00074479 0.0032174 0.0225864 7.3066e-05 0.0019866 0.0286105
136 0.000743873 0.00317399 0.025682 7.9109e-05 0.001904 0.031584
137 0.000688804 0.00325221 0.0267412 7.4489e-05 0.00196201 0.0327206
138 0.00073916 0.0030878 0.0268508 9.1506e-05 0.00197306 0.0327437
139 0.000744282 0.00315898 0.0266912 7.4557e-05 0.00197881 0.0326502
140 0.000794109 0.00317612 0.0266998 8.2882e-05 0.00198863 0.0327425
141 0.000741373 0.00321188 0.0267145 7.5847e-05 0.00955264 0.0402981
142 0.000773491 0.00309976 0.0247738 7.5601e-05 0.00950622 0.0382304
143 0.000734683 0.00318173 0.026877 8.0312e-05 0.0097933 0.040668
144 0.000749459 0.00318963 0.0243113 7.9187e-05 0.00957049 0.037901
145 0.00078262 0.00312325 0.0268031 7.7661e-05 0.011256 0.0420438
146 0.000754445 0.00309751 0.0268021 9.4177e-05 0.00962949 0.0403787
147 0.000783508 0.00322647 0.0267652 8.1127e-05 0.00971875 0.040576
148 0.000753031 0.00309317 0.0269501 9.2545e-05 0.00963117 0.040522
149 0.000772762 0.00319374 0.0270398 8.1972e-05 0.00338521 0.0344746
150 0.000744421 0.00313405 0.0268916 0.000112282 0.00258055 0.0334645
151 0.0007507 0.00321652 0.0269888 9.5749e-05 0.00275817 0.0338121
152 0.000980214 0.00313176 0.026762 8.7401e-05 0.00196909 0.0329316
153 0.000733578 0.00331524 0.0268838 0.00011176 0.00238427 0.0334302
154 0.000840693 0.00412408 0.026783 8.6166e-05 0.0019956 0.0338313
155 0.000747092 0.00330675 0.0268138 8.5707e-05 0.00243026 0.0333847
156 0.000745645 0.00310328 0.0267387 8.5098e-05 0.00200884 0.0326826
157 0.000752088 0.00321487 0.026777 8.8439e-05 0.00974196 0.0405759
158 0.000797875 0.00311638 0.0266032 8.7886e-05 0.0095244 0.0401308
159 0.000780989 0.00322319 0.0265887 9.0392e-05 0.00961433 0.0402996
160 0.000765716 0.00313691 0.0266448 9.3518e-05 0.00969556 0.0403375
161 0.000743111 0.00320599 0.0266997 8.7092e-05 0.0113825 0.0421197
162 0.000816265 0.00310229 0.0266807 8.8733e-05 0.00986929 0.0405582
163 0.000780073 0.00324647 0.0266912 9.2364e-05 0.00932114 0.0401322
164 0.000711502 0.0032284 0.0269356 0.000104144 0.00983158 0.0408131
165 0.000699326 0.00321462 0.026797 8.3857e-05 0.00308973 0.033886
166 0.000710268 0.00312672 0.0268764 8.4727e-05 0.00250117 0.0333003
167 0.000732219 0.00319957 0.0269257 8.8167e-05 0.00189126 0.0328379
168 0.000761326 0.0030959 0.0266213 8.4828e-05 0.00178587 0.03235
169 0.000729469 0.00320548 0.0265275 8.6618e-05 0.00198973 0.0325398
170 0.000751201 0.00308608 0.0263857 8.5619e-05 0.00193663 0.0322462
171 0.000740045 0.00317777 0.0263972 8.5962e-05 0.00194971 0.0323526
172 0.00072597 0.00320286 0.0270679 8.8799e-05 0.00198125 0.0330676
173 0.00067881 0.00316274 0.0266207 8.833e-05 0.00279815 0.0333501
174 0.000774577 0.00311812 0.0265803 9.1184e-05 0.00947645 0.0400418
175 0.00073987 0.00325733 0.0267677 9.1453e-05 0.00976393 0.0406213
176 0.000830933 0.00304448 0.0268041 0.000104737 0.00968902 0.0404757
177 0.000767692 0.0033297 0.026927 0.000103989 0.00990809 0.0410374
178 0.000733512 0.00327758 0.0272202 9.3521e-05 0.0114354 0.0427622
179 0.000727329 0.00321362 0.0272208 9.15e-05 0.00961257 0.0408668
180 0.000750355 0.00323589 0.027122 0.000114775 0.00975579 0.0409813
181 0.000717284 0.00323836 0.0271137 9.3398e-05 0.00302224 0.0341865
182 0.000732059 0.00312457 0.0272524 9.4586e-05 0.00300742 0.0342125
183 0.000747018 0.0032822 0.0270124 9.5875e-05 0.00259496 0.0337337
184 0.000731604 0.00309356 0.026803 0.000111027 0.00273983 0.03348
185 0.000795414 0.00319359 0.0266214 9.8094e-05 0.0019645 0.0326739
186 0.000732057 0.00321035 0.0268629 0.000101399 0.00195461 0.0328636
187 0.000734085 0.00324273 0.0268167 0.000129091 0.00197279 0.0328963
188 0.000778379 0.00315439 0.0271518 0.000126777 0.0024989 0.0337123
189 0.00073764 0.00332773 0.0269616 0.000112454 0.0024037 0.0335447
190 0.00072893 0.00312178 0.0268456 0.000116975 0.00202481 0.0328391
191 0.000731433 0.00328165 0.02693 0.000144967 0.00244972 0.0335388
192 0.000734847 0.00319836 0.0267956 0.000115186 0.0024536 0.0332996
193 0.000780342 0.00320825 0.0267572 0.000103417 0.00252812 0.0333783
194 0.000861593 0.00315611 0.0270594 0.000104406 0.0024462 0.0336288
195 0.000747804 0.00334267 0.0269396 0.000116777 0.00292048 0.0340688
196 0.000726639 0.00307893 0.0269967 0.0001094 0.00978619 0.0406989
197 0.00073968 0.00326064 0.0270934 0.000104995 0.00975662 0.0409564
198 0.000765022 0.00317116 0.0270367 0.00010522 0.00981124 0.0408905
199 0.000767013 0.00330067 0.0272044 0.000107254 0.0113034 0.0426844
200 0.000735038 0.00316189 0.0270839 0.000107703 0.00969634 0.0407873
201 0.000833255 0.00319608 0.0271276 0.000104808 0.00923664 0.0404998
202 0.00076553 0.0031045 0.0269794 0.000109667 0.00977855 0.0407385
203 0.000740491 0.00323458 0.0270923 0.000112454 0.00301234 0.034193
204 0.000735607 0.00314016 0.0269061 0.000112592 0.00250538 0.0334011
205 0.000726045 0.00323125 0.0267185 0.000118615 0.00176175 0.0325576
206 0.000963197 0.00311796 0.026835 0.000116848 0.0019115 0.0329453
207 0.000738768 0.00362777 0.0271285 0.000114668 0.00306961 0.0346813
208 0.000731887 0.00327402 0.0267747 0.00011181 0.00193418 0.0328275
209 0.000874599 0.00328805 0.027145 0.000111763 0.00233308 0.0337534
210 0.000764636 0.00318662 0.0271704 0.000174135 0.00233532 0.0336325
211 0.000784951 0.00326461 0.0271457 0.000113951 0.00241169 0.0337224
212 0.000795387 0.00322177 0.0269404 0.00012584 0.00278848 0.0338729
213 0.000797509 0.00322883 0.0270812 0.000115896 0.00239312 0.0336184
214 0.000734797 0.00322826 0.0269896 0.000114249 0.00236055 0.0334285
215 0.000811375 0.00321209 0.0266929 0.000115989 0.00198826 0.032822
216 0.000743685 0.00317341 0.0269688 0.00013124 0.00238019 0.0333987
217 0.000772242 0.00321837 0.0267667 0.000117223 0.00254014 0.0334159
218 0.000745303 0.00315585 0.0269509 0.000132528 0.00285769 0.0338446
219 0.000820035 0.00314502 0.012278 0.000127514 0.00225423 0.0186257
220 0.000737699 0.00320397 0.0268423 0.000148553 0.00241774 0.0333512
221 0.000747284 0.00330053 0.0268541 0.000149117 0.00253844 0.0335919
222 0.000772796 0.00314868 0.0268448 0.000164535 0.00286137 0.0337932
223 0.000729893 0.00327398 0.0262447 0.000125942 0.00243776 0.032815
224 0.000778646 0.00308813 0.0260949 0.000127987 0.00924379 0.0393349
225 0.000750569 0.00322905 0.0252928 0.000141321 0.0094842 0.0388993
226 0.000752457 0.00310616 0.0255533 0.000148775 0.0116864 0.0412481
227 0.000725393 0.00314873 0.02538 0.000125966 0.011243 0.0406242
228 0.000742818 0.00315693 0.0256256 0.000136546 0.00953753 0.0392008
229 0.000761749 0.00322455 0.0260184 0.000128809 0.00937694 0.0395114
230 0.000714155 0.00306301 0.0260572 0.000127117 0.00943448 0.0393969
231 0.000739631 0.00316367 0.0261207 0.000131334 0.00251626 0.0326727
232 0.000723211 0.00308324 0.0263335 0.000129205 0.00214957 0.0324199
233 0.000785926 0.00322941 0.0261881 0.000126528 0.00174401 0.0320764
234 0.000723066 0.00309419 0.0261595 0.000131511 0.0017511 0.0318603
235 0.000735758 0.00310944 0.026229 0.000133594 0.0018781 0.032087
236 0.000741227 0.00308554 0.0266323 0.000128747 0.00192407 0.0325133
237 0.000747334 0.00341539 0.0267154 0.000131406 0.00203451 0.0330466
238 0.000776915 0.00327511 0.0284416 0.000137714 0.00235677 0.0349896
239 0.00073009 0.00327554 0.0269933 0.00013076 0.0023796 0.0335104
240 0.000735017 0.00319609 0.0267673 0.000145104 0.00240232 0.0332471
241 0.00175292 0.00349093 0.0267593 0.000132548 0.00304693 0.035184
242 0.00125029 0.00371161 0.0268126 0.000148973 0.00239547 0.0343214
243 0.000923891 0.00381505 0.0268086 0.000138914 0.00206352 0.0337519
244 0.0015742 0.00369666 0.026814 0.000162172 0.00252526 0.0347741
245 0.000837164 0.00378271 0.0267993 0.00020949 0.00213001 0.0337599
246 0.00113111 0.00394661 0.0270053 0.000139515 0.0024572 0.0346815
247 0.000781561 0.00329277 0.0268358 0.000152295 0.00262259 0.0336872
248 0.000818389 0.00310442 0.0270094 0.000140517 0.00971563 0.0407895
249 0.000771663 0.00328016 0.0269644 0.000137252 0.00968392 0.0408383
250 0.000737502 0.00324791 0.0270002 0.000139703 0.00971466 0.0408413
251 0.000753515 0.00316145 0.0271066 0.000136796 0.0113325 0.0424924
252 0.000821007 0.00319744 0.0272158 0.000136855 0.00967308 0.0410462
253 0.000735158 0.00371655 0.0270426 0.00013896 0.00982582 0.0414601
254 0.000742451 0.00315042 0.0271144 0.000141871 0.00305123 0.0342015
255 0.000778759 0.00325605 0.026918 0.000159041 0.00301885 0.0341332
256 0.000735483 0.00311456 0.0270577 0.000143444 0.0025408 0.0335941
257 0.000754216 0.00313617 0.0267411 0.000147285 0.00195617 0.0327359
258 0.000743238 0.0031123 0.0269739 0.000148939 0.00204453 0.0330238
259 0.000749334 0.00327955 0.0267468 0.000145495 0.00197604 0.0328981
260 0.000742949 0.0031325 0.0270609 0.000144998 0.00236516 0.0334484
261 0.000859957 0.00326512 0.0267621 0.000172294 0.0023554 0.0334163
262 0.000729423 0.00309042 0.0269837 0.000159022 0.0028266 0.0337916
263 0.000744106 0.00318413 0.0270782 0.00016257 0.00199021 0.0331601
264 0.000701494 0.00311352 0.026975 0.000150454 0.0023887 0.0333301
265 0.000770847 0.00319163 0.0267106 0.000147532 0.00213458 0.0329576
266 0.00079373 0.00311984 0.0267806 0.000195628 0.00250302 0.0333936
267 0.000795011 0.00318178 0.0268625 0.000155998 0.00243333 0.0334296
268 0.000755313 0.00316676 0.0267283 0.000152953 0.00204957 0.032855
269 0.000748142 0.00318127 0.026696 0.00015289 0.00205391 0.0328331
270 0.000910106 0.00309239 0.0268633 0.000180791 0.00251444 0.0335629
271 0.000744034 0.00315607 0.0268119 0.000181561 0.00253926 0.0334338
272 0.000758517 0.00311362 0.026893 0.000169234 0.00248676 0.0334226
273 0.000742435 0.00331269 0.0268497 0.000184258 0.00301181 0.0341021
274 0.000766531 0.00310098 0.0270093 0.000156431 0.00971387 0.0407485
275 0.000765905 0.00328195 0.0267324 0.000156809 0.00971937 0.0406573
276 0.000744001 0.00320381 0.02695 0.00017235 0.0098478 0.0409196
277 0.000783203 0.00317454 0.0282214 0.000175036 0.0107953 0.0431518
278 0.000758277 0.00313511 0.0272351 0.000161293 0.00993204 0.041223
279 0.000730355 0.00327107 0.0269243 0.000163406 0.011421 0.0425122
280 0.000749475 0.00310654 0.0272708 0.000149513 0.00968365 0.0409611
281 0.000764017 0.0031937 0.0273135 0.000151634 0.00304276 0.034468
282 0.000734438 0.00319351 0.0274562 0.000160322 0.00221678 0.0337624
283 0.00073345 0.00319706 0.0268893 0.000187538 0.00236411 0.0333729
284 0.000743322 0.00319703 0.027146 0.000151913 0.00237859 0.0336181
285 0.000734831 0.00318685 0.0271499 0.000157189 0.00243783 0.0336676
286 0.000731778 0.00314494 0.0140135 0.00016132 0.00183517 0.0198876
287 0.000804691 0.00320697 0.0271588 0.000161315 0.00242641 0.0337593
288 0.000861004 0.00314676 0.0271425 0.000158649 0.00241908 0.0337295
289 0.000727142 0.00325709 0.0271953 0.000158365 0.00254609 0.0338849
290 0.000802871 0.00309409 0.015589 0.000159761 0.00187547 0.0215222
291 0.00075292 0.00319118 0.0271862 0.000161136 0.00242324 0.033716
292 0.000737318 0.00312026 0.0273575 0.000163761 0.00245455 0.0338354
293 0.00086338 0.00319249 0.0182881 0.00016251 0.00190618 0.0244135
294 0.000761737 0.00315671 0.0272084 0.000158527 0.00205604 0.0333424
295 0.00073321 0.00322783 0.0240359 0.000158431 0.00205185 0.0302083
296 0.000741675 0.0031456 0.0273241 0.000162921 0.00231554 0.0336918
297 0.000940225 0.00322152 0.0274183 0.000164848 0.00263036 0.0343763
298 0.000817291 0.00310528 0.0272381 0.000162093 0.00246346 0.0337871
299 0.000742342 0.00313117 0.0272762 0.000165022 0.00248321 0.0337993
300 0.000737132 0.00323706 0.0229365 0.000162717 0.00196586 0.0290402
301 0.000814697 0.00316253 0.0273246 0.000163727 0.00259003 0.0340575
302 0.000766413 0.00327682 0.0270784 0.000166261 0.00251669 0.0338057
303 0.000890699 0.00320544 0.0142384 0.000170135 0.00198192 0.0204878
304 0.000795178 0.00342192 0.0162672 0.000168848 0.00208138 0.0227362
305 0.000738155 0.00324885 0.0272471 0.000170525 0.00255553 0.0339613
306 0.000794288 0.00318542 0.0126142 0.000190979 0.00224573 0.0190317
307 0.000718892 0.00315575 0.0208324 0.000169604 0.00200172 0.0268807
308 0.00074568 0.00309274 0.0232038 0.000169676 0.00203789 0.0292517
309 0.000731362 0.0032672 0.0272505 0.000177776 0.00259194 0.03402
310 0.000724393 0.00325318 0.0188943 0.000179567 0.00201712 0.0250696
311 0.000728343 0.00315183 0.0153429 0.00017472 0.00213464 0.0215333
312 0.000721134 0.00340752 0.0273889 0.000189104 0.0023429 0.0340504
313 0.00072325 0.00318666 0.0134604 0.00017634 0.00206158 0.0196092
314 0.000732089 0.0032789 0.0274983 0.000179093 0.00234149 0.0340313
315 0.000718516 0.00321805 0.0276207 0.000178389 0.00235591 0.0340929
316 0.000711969 0.00311961 0.0276868 0.000177807 0.00287869 0.0345757
317 0.000707717 0.00313833 0.0275 0.000181374 0.00291618 0.0344455
318 0.000740197 0.00312803 0.0186539 0.000177909 0.00255322 0.0252541
319 0.000700623 0.00315522 0.0203089 0.00018984 0.00254403 0.0268996
320 0.000698465 0.00311398 0.0275683 0.000177019 0.0100141 0.0415729
321 0.000729346 0.00311695 0.0191651 0.000181994 0.00935505 0.0325503
322 0.000695153 0.00312182 0.0276027 0.000177798 0.00288554 0.034484
323 0.000701482 0.00322839 0.0276116 0.00018184 0.00282264 0.0345468
324 0.000732149 0.00309977 0.0276902 0.000195449 0.00295302 0.0346725
325 0.000710222 0.00317114 0.0275983 0.000209427 0.0024062 0.0340964
326 0.000738434 0.00312406 0.0275864 0.000181078 0.00245247 0.0340839
327 0.000711652 0.00315235 0.0279518 0.000193082 0.00239998 0.0344099
328 0.000724681 0.00316899 0.0276425 0.000185428 0.00248085 0.0342034
329 0.000742732 0.00313578 0.0277774 0.000186539 0.00242798 0.0342715
330 0.000713893 0.00314573 0.0276768 0.000185303 0.00885718 0.0405799
331 0.000641325 0.00312672 0.0283393 0.000194209 0.00314955 0.0354518
332 0.000770514 0.00320226 0.0283929 0.000197127 0.00315805 0.0357218
333 0.000742509 0.00322159 0.0288761 0.000212576 0.00310222 0.0361562
334 0.000733761 0.00312424 0.0279849 0.000249832 0.00979712 0.0418911
335 0.000759948 0.00325997 0.028415 0.000196229 0.0100003 0.0426323
336 0.000739921 0.00323196 0.028471 0.000194459 0.00997817 0.0426163
337 0.000774535 0.00318 0.0281634 0.000214506 0.00326259 0.035596
338 0.000748909 0.00313408 0.028195 0.000209791 0.00331671 0.0356058
339 0.000814723 0.00321349 0.0285788 0.000201402 0.00272267 0.0355319
340 0.000744009 0.00323109 0.0283033 0.000195154 0.00272901 0.0352034
341 0.000753942 0.00314746 0.0284787 0.000200934 0.0027024 0.035285
342 0.00080218 0.00320919 0.028634 0.000210165 0.00261729 0.0354739
343 0.000805055 0.0032357 0.0286133 0.000204354 0.00264994 0.0355098
344 0.000780004 0.00315299 0.0285025 0.000206793 0.00276473 0.0354079
345 0.000748611 0.00319045 0.0287033 0.000208115 0.00266526 0.0355166
346 0.000744353 0.003126 0.0288826 0.000215339 0.00267352 0.0356428
347 0.000780088 0.00312208 0.0291899 0.000232388 0.00589584 0.0392217
348 0.000790382 0.00317984 0.0292932 0.000204012 0.00356778 0.0370372
349 0.000886271 0.00315014 0.0291488 0.00019897 0.00357576 0.0369614
350 0.000787428 0.00315588 0.0294137 0.000201098 0.0102685 0.0438275
351 0.000777211 0.00316275 0.0294168 0.000201199 0.0103538 0.0439126
352 0.000743211 0.0031339 0.0296462 0.000232841 0.010395 0.0441525
353 0.000793543 0.00323045 0.0295824 0.000205332 0.0105285 0.0443411
354 0.000741191 0.00316189 0.029478 0.00020557 0.0104373 0.0440259
355 0.000755618 0.00319312 0.0294703 0.000204488 0.0103034 0.0439284
356 0.000881674 0.00314322 0.0296251 0.000228384 0.00293667 0.0368171
357 0.000729816 0.00315419 0.0294964 0.000210048 0.00297771 0.0365706
358 0.000727313 0.00322053 0.0297603 0.000207646 0.00294396 0.0368609
359 0.000965213 0.00362097 0.0294356 0.000204521 0.00305537 0.0372834
360 0.000749329 0.00317442 0.029322 0.000205511 0.00298247 0.0364351
361 0.00083016 0.00320621 0.0295476 0.000207524 0.00298783 0.0367811
362 0.000766903 0.00314085 0.0296405 0.000222887 0.00642376 0.0401959
363 0.000796658 0.00327651 0.0301412 0.000205038 0.00406342 0.0384849
364 0.000730627 0.00315125 0.0296292 0.000235703 0.00409164 0.0378394
365 0.000735924 0.00328341 0.0301879 0.000209413 0.0107257 0.0451443
366 0.00075438 0.0031255 0.0301558 0.000212055 0.0106852 0.044934
367 0.000725507 0.00317431 0.0301279 0.000240985 0.0108016 0.0450714
368 0.000732466 0.00311889 0.0299683 0.000210321 0.0108459 0.0448784
369 0.000784258 0.003077 0.0303535 0.000213317 0.010878 0.0453071
370 0.000743241 0.00312879 0.0302253 0.000213284 0.0108897 0.0452016
371 0.000742965 0.00315814 0.0303334 0.000214136 0.00335802 0.0378081
372 0.000786095 0.00307299 0.0303284 0.000214379 0.00341013 0.0378131
373 0.000721051 0.00315668 0.0302461 0.000215612 0.00333944 0.0376804
374 0.000777984 0.00309295 0.0306834 0.000215776 0.00335374 0.038125
375 0.000886173 0.00315975 0.0306258 0.000214193 0.00344065 0.0383275
376 0.000845534 0.00306752 0.0305956 0.0536189 0.00810491 0.0962345
377 0.000742398 0.00316132 0.0311207 0.0530377 0.00454726 0.0926103
378 0.00086225 0.00307029 0.0307696 0.0537403 0.00470312 0.0931479
379 0.000740034 0.0031559 0.0309863 0.0539248 0.0120988 0.100908
380 0.000743109 0.00312779 0.0312426 0.0538833 0.0122288 0.101228
381 0.000805827 0.00314776 0.0311842 0.0538619 0.0120781 0.101079
382 0.000747785 0.00309973 0.0310086 0.0546309 0.0120904 0.101579
383 0.000917522 0.00314936 0.0310233 0.054745 0.01221 0.102046
384 0.00075323 0.00308156 0.0309865 0.0541423 0.0133326 0.102297
385 0.000744129 0.00328819 0.0312947 0.0547045 0.00417938 0.094212
386 0.000761665 0.0034094 0.0310706 0.0562112 0.00410802 0.0955619
387 0.00073165 0.00320379 0.0313482 0.0563583 0.00403386 0.0956768
388 0.00076096 0.00316055 0.0310989 0.0730956 0.00366887 0.111786
389 0.000777393 0.00357744 0.0309246 0.0571038 0.0040977 0.0964825
390 0.000715012 0.00309337 0.0310549 0.0742346 0.00737304 0.116472
391 0.000768275 0.003161 0.0309473 0.0727346 0.00495449 0.112567
392 0.000728476 0.00313341 0.0308913 0.0739245 0.0049758 0.113655
393 0.000776886 0.00330722 0.0313143 0.0737306 0.0117349 0.120865
394 0.000741739 0.00317753 0.0313676 0.0696509 0.0130746 0.118014
395 0.000897532 0.00320916 0.0312828 0.0529588 0.0144571 0.102807
396 0.000717645 0.00317177 0.0313532 0.0520112 0.0122788 0.0995335
397 0.000738332 0.00323815 0.0312993 0.0525941 0.0120765 0.0999473
398 0.000743862 0.00326468 0.0313125 0.0569541 0.0120047 0.104281
399 0.000737288 0.00317519 0.0315013 0.0742913 0.00399216 0.113698
400 0.000745706 0.00315663 0.030739 0.0739408 0.00361005 0.112193
401 0.000738937 0.00320005 0.0305678 0.0723318 0.00359576 0.110435
402 0.000799206 0.00314884 0.0305326 0.0706866 0.00359399 0.108763
403 0.000753971 0.00323189 0.0305975 0.0726321 0.003679 0.110896
404 0.000742987 0.00320024 0.0308402 0.0192263 0.00739731 0.061408
405 0.000735055 0.00328417 0.031323 0.0159009 0.00485287 0.0560979
406 0.000745007 0.00322208 0.0310032 0.0166101 0.00486548 0.0564478
407 0.000753645 0.00324192 0.0310146 0.016937 0.0118459 0.0637941
408 0.000753271 0.00318623 0.0313416 0.0747835 0.0136516 0.123717
409 0.000750521 0.00326016 0.0313172 0.0732354 0.0134703 0.122035
410 0.000747627 0.00309804 0.0314848 0.0737676 0.0116056 0.120706
411 0.000741615 0.00318967 0.0313172 0.0740072 0.011742 0.120999
412 0.000755241 0.00319783 0.0313403 0.0729891 0.0115714 0.119855
413 0.000797949 0.0032803 0.0313137 0.0757898 0.00388899 0.115072
414 0.000874683 0.00325275 0.0306663 0.0750079 0.00348704 0.11329
415 0.000726393 0.00319523 0.0308892 0.0746156 0.0035019 0.112929
416 0.000732729 0.00316922 0.0304237 0.0732813 0.00358794 0.111196
417 0.000748791 0.00318468 0.0303644 0.0734459 0.00352412 0.111269
418 0.000855923 0.00312863 0.0303939 0.0746144 0.00664998 0.115644
419 0.000811247 0.00319989 0.0304383 0.07488 0.0047047 0.114035
420 0.000735086 0.00312801 0.0305269 0.0755371 0.0115101 0.121439
421 0.000739073 0.00318026 0.03096 0.0730583 0.011493 0.119432
422 0.000735442 0.00313453 0.0311294 0.0734207 0.0130733 0.121494
423 0.000763993 0.00324061 0.0309039 0.0729811 0.0128643 0.120755
424 0.000730093 0.0031159 0.0308936 0.0761507 0.0115563 0.122447
425 0.00078285 0.00322552 0.0320317 0.0765626 0.0115245 0.124128
426 0.000803736 0.00314133 0.0311765 0.0761002 0.0114781 0.122701
427 0.000733394 0.00316141 0.0311148 0.0767218 0.00381757 0.11555
428 0.000766128 0.00315281 0.0304942 0.0761212 0.00345207 0.113987
429 0.00075206 0.00319589 0.0307339 0.0757247 0.00347744 0.113886
430 0.000747663 0.00316498 0.0307539 0.0755323 0.00350077 0.113701
431 0.000747267 0.00312896 0.0307729 0.0756387 0.00348596 0.113776
432 0.000784009 0.00311285 0.0306976 0.0751881 0.00348432 0.113268
433 0.000856645 0.00321436 0.0309556 0.0758028 0.00348945 0.11432
434 0.000773962 0.00312828 0.0306388 0.075441 0.00351688 0.1135
435 0.000750213 0.00318217 0.0309452 0.0762476 0.00353273 0.11466
436 0.000804582 0.00322255 0.0309508 0.0736623 0.00718989 0.115831
437 0.000772824 0.00316418 0.0311134 0.0726539 0.00475466 0.112461
438 0.000733376 0.00316658 0.0310925 0.071817 0.0115063 0.118317
439 0.0007448 0.00312537 0.0313472 0.0735434 0.0132728 0.122036
440 0.000737947 0.00315739 0.0314091 0.0605375 0.0129333 0.108776
441 0.000712448 0.00320433 0.031213 0.0760767 0.0131407 0.124348
442 0.000798205 0.00316968 0.0312924 0.0754975 0.0125493 0.123308
443 0.0007548 0.00326949 0.0312683 0.0762821 0.0115647 0.12314
444 0.000830585 0.00318309 0.0312256 0.0762047 0.0115754 0.123022
445 0.00079033 0.00363887 0.0314683 0.0763012 0.0037981 0.115999
446 0.000771487 0.00310866 0.03077 0.0753265 0.00344138 0.113419
447 0.000756646 0.00317743 0.0308629 0.0752265 0.0034628 0.113488
448 0.000747826 0.00317307 0.0308412 0.0749385 0.00345625 0.113158
449 0.000777135 0.00315709 0.0310289 0.0757186 0.00349745 0.114181
450 0.000927472 0.00359342 0.0307716 0.0756427 0.00347833 0.114415
451 0.00081705 0.00355487 0.0306316 0.0762283 0.00349581 0.114729
452 0.000889519 0.00399862 0.0309937 0.0762096 0.00351397 0.115607
453 0.00199631 0.00376549 0.030817 0.0762351 0.00350812 0.116324
454 0.000772934 0.00394741 0.0309759 0.0759948 0.00351773 0.11521
455 0.000813332 0.0032267 0.0310001 0.076181 0.00351294 0.114735
456 0.00076282 0.00318401 0.023628 0.0769721 0.00358263 0.108131
457 0.000774673 0.00316701 0.0310622 0.0759852 0.00350943 0.114501
458 0.000747049 0.00337038 0.0310666 0.0761096 0.00353947 0.114834
459 0.000891123 0.00312722 0.0312932 0.076405 0.00354925 0.115267
460 0.000775964 0.00314067 0.0307655 0.0761154 0.00356792 0.114367
461 0.000739409 0.00318398 0.0309848 0.0764053 0.00357083 0.114885
462 0.000759104 0.00317839 0.0310067 0.0768829 0.00355691 0.115386
463 0.000853433 0.00315482 0.0311186 0.0779541 0.00884286 0.121926
464 0.000789561 0.00317788 0.0313554 0.0747841 0.00486705 0.114975
465 0.000747986 0.00325628 0.031315 0.0585091 0.011744 0.105574
466 0.00074054 0.00313093 0.0314475 0.0751352 0.0115751 0.122032
467 0.000847736 0.00316229 0.0313399 0.0748674 0.0130832 0.123301
468 0.00072282 0.00312051 0.0312103 0.0751591 0.0130267 0.123241
469 0.000807994 0.00328968 0.0313587 0.0754416 0.0117002 0.122599
470 0.00108454 0.00564938 0.0292897 0.0750028 0.0118044 0.122832
471 0.000779206 0.00251684 0.0285874 0.0755154 0.0115291 0.11893
472 0.000777493 0.0025758 0.0285452 0.0758822 0.00383939 0.111621
473 0.000722155 0.00256384 0.027985 0.0751726 0.00349372 0.109938
474 0.000765019 0.00248274 0.0279514 0.0743087 0.0034851 0.108994
475 0.000760881 0.00271553 0.0242524 0.075326 0.00348375 0.10654
476 0.00076458 0.00243879 0.0280873 0.0747965 0.00349317 0.109581
477 0.000750225 0.00248364 0.027813 0.074148 0.00353139 0.108728
478 0.000744446 0.00243509 0.0279314 0.0582558 0.00383337 0.0932012
479 0.000734512 0.00257343 0.0282003 0.0744005 0.00349014 0.1094
480 0.000764497 0.00248495 0.0279922 0.0576382 0.0037358 0.0926168
481 0.000722138 0.00254213 0.0279491 0.0746665 0.00356662 0.109448
482 0.000839869 0.00245214 0.0279375 0.0570182 0.00367959 0.0919283
483 0.000769262 0.00249966 0.0280318 0.0573531 0.00385467 0.09251
484 0.000730841 0.00248023 0.0282146 0.0600347 0.00385646 0.0953178
485 0.000778307 0.00249671 0.0282339 0.0755634 0.00364978 0.110724
486 0.000756864 0.00249277 0.0279171 0.0749473 0.00709963 0.113215
487 0.000745695 0.00241522 0.028544 0.0747055 0.00487705 0.111289
488 0.000769538 0.00240187 0.0285841 0.0747075 0.0115171 0.117981
489 0.00075948 0.00247452 0.0284906 0.0722668 0.0116078 0.115602
490 0.000727059 0.00248104 0.0281367 0.0713239 0.013312 0.115982
491 0.000740807 0.00252535 0.02836 0.0757511 0.0130852 0.120464
492 0.000743871 0.00245608 0.0283721 0.0760212 0.0116753 0.119269
493 0.000914875 0.00244458 0.0284235 0.075178 0.0117086 0.118671
494 0.000764727 0.00250276 0.0287028 0.0765977 0.0114832 0.120052
495 0.000834118 0.00247792 0.0288242 0.0770465 0.00385617 0.11304
496 0.000734233 0.00253521 0.0277878 0.0762952 0.00356652 0.11092
497 0.000729956 0.00255484 0.0279114 0.0767603 0.00358758 0.111545
498 0.000743129 0.00246663 0.028106 0.0728516 0.00359192 0.10776
499 0.000762034 0.00245249 0.0279384 0.0735522 0.00363681 0.108343
500 0.000757356 0.00254304 0.0280734 0.074285 0.00368822 0.109348
501 0.000771105 0.00251074 0.0281287 0.0764903 0.0036226 0.111524
502 0.00075538 0.0024248 0.0281211 0.0757599 0.00626805 0.113331
503 0.000730928 0.00248331 0.0284496 0.0771096 0.0114776 0.120252
504 0.000737051 0.00250276 0.028239 0.0772468 0.0116241 0.120351
505 0.000736648 0.00245489 0.0284875 0.072759 0.013416 0.117855
506 0.000892543 0.00249138 0.028072 0.0733686 0.0127144 0.11754
507 0.000766412 0.00250604 0.0283774 0.060774 0.0130738 0.105499
508 0.000750253 0.00247678 0.0284039 0.0768492 0.0116186 0.1201
509 0.000738164 0.00254244 0.0283929 0.0759535 0.0117051 0.119333
510 0.000729697 0.0025015 0.0281558 0.0751633 0.0115144 0.118066
511 0.000784913 0.00244557 0.0277432 0.0757513 0.00380583 0.110532
512 0.000698538 0.00258531 0.0273929 0.069946 0.00350709 0.104131
513 0.000682981 0.00247165 0.0272802 0.0732678 0.00363918 0.107343
514 0.000690025 0.00257217 0.0269293 0.0709334 0.00367007 0.104796
515 0.000727508 0.0025153 0.0268746 0.0690293 0.00353547 0.102683
516 0.000704123 0.00246677 0.0272096 0.0690107 0.00458343 0.103975
517 0.000720287 0.00249166 0.0269142 0.0730972 0.00455816 0.107783
518 0.000848184 0.00256393 0.0267707 0.07389 0.0112039 0.115278
519 0.000711369 0.0025618 0.0267571 0.0194407 0.0112858 0.0607577
520 0.000711996 0.00255226 0.0267058 0.019215 0.01308 0.0622662
521 0.000726733 0.00244345 0.0269108 0.0195924 0.0131604 0.0628349
522 0.000718918 0.00243855 0.0271277 0.0196899 0.0114182 0.0613942
523 0.000741569 0.00246557 0.0270341 0.0194068 0.0113546 0.0610038
524 0.000836307 0.00240058 0.0268904 0.0193668 0.0118098 0.0613048
525 0.000710909 0.00249701 0.0266737 0.0158015 0.00356751 0.0498677
526 0.000756404 0.00244237 0.0263791 0.0157408 0.00323197 0.0485516
527 0.000772726 0.00254623 0.0267132 0.0190721 0.00328544 0.0523908
528 0.00072865 0.00253812 0.0287166 0.0190618 0.00325467 0.0543019
529 0.00073266 0.0025378 0.0270067 0.0161618 0.00416446 0.0506044
530 0.000776854 0.00242002 0.0265904 0.0159346 0.0108602 0.0565833
531 0.000786898 0.00248475 0.0266068 0.0191219 0.0108045 0.0598056
532 0.000767031 0.0025482 0.0269244 0.0192367 0.0110003 0.0604776
533 0.000758753 0.00252385 0.0272661 0.0198272 0.0131934 0.0635707
534 0.000790779 0.00245396 0.0272529 0.0198529 0.0127838 0.0631353
535 0.000774024 0.0024715 0.0271337 0.0206235 0.0116363 0.0626398
536 0.000736957 0.0024269 0.0271395 0.019384 0.0110994 0.0614128
537 0.000736676 0.00249195 0.0272183 0.0195503 0.0111576 0.0611562
538 0.000724592 0.00251848 0.0271766 0.0195837 0.0033081 0.0533124
539 0.000780417 0.00248638 0.0266608 0.0192934 0.00290532 0.0521278
540 0.000771239 0.00244045 0.0265652 0.0193861 0.0029707 0.0521349
541 0.000764628 0.00250063 0.0266542 0.0191386 0.00290888 0.051968
542 0.000785166 0.00244034 0.0264024 0.0167137 0.002981 0.0493234
543 0.000848201 0.00246157 0.026399 0.0163156 0.0104251 0.0564514
544 0.000741852 0.0024369 0.0264278 0.0194108 0.0105891 0.0596076
545 0.000725294 0.00248409 0.0264092 0.0184145 0.0105224 0.0591688
546 0.000718948 0.00247415 0.0256702 0.0157374 0.0105689 0.0551709
547 0.000761203 0.00247554 0.0256023 0.0185023 0.0124319 0.0597742
548 0.000706463 0.00250255 0.0256626 0.0160068 0.012309 0.0571884
549 0.000717137 0.00240635 0.0256865 0.016276 0.0122818 0.0573697
550 0.00076208 0.00246303 0.0259909 0.0160168 0.010673 0.0559066
551 0.000731316 0.00259349 0.0262568 0.071641 0.0105759 0.111801
552 0.000780608 0.00247749 0.0259473 0.069854 0.00297583 0.102684
553 0.000773359 0.00251798 0.025417 0.0536006 0.00258064 0.0848905
554 0.000718998 0.00251865 0.0252946 0.053163 0.00259803 0.0842943
555 0.000736622 0.00248854 0.0255144 0.0559653 0.0025939 0.0872998
556 0.000725568 0.00250236 0.0254884 0.0719293 0.00262112 0.103269
557 0.000823664 0.00255547 0.0256076 0.0720426 0.00265741 0.103688
558 0.000808027 0.00256033 0.0256975 0.0731557 0.0100964 0.112319
559 0.000754751 0.0024831 0.0259033 0.0731524 0.0100154 0.11231
560 0.000749386 0.00244686 0.0259757 0.0734251 0.00998533 0.112583
561 0.000738138 0.00259974 0.0258489 0.0737521 0.010115 0.113055
562 0.000756277 0.00248842 0.0261251 0.073195 0.011759 0.114325
563 0.000785949 0.00252966 0.0258708 0.0711611 0.0116312 0.111981
564 0.000743831 0.00252294 0.0258929 0.0548366 0.0106215 0.09462
565 0.000753668 0.00251041 0.0180998 0.0556873 0.0101169 0.0871691
566 0.000777117 0.00250249 0.0257911 0.0553867 0.0103357 0.0947942
567 0.000773031 0.00240904 0.0260371 0.0559091 0.00267114 0.0878005
568 0.00080881 0.00250365 0.025049 0.0547433 0.00236689 0.0854727
569 0.000749678 0.00248826 0.0252449 0.0548527 0.00237354 0.0857101
570 0.000821447 0.00243958 0.025048 0.0707896 0.0023919 0.101492
571 0.000787345 0.00246927 0.0251664 0.0705839 0.00239852 0.101407
572 0.000752764 0.0024702 0.0252216 0.0705554 0.0030356 0.102037
573 0.000755176 0.00261399 0.0254019 0.0546609 0.00996423 0.0933982
574 0.000776929 0.00250228 0.0253954 0.0690185 0.00974475 0.107439
575 0.000856693 0.00246587 0.0249871 0.0693413 0.00981987 0.107473
576 0.000798372 0.00251986 0.0250831 0.0684236 0.0110614 0.107888
577 0.000812033 0.00250036 0.0252174 0.0664572 0.0110581 0.106047
578 0.000741088 0.00246957 0.0251642 0.0668706 0.00984745 0.105094
579 0.000736751 0.00245435 0.0250675 0.0669558 0.00984496 0.10506
580 0.000795564 0.00255012 0.0252118 0.0680515 0.00992388 0.106534
581 0.000778868 0.00247508 0.0250031 0.0678459 0.00254646 0.0986513
582 0.000748368 0.00241026 0.0250978 0.0653445 0.00276378 0.0963657
583 0.000752014 0.00249196 0.0241627 0.0642005 0.00255247 0.0941606
584 0.000668218 0.00256766 0.0245993 0.0635142 0.0027944 0.0941452
585 0.000800069 0.00251196 0.0247537 0.0635703 0.00285033 0.0944879
586 0.000770064 0.00247785 0.0246006 0.0625211 0.00313829 0.0935096
587 0.000798672 0.00248695 0.0246856 0.060664 0.0102215 0.0988577
588 0.000809114 0.00248297 0.0246374 0.0602857 0.0100429 0.0982589
589 0.000793781 0.00249481 0.0248432 0.0604452 0.0100159 0.0985938
590 0.000739587 0.0024451 0.02505 0.0499305 0.0108184 0.0889852
591 0.000713611 0.0025913 0.0250581 0.0611058 0.0119423 0.101414
592 0.000722193 0.00252478 0.0248478 0.060679 0.0102382 0.0990128
593 0.000722722 0.00257744 0.0248779 0.0606779 0.010093 0.09895
594 0.00071801 0.00255495 0.0248013 0.0608049 0.0100287 0.0989091
595 0.000767987 0.00247397 0.0141133 0.0502877 0.00234193 0.0699862
596 0.000742832 0.0024739 0.0242721 0.0614411 0.00207727 0.0910082
597 0.000711635 0.00245714 0.0244305 0.0610846 0.00223122 0.0909171
598 0.000710316 0.00243226 0.0248705 0.00365489 0.00237811 0.034048
599 0.000729969 0.0024916 0.0245341 0.000384735 0.0022543 0.0303957
600 0.000704492 0.00250624 0.0243321 0.000355115 0.00314473 0.0310436
601 0.000717685 0.00242016 0.0240517 0.00035181 0.00984607 0.0373885
602 0.000764708 0.00244371 0.0243148 0.0003728 0.0121334 0.0400307
603 0.000709189 0.00251833 0.0243709 0.000383479 0.0100277 0.0380105
604 0.00075227 0.0024522 0.0240898 0.000359151 0.0113105 0.038965
605 0.000798617 0.00252451 0.0243962 0.000388064 0.0118074 0.0399161
606 0.000781421 0.00252417 0.0244255 0.000365029 0.0103377 0.0384354
607 0.000708865 0.00251079 0.0245089 0.000408236 0.00995268 0.0380903
608 0.000708802 0.00252942 0.0247016 0.000345159 0.0100036 0.0382895
609 0.000707123 0.00256885 0.0242689 0.00036044 0.00239855 0.0303047
610 0.00135664 0.00335065 0.0240598 0.000387287 0.00206197 0.0312192
611 0.000770375 0.00248205 0.0239378 0.000352043 0.00190195 0.0294452
612 0.000710797 0.00256403 0.0241171 0.000346199 0.0020842 0.0298232
613 0.000722518 0.00250961 0.0236742 0.000391777 0.00210751 0.0294066
614 0.000725682 0.00252007 0.0238915 0.000351682 0.00212187 0.0296123
615 0.000802281 0.00250842 0.024016 0.00035713 0.00263526 0.0303206
616 0.000734198 0.00252471 0.0243227 0.000348338 0.00961119 0.0375419
617 0.000770883 0.00258777 0.0243524 0.000354636 0.00956542 0.0376319
618 0.000725292 0.00251295 0.0243113 0.000359083 0.00977459 0.0376841
619 0.000737584 0.00243838 0.0242136 0.000351667 0.0116247 0.0393684
620 0.000865886 0.00251747 0.0245754 0.000350613 0.0113147 0.0396254
621 0.000792434 0.00248473 0.0244501 0.000351936 0.00990014 0.0379808
622 0.000749475 0.00245861 0.024397 0.000355169 0.00975074 0.037712
623 0.000733669 0.0025012 0.0246063 0.000358534 0.00277437 0.0309751
624 0.000734139 0.00248325 0.0245639 0.000352896 0.00222269 0.0303579
625 0.000740202 0.00248503 0.0237998 0.000365395 0.00191933 0.0293117
626 0.000688965 0.00242343 0.0238717 0.000366164 0.00193489 0.0292863
627 0.000993855 0.00248933 0.0238449 0.000389717 0.00196768 0.0296864
628 0.000761076 0.00252268 0.023849 0.000419774 0.0019561 0.0295095
629 0.000827511 0.0025129 0.0238699 0.000383185 0.0024832 0.0300776
630 0.000749843 0.00246601 0.0240069 0.000374885 0.00957281 0.0371714
631 0.000732479 0.00251264 0.0240789 0.000382736 0.0095487 0.0372569
632 0.000739629 0.0025245 0.0241124 0.000364917 0.00949486 0.0372374
633 0.000734797 0.00255443 0.0241357 0.000372974 0.0110213 0.0388201
634 0.00074125 0.00246701 0.0241175 0.00036928 0.0104906 0.0381868
635 0.000732214 0.00255152 0.0133084 0.000408502 0.00910619 0.0261082
636 0.000729725 0.00247405 0.0241724 0.000364656 0.00948409 0.0372259
637 0.000767451 0.00255293 0.024249 0.000370189 0.00946548 0.0374061
638 0.000787339 0.00253785 0.0190178 0.000371273 0.00195171 0.0246672
639 0.000727127 0.00248092 0.0236889 0.000364645 0.0017169 0.0289795
640 0.000748893 0.00244956 0.0237117 0.000386515 0.00169203 0.0289895
641 0.000797148 0.00246354 0.0237829 0.000376348 0.00169819 0.0291192
642 0.000739423 0.0024571 0.0239635 0.000387603 0.00216882 0.0297188
643 0.000751647 0.00252606 0.0238222 0.000370279 0.0018734 0.0293445
644 0.000733577 0.00251891 0.0236956 0.000370422 0.00172991 0.0290496
645 0.000775344 0.00254662 0.0213844 0.000372605 0.00218347 0.027264
646 0.000747731 0.00256398 0.0242812 0.000416413 0.00968533 0.0376956
647 0.000733531 0.00252533 0.0237904 0.000388199 0.00968309 0.0371215
648 0.000781973 0.00247545 0.0240765 0.000385045 0.0092622 0.0369822
649 0.000742748 0.00250422 0.0241012 0.000409328 0.0110408 0.0387994
650 0.000780824 0.00246495 0.0243322 0.000384303 0.00972209 0.0376857
651 0.000741022 0.00250433 0.0240855 0.000389946 0.00943074 0.0371525
652 0.000832139 0.00243361 0.0241667 0.000379729 0.00949883 0.0373119
653 0.000736869 0.00249638 0.0240781 0.000380633 0.00244841 0.0301415
654 0.000690088 0.00247951 0.0241896 0.000391593 0.00201306 0.0297653
655 0.00076162 0.00259656 0.0239127 0.000385152 0.00183163 0.0294896
656 0.000771332 0.00246811 0.0237265 0.000384217 0.00169165 0.0290433
657 0.000703255 0.00249666 0.0240823 0.000382169 0.00187085 0.0295366
658 0.000739676 0.00250422 0.0240874 0.000395084 0.00188172 0.0296097
659 0.000956848 0.00256007 0.0238762 0.000389224 0.00192139 0.0297049
660 0.000735466 0.00250123 0.0240116 0.000412026 0.00191569 0.0295778
661 0.00078158 0.00246466 0.0240206 0.000392712 0.00234196 0.0300023
662 0.000716259 0.00247717 0.0237611 0.000390056 0.00932526 0.0366717
663 0.000769644 0.00255607 0.0238969 0.000413199 0.00936976 0.0370067
664 0.000723505 0.00257645 0.0240303 0.000382319 0.00947611 0.0371896
665 0.000723022 0.00255832 0.0239631 0.000387404 0.0112608 0.0388942
666 0.00076827 0.00252529 0.0246193 0.000425948 0.0107427 0.0390834
667 0.000765034 0.00254971 0.024114 0.000382289 0.00954319 0.0373557
668 0.000744391 0.00250286 0.0240575 0.000391309 0.0095603 0.0372574
669 0.000750746 0.00247326 0.023895 0.000391589 0.00962148 0.037133
670 0.000778927 0.00253831 0.0241825 0.000388895 0.00201044 0.0299
671 0.000746955 0.00251242 0.0236361 0.000386517 0.00175292 0.0290359
672 0.000803477 0.0024305 0.0237773 0.000422677 0.00183963 0.0292748
673 0.000741059 0.0025679 0.0235779 0.000393086 0.00170902 0.02899
674 0.000761391 0.00256919 0.0233918 0.000544126 0.00189286 0.0291604
675 0.000737864 0.00254651 0.023437 0.000395735 0.00173205 0.0288504
676 0.000848185 0.00247944 0.0233191 0.00039618 0.0017367 0.028781
677 0.000737132 0.00251595 0.0237772 0.000396117 0.00188463 0.0293131
678 0.000741826 0.00246989 0.0240489 0.000398685 0.00196673 0.029627
679 0.000771535 0.00247651 0.023934 0.000398014 0.00193234 0.0295134
680 0.000766521 0.00244766 0.0235832 0.000435512 0.00180593 0.0290411
681 0.000738849 0.00257309 0.0202134 0.00039673 0.00180804 0.0257312
682 0.000736771 0.00256157 0.0237263 0.000417575 0.00230051 0.0297439
683 0.000799341 0.00259605 0.0237022 0.000404472 0.00198022 0.0294842
684 0.000874956 0.00243736 0.0239628 0.000423965 0.0024739 0.0301743
685 0.000760448 0.00258566 0.0236575 0.000407279 0.00240669 0.0298186
686 0.000749845 0.00251303 0.0235766 0.000434501 0.00949627 0.0367712
687 0.00075155 0.00252507 0.0239263 0.000400838 0.00979896 0.0374037
688 0.000736372 0.00247448 0.0237313 0.000432722 0.0109137 0.0382899
689 0.000740401 0.00245151 0.023644 0.000407302 0.00993115 0.0371756
690 0.000748083 0.00267309 0.0242611 0.000433602 0.00962493 0.0377424
691 0.000743722 0.00248607 0.0241308 0.000401046 0.00949594 0.0372593
692 0.000812193 0.00243433 0.0243566 0.000441711 0.00951561 0.0375614
693 0.000808917 0.00245995 0.0242038 0.000418633 0.00207709 0.0299693
694 0.00079726 0.00240711 0.023996 0.000409036 0.00186621 0.0294767
695 0.000757282 0.00248432 0.0237746 0.000410008 0.00219763 0.0296253
696 0.000749549 0.00245257 0.0239159 0.000439061 0.00189947 0.029459
697 0.000755843 0.00246194 0.0239447 0.000414023 0.00190332 0.0294807
698 0.000823255 0.00242255 0.0141151 0.000457571 0.00175458 0.0195743
699 0.000761433 0.00249619 0.024346 0.000435259 0.00190768 0.0299485
700 0.000764231 0.00267435 0.0136349 0.000412776 0.00178372 0.0192713
701 0.000712814 0.00248725 0.0240918 0.000416874 0.00236323 0.0300732
702 0.000858465 0.00248009 0.0167115 0.0004563 0.00222782 0.0227356
703 0.000892846 0.00251112 0.0221427 0.000431338 0.00219568 0.0281755
704 0.000874497 0.00248119 0.0157177 0.000412992 0.00219163 0.021679
705 0.000788829 0.00248607 0.0237396 0.000436847 0.00241337 0.0298658
706 0.00078951 0.00250382 0.0109482 0.000415694 0.00278445 0.0174436
707 0.000741707 0.00247691 0.0241358 0.000420689 0.00242733 0.0302036
708 0.000742099 0.00260963 0.0241427 0.00042447 0.00241657 0.0303363
709 0.000887101 0.00248029 0.0242735 0.000414923 0.00239946 0.0304561
710 0.000738381 0.00248265 0.0243129 0.000456622 0.0020167 0.0300083
711 0.00094839 0.00243492 0.0213171 0.000412789 0.00186425 0.0269783
712 0.000882245 0.00250477 0.0243044 0.000422553 0.00203793 0.0301526
713 0.000792689 0.00246362 0.0243561 0.000418061 0.00204306 0.0300744
714 0.00073686 0.00256384 0.0243999 0.000425641 0.00204824 0.0301754
715 0.000742171 0.00252934 0.0243893 0.000445577 0.00207351 0.030181
716 0.000741638 0.00248436 0.0243802 0.00041753 0.00215477 0.0301794
717 0.000744172 0.00251557 0.0127353 0.000479334 0.00206906 0.0185448
718 0.000772601 0.00246547 0.0145306 0.00047216 0.00194347 0.0201855
719 0.000737317 0.00255203 0.0188938 0.000440494 0.00196608 0.0245912
720 0.000812045 0.00244672 0.0246326 0.000458599 0.00211013 0.0304611
721 0.000747561 0.00260475 0.0247412 0.000425001 0.002113 0.0306325
722 0.000761693 0.00259601 0.0244465 0.00042999 0.00213988 0.0303748
723 0.000717873 0.00247402 0.0113706 0.000485966 0.00503145 0.0200816
724 0.000754786 0.00253739 0.0250281 0.000463783 0.00309123 0.0318763
725 0.000954089 0.00251357 0.0249322 0.000430851 0.00298712 0.0318191
726 0.000751403 0.00246375 0.0249146 0.000431287 0.00997795 0.0385405
727 0.00073069 0.00244621 0.0247258 0.00044002 0.00288222 0.0312269
728 0.000743234 0.00246497 0.0247124 0.000433742 0.00291807 0.0312733
729 0.000803492 0.00253591 0.0249689 0.00043613 0.0030202 0.0317656
730 0.000790826 0.00249005 0.0251004 0.000412008 0.00321567 0.0320107
731 0.000709422 0.0024532 0.0171946 0.000425045 0.00277732 0.0235607
732 0.000728597 0.00252965 0.0250157 0.000408792 0.00243913 0.031123
733 0.000744707 0.00252179 0.0250695 0.000413188 0.00246788 0.0312189
734 0.000806217 0.00246425 0.0249002 0.00044312 0.00245752 0.0310723
735 0.000728422 0.00246698 0.019983 0.000426425 0.00230861 0.0259147
736 0.000782115 0.00245876 0.0251077 0.000420083 0.0024739 0.0312442
737 0.000836778 0.00253014 0.025239 0.000452676 0.00295038 0.0320104
738 0.000736336 0.00248282 0.0253616 0.000450097 0.00250791 0.0315401
739 0.000716422 0.00249869 0.0251717 0.000441178 0.00289966 0.0317286
740 0.000873073 0.00252611 0.0253556 0.000500803 0.00255503 0.0318115
741 0.000819571 0.0024684 0.0253975 0.000462759 0.00254649 0.0316957
742 0.000741949 0.00248143 0.0271483 0.000435067 0.00278047 0.033588
743 0.000777259 0.0025303 0.0254985 0.000472293 0.00256325 0.0318428
744 0.000747636 0.00269796 0.0254121 0.000451655 0.00580192 0.0351121
745 0.000745904 0.00257342 0.0259303 0.000438217 0.00376668 0.0334555
746 0.00073693 0.00263146 0.0256919 0.000458127 0.0107507 0.040271
747 0.000766519 0.00252216 0.0260785 0.000434259 0.0105135 0.0403168
748 0.000784286 0.00258099 0.0259268 0.000451312 0.0105267 0.0402711
749 0.000863806 0.00247957 0.0243939 0.000442642 0.0107885 0.0389698
750 0.000781585 0.00250014 0.0177438 0.000431986 0.00331481 0.0247733
751 0.000778754 0.00246398 0.0261454 0.000501445 0.00397516 0.0338658
752 0.000762937 0.00256011 0.0257555 0.000523442 0.00397909 0.0335821
753 0.000746977 0.00257429 0.0260712 0.000440349 0.00326291 0.0330966
754 0.000738604 0.00264727 0.0261649 0.000442454 0.00337489 0.033369
755 0.00073736 0.00251698 0.0262579 0.000468581 0.00335209 0.0333347
756 0.000760533 0.00246691 0.0263011 0.000438264 0.0032916 0.0332603
757 0.00093751 0.0024835 0.0263119 0.000447768 0.00330724 0.0334905
758 0.000820448 0.0024234 0.0263418 0.000457478 0.00341423 0.0334583
759 0.000742427 0.0025188 0.0217435 0.00044286 0.014871 0.0403201
760 0.000749764 0.0025853 0.0267448 0.000480193 0.0108677 0.0414292
761 0.000842738 0.00253637 0.0269584 0.000457464 0.0106377 0.0414338
762 0.000780964 0.00256815 0.0266271 0.000478334 0.010669 0.0411254
763 0.000781416 0.00249647 0.0268761 0.000547078 0.0107442 0.0414473
764 0.000800483 0.00249933 0.0270471 0.000445565 0.0107111 0.0415055
765 0.000773983 0.00254544 0.0267996 0.000457292 0.0106923 0.0412695
766 0.000773111 0.00243492 0.0269226 0.000478599 0.00417174 0.034782
767 0.000833082 0.00249464 0.0269887 0.000477898 0.00408853 0.034884
768 0.000771979 0.00257841 0.0268951 0.000536279 0.00343058 0.0342132
769 0.000755155 0.00248146 0.0270194 0.000446519 0.00341715 0.034121
770 0.000742105 0.00257686 0.0271803 0.000457806 0.00339096 0.0343501
771 0.000729226 0.00248679 0.0269392 0.000451784 0.00339151 0.0339993
772 0.000719561 0.00259347 0.026903 0.000498753 0.00339855 0.0341141
773 0.000798368 0.00245588 0.0268241 0.000508595 0.0150932 0.0456819
774 0.00071913 0.00245322 0.0271697 0.000453347 0.0112292 0.0420258
775 0.000712651 0.00247849 0.0273919 0.00045252 0.0112546 0.0422916
776 0.000748708 0.00256515 0.027106 0.0515975 0.0112951 0.0933143
777 0.000733029 0.00247082 0.02679 0.051135 0.0113421 0.0924719
778 0.000726857 0.0025095 0.0271038 0.0521953 0.0114299 0.0939663
779 0.000782022 0.00242877 0.0268823 0.0521657 0.0113705 0.0936316
780 0.000682354 0.00243645 0.0271062 0.0518778 0.0113849 0.0934885
781 0.000674412 0.00247489 0.0272709 0.0527586 0.00436245 0.0875422
782 0.000708134 0.00243845 0.0271347 0.0546255 0.00350171 0.0884108
783 0.000672388 0.00253374 0.027182 0.054539 0.00344994 0.088378
784 0.000714761 0.00241696 0.0270213 0.0200344 0.00347935 0.0536684
785 0.000701761 0.00248977 0.0271338 0.0197795 0.00350625 0.0536121
786 0.000786831 0.00241517 0.0269501 0.0195885 0.0176115 0.067353
787 0.000751523 0.00294218 0.0277614 0.0201597 0.0116922 0.063308
788 0.000770148 0.00243668 0.0277243 0.020027 0.0118688 0.0628278
789 0.000796516 0.00254388 0.0279911 0.0208767 0.013521 0.0657301
790 0.000779921 0.00250135 0.0284641 0.0198772 0.0134292 0.0658977
791 0.000767957 0.00268599 0.0286334 0.0204997 0.012223 0.0648124
792 0.000773189 0.00253079 0.0283358 0.020204 0.0121858 0.0640303
793 0.000813653 0.00250626 0.0287144 0.0200855 0.00494567 0.0570664
794 0.000771135 0.00255027 0.0264177 0.0202512 0.00497123 0.0549631
795 0.000781423 0.00254096 0.0286057 0.0201794 0.00396833 0.0560772
796 0.00094579 0.00244698 0.0281848 0.0205968 0.00370772 0.055883
797 0.000732 0.00252466 0.0281767 0.0198098 0.00370715 0.0558296
798 0.000730959 0.00243751 0.0279681 0.0198925 0.00366871 0.0546987
799 0.000748737 0.00253046 0.0282213 0.0199174 0.00367454 0.0550933
800 0.000806266 0.00253921 0.0283395 0.0203091 0.011241 0.0632359
801 0.000802392 0.0030033 0.0287976 0.0203397 0.0122765 0.0652204
802 0.000722001 0.00244453 0.028963 0.0203238 0.0126015 0.0650562
803 0.000804201 0.00260628 0.0287523 0.0207473 0.0146743 0.0675854
804 0.000720715 0.0024931 0.0290272 0.0199498 0.014426 0.0674951
805 0.000719279 0.00262566 0.0290148 0.0204609 0.0127194 0.0655413
806 0.000707199 0.00250015 0.028628 0.0198968 0.0124287 0.0641624
807 0.00075172 0.00250287 0.0286634 0.020233 0.0052044 0.0573573
808 0.00072472 0.00247023 0.0286006 0.0206885 0.00519465 0.0576796
809 0.00069476 0.0025528 0.0282817 0.0172031 0.00410253 0.0528359
810 0.000706516 0.00244668 0.027543 0.0201103 0.00371699 0.0545244
811 0.000691482 0.00253564 0.0277002 0.0205897 0.00372509 0.0552431
812 0.000704692 0.00250702 0.0279634 0.0205218 0.00373453 0.0562796
813 0.000719638 0.00252783 0.0275776 0.0208233 0.00375844 0.0554083
814 0.000690882 0.00258009 0.0276549 0.020902 0.017742 0.0695707
815 0.000693576 0.00299563 0.028552 0.0202761 0.0123687 0.0648875
816 0.000841043 0.0025592 0.0287134 0.0210382 0.012438 0.065592
817 0.000834912 0.00259629 0.0286942 0.0206918 0.0138452 0.0666639
818 0.000736624 0.00247289 0.0290225 0.0207704 0.0153386 0.068342
819 0.000630372 0.00246191 0.0292095 0.0206886 0.0127557 0.0666107
820 0.000755603 0.00265914 0.0290975 0.0208732 0.0123232 0.0657094
821 0.000851471 0.00252733 0.0288987 0.0211782 0.0125829 0.0660401
822 0.000774367 0.00254395 0.0289199 0.0212205 0.00525492 0.0587152
823 0.000776496 0.00250686 0.0295785 0.0205114 0.00413421 0.0575086
824 0.000779252 0.00252833 0.0286473 0.0204875 0.00378618 0.0562295
825 0.000776079 0.00254129 0.0286136 0.0208007 0.00381621 0.0565487
826 0.000706238 0.00246808 0.0285954 0.020111 0.00381835 0.0565752
827 0.000816646 0.00260447 0.0286447 0.0202041 0.00383818 0.0561101
828 0.000857152 0.00255019 0.0289854 0.020166 0.0171959 0.0697559
829 0.000777522 0.00301705 0.0295033 0.0206067 0.0124407 0.0663472
830 0.000747199 0.00251204 0.0269048 0.0213452 0.0123521 0.0638624
831 0.000804139 0.00246793 0.0293655 0.0211097 0.0137247 0.0674729
832 0.000766349 0.00250289 0.0294008 0.0219872 0.0150067 0.0696654
833 0.000721949 0.00252185 0.029447 0.0216068 0.0125602 0.0677634
834 0.000785989 0.00245091 0.0296374 0.021948 0.0124218 0.067246
835 0.000752585 0.002642 0.0291924 0.0222255 0.0123808 0.0671953
836 0.00077125 0.0025002 0.0295604 0.0220085 0.00525428 0.0600955
837 0.000741687 0.00263247 0.029345 0.0226575 0.00414249 0.0595203
838 0.00074371 0.00245193 0.0286867 0.0219955 0.00377403 0.0576537
839 0.000805478 0.00254111 0.028752 0.0227467 0.00381479 0.0586611
840 0.000787629 0.00251968 0.0288509 0.0225152 0.00379008 0.0593801
841 0.000804525 0.00252061 0.0291422 0.0221589 0.00379824 0.0584254
842 0.000721397 0.00248411 0.017434 0.0225011 0.00381048 0.046952
843 0.000720472 0.00254848 0.0289752 0.0221699 0.0189863 0.0734017
844 0.000715843 0.00306467 0.0292264 0.0224765 0.0127929 0.0682779
845 0.000714371 0.00255924 0.0287667 0.0227051 0.0125982 0.067345
846 0.000860578 0.00241388 0.0292581 0.0224352 0.014499 0.0694677
847 0.000700872 0.00251918 0.0291052 0.0220981 0.0139973 0.0693013
848 0.00072621 0.00254272 0.0293059 0.0221418 0.0125946 0.0673126
849 0.000759987 0.00254768 0.0289346 0.0224465 0.0124271 0.0671167
850 0.000733868 0.002573 0.0294481 0.0224264 0.00555555 0.0607377
851 0.000831619 0.00253498 0.0295241 0.0224665 0.00557597 0.060934
852 0.000966591 0.0024255 0.0297471 0.0225285 0.00442216 0.0600911
853 0.000775165 0.00256563 0.0288047 0.0226833 0.00396151 0.0587911
854 0.000752809 0.00255122 0.0289921 0.022221 0.00392333 0.0593194
855 0.000824844 0.00260266 0.0291118 0.0220502 0.00393303 0.0585234
856 0.00079878 0.00242119 0.0290735 0.0221224 0.00394477 0.0583617
857 0.000732634 0.00252825 0.0293148 0.0224227 0.0155722 0.0705714
858 0.000734062 0.00310508 0.0300723 0.0230814 0.0127506 0.069745
859 0.000767767 0.0025115 0.0299878 0.0228563 0.0126735 0.0687985
860 0.000760592 0.00249399 0.0298099 0.0233085 0.0145077 0.0708817
861 0.00081694 0.00243596 0.029975 0.0227582 0.014369 0.0712557
862 0.000720162 0.00255755 0.0299511 0.0227711 0.0127752 0.0687776
863 0.000723778 0.002528 0.0295013 0.0225478 0.0127406 0.0680423
864 0.000728186 0.00244488 0.029809 0.0223593 0.0127407 0.068083
865 0.000730588 0.00260263 0.0299573 0.0224557 0.0128012 0.0685484
866 0.000761988 0.00245845 0.0298956 0.0227519 0.00456558 0.0604348
867 0.000740735 0.00257372 0.0293194 0.0228608 0.00411772 0.0596138
868 0.000753196 0.0024679 0.0293034 0.0222503 0.00410161 0.0598304
869 0.000743898 0.00256686 0.0294444 0.0223545 0.00408387 0.0591943
870 0.000818004 0.0025073 0.0295364 0.0225297 0.004063 0.0594555
871 0.000733968 0.00248445 0.0297762 0.0225411 0.00422431 0.059762
872 0.000772762 0.00251184 0.0292936 0.0223376 0.00407347 0.0589905
873 0.000814002 0.00268853 0.029612 0.0224618 0.0207072 0.0762849
874 0.000770503 0.00302062 0.029987 0.0237915 0.0134603 0.071031
875 0.000796173 0.00262255 0.0301968 0.022977 0.0128907 0.0703731
876 0.00074965 0.00252775 0.0303222 0.0229086 0.0142551 0.0707643
877 0.000832549 0.0025082 0.0301928 0.0228743 0.0143369 0.0707457
878 0.00080553 0.00248335 0.0302566 0.0227931 0.0128861 0.0692261
879 0.000734683 0.00251588 0.0304074 0.0230866 0.0128497 0.0695953
880 0.00123995 0.00321304 0.0300179 0.023143 0.0128744 0.0704896
881 0.000745371 0.00253759 0.0308072 0.0236216 0.00629745 0.0640101
882 0.000734737 0.0024886 0.0304358 0.0231125 0.00467961 0.0623679
883 0.000852212 0.0025847 0.0298264 0.022852 0.00439879 0.060515
884 0.000781881 0.00245294 0.0299796 0.0225941 0.00439232 0.060202
885 0.000793665 0.00256058 0.0300078 0.0226711 0.00440929 0.0604433
886 0.000784901 0.00257186 0.0298844 0.0227278 0.00439413 0.0603649
887 0.000733912 0.0025746 0.0298255 0.0227836 0.00443544 0.0603541
888 0.000748858 0.00252421 0.0299446 0.0231301 0.00445762 0.0608065
889 0.000740362 0.00263256 0.0298404 0.022665 0.0208335 0.0776307
890 0.00077088 0.00351181 0.0328191 0.0190499 0.0130572 0.0692097
891 0.000744832 0.00313209 0.0329075 0.0230394 0.013086 0.0729112
892 0.000729302 0.00300679 0.0329267 0.0231253 0.0140311 0.0738211
893 0.000796041 0.00312804 0.0330193 0.0233308 0.0146181 0.0748933
894 0.000761115 0.00306149 0.0324062 0.0229818 0.0131236 0.0723364
895 0.000737904 0.00304953 0.0325615 0.0228658 0.0132815 0.0724972
896 0.000768583 0.00308578 0.0329802 0.0234349 0.00637789 0.0666489
897 0.000742874 0.00323068 0.032721 0.0231231 0.0130843 0.0738389
898 0.000751332 0.00300972 0.0328344 0.0229946 0.00505965 0.0646506
899 0.000747453 0.00310204 0.0320666 0.0221089 0.00466867 0.0626946
900 0.000742885 0.00300156 0.03189 0.0225024 0.00481746 0.0629556
901 0.000714803 0.00306184 0.0318974 0.0224546 0.00481516 0.0629455
902 0.000755045 0.00299058 0.0318053 0.0225308 0.00479113 0.0628742
903 0.00073421 0.00311822 0.0319597 0.0221495 0.00465958 0.0626223
904 0.00071797 0.00309892 0.0316619 0.022641 0.00476473 0.0628854
905 0.000725591 0.00302416 0.0315477 0.0221096 0.00447429 0.0628292
906 0.000920776 0.00300418 0.0314416 0.0221893 0.0185423 0.076099
907 0.000726026 0.00361269 0.0325693 0.0227054 0.0131621 0.0727771
908 0.000762544 0.00328011 0.032843 0.0228542 0.0130552 0.0727962
909 0.000748869 0.00325636 0.0330109 0.0232433 0.0143979 0.0746593
910 0.000735079 0.00309545 0.0331616 0.0233653 0.015055 0.0754135
911 0.000756601 0.00311883 0.033162 0.0239302 0.0136341 0.0746028
912 0.000752737 0.00303571 0.0332183 0.0233468 0.0130905 0.0744037
913 0.000739862 0.00309115 0.0330016 0.0233832 0.0131555 0.0733723
914 0.000711486 0.00302439 0.032892 0.0232575 0.0130456 0.072933
915 0.000741774 0.00307875 0.0336669 0.0233051 0.00509061 0.065885
916 0.000808591 0.00312899 0.033066 0.0230747 0.00476657 0.0648458
917 0.00078095 0.00316668 0.0331878 0.0237655 0.004901 0.0658033
918 0.000727821 0.0030308 0.0324896 0.0235196 0.00483964 0.0646086
919 0.000708157 0.00316205 0.0327129 0.0229836 0.00510563 0.0656662
920 0.000745527 0.00311876 0.0328797 0.022873 0.00513746 0.0647555
921 0.000739069 0.00312719 0.0325626 0.0231545 0.00481297 0.0643976
922 0.000818765 0.00312629 0.0325123 0.0228412 0.00482127 0.0641209
923 0.000750821 0.00313342 0.0328545 0.0231259 0.00474658 0.0646122
924 0.000743788 0.00306421 0.0262175 0.0234807 0.0043837 0.0578909
925 0.000752873 0.00317396 0.0325016 0.0236959 0.0192582 0.0793836
926 0.000714141 0.00384083 0.0330253 0.023387 0.0131071 0.075096
927 0.000814368 0.0030798 0.0332659 0.0233944 0.013249 0.0738046
928 0.000748506 0.00306625 0.0332713 0.0235857 0.0140374 0.0747104
929 0.000762286 0.00309189 0.0292618 0.0237661 0.0150718 0.0719551
930 0.00084829 0.00319664 0.0301305 0.0234789 0.0133409 0.0709969
931 0.00074176 0.00308925 0.0330191 0.0233349 0.0130532 0.0732391
932 0.000797772 0.00308471 0.0334086 0.0242006 0.00648835 0.0679813
933 0.000728989 0.00319032 0.0200112 0.0244123 0.00612531 0.0554689
934 0.000743962 0.0032134 0.0334097 0.0173471 0.0047296 0.0594462
935 0.000741301 0.0032523 0.0327854 0.0233006 0.00476589 0.0648464
936 0.000751143 0.00323064 0.032792 0.023212 0.00477802 0.0647648
937 0.000760384 0.00306315 0.0325358 0.0230104 0.00483963 0.0642113
938 0.00074468 0.00308741 0.0329315 0.0230041 0.00476394 0.0645334
939 0.000871255 0.00304934 0.0325249 0.0235372 0.00487496 0.0648588
940 0.000714304 0.00310056 0.0325298 0.0230142 0.00518414 0.0654971
941 0.000751069 0.00307949 0.0323934 0.0231374 0.00478619 0.0641489
942 0.000754926 0.00305996 0.0325404 0.0229881 0.0193479 0.0786921
943 0.00074513 0.00303944 0.0307319 0.00972412 0.0126631 0.0569045
944 0.000799528 0.00252581 0.0310122 0.0245841 0.0132335 0.0721566
945 0.000861596 0.00248506 0.0307917 0.0234092 0.0144731 0.0720217
946 0.000774371 0.0025621 0.0308718 0.0237945 0.018025 0.076029
947 0.000788958 0.00251265 0.0307699 0.0235409 0.013304 0.0719106
948 0.000744912 0.00244579 0.0309368 0.0234079 0.0133657 0.0709025
949 0.000810934 0.00251758 0.030977 0.023507 0.0131788 0.0709924
950 0.000732886 0.0024742 0.0308882 0.023484 0.0132694 0.0708506
951 0.000741551 0.00247688 0.0310409 0.0235297 0.00517445 0.0629655
952 0.00125528 0.00245158 0.0307304 0.0230938 0.00478677 0.0623199
953 0.000767734 0.00273074 0.0308107 0.0241177 0.00484986 0.0632777
954 0.000727359 0.00254883 0.0303678 0.0232163 0.00458143 0.0624424
955 0.000949318 0.00251109 0.0305386 0.0232515 0.00461009 0.061863
956 0.000902337 0.00247826 0.0306447 0.0232469 0.0207901 0.0780638
957 0.000828312 0.0035397 0.0335371 0.0234775 0.0132474 0.0746314
958 0.000738971 0.00322641 0.0332451 0.0236893 0.0133693 0.0742716
959 0.000797885 0.00312107 0.0331355 0.0235032 0.0140412 0.0746008
960 0.000957953 0.00296653 0.0331591 0.0239459 0.016098 0.077129
961 0.000713196 0.00305466 0.03339 0.0235683 0.0134148 0.0751567
962 0.000842907 0.00306102 0.0336278 0.0236391 0.0133228 0.0744948
963 0.000787635 0.00312043 0.0334532 0.0237417 0.0131691 0.0742745
964 0.000742197 0.00301255 0.0331807 0.0235572 0.00651364 0.0670082
965 0.000739531 0.00322151 0.0331467 0.0234592 0.00521956 0.0657887
966 0.000820315 0.00297943 0.0324429 0.0231585 0.004858 0.0642603
967 0.000814454 0.00313461 0.0328367 0.023697 0.00482539 0.0653092
968 0.000729557 0.00344356 0.0327407 0.0234928 0.00500307 0.0664584
969 0.000729449 0.00327671 0.0327973 0.0231347 0.00485462 0.064795
970 0.000854792 0.00306069 0.0326968 0.0230634 0.0190631 0.0787397
971 0.000752239 0.0035693 0.0336944 0.0250853 0.0129977 0.0761
972 0.000806573 0.00301468 0.0333435 0.0234144 0.0132382 0.0738185
973 0.000787339 0.00309592 0.0332912 0.02367 0.014209 0.0750549
974 0.000780132 0.00307096 0.0330276 0.0239082 0.0159447 0.0767326
975 0.000727048 0.00309538 0.0330607 0.0234351 0.0137444 0.0750721
976 0.000768746 0.00312309 0.0331439 0.023499 0.0131962 0.0737319
977 0.000742505 0.00304809 0.0332678 0.0237848 0.0131453 0.07399
978 0.000762201 0.00317101 0.0332137 0.0235096 0.00661673 0.0672746
979 0.000760284 0.00304304 0.0334709 0.0236018 0.00519898 0.066076
980 0.000776565 0.00299628 0.0327679 0.0232213 0.00495364 0.0647181
981 0.000770061 0.00300984 0.0329769 0.023826 0.00489868 0.0654833
982 0.000733562 0.00309382 0.0328837 0.0231031 0.00495507 0.0657687
983 0.000743673 0.00306689 0.0327271 0.0232694 0.00491007 0.0647182
984 0.000756522 0.00300592 0.0329696 0.0232066 0.0209718 0.0809118
985 0.000778504 0.002969 0.0310391 0.0238073 0.013504 0.0720994
986 0.000743777 0.00251448 0.0307843 0.0231217 0.0134967 0.0706631
987 0.000742891 0.00250578 0.0310318 0.0234309 0.0150691 0.0727814
988 0.000764992 0.00244704 0.0309081 0.0240086 0.0164346 0.0745643
989 0.000738121 0.00253284 0.0309842 0.0234841 0.0134984 0.0722497
990 0.000863775 0.00249978 0.03143 0.023466 0.0138424 0.0721028
991 0.000767201 0.00257032 0.0309846 0.0235756 0.0139144 0.0718131
992 0.000835942 0.0024469 0.0311094 0.0235343 0.00707975 0.0650073
993 0.000819941 0.00258535 0.0309978 0.0235113 0.00537139 0.0632867
994 0.000707241 0.00247349 0.0303564 0.0230411 0.00463841 0.061218
995 0.000716422 0.0026363 0.0301822 0.0233003 0.00470636 0.0615429
996 0.000711266 0.00252903 0.029966 0.02298 0.00462224 0.0618663
997 0.000825092 0.00252673 0.0301744 0.0232001 0.0046204 0.0613477
998 0.000743107 0.00249619 0.0303609 0.0231224 0.00467942 0.061403
999 0.000733321 0.0025373 0.0304726 0.0230399 0.0212734 0.0780577
1000 0.000772693 0.00362442 0.0330846 0.0240343 0.0134607 0.0749775
1001 0.000722568 0.00318276 0.027874 0.0237695 0.0134943 0.0690451
1002 0.000772022 0.00308884 0.0333826 0.0241525 0.0156822 0.0770791
1003 0.000735895 0.00305655 0.0333386 0.0236717 0.0154106 0.0772335
1004 0.00074035 0.00307064 0.033349 0.0237225 0.0134493 0.0743326
1005 0.000713665 0.00315174 0.03312 0.0237399 0.0133319 0.0740581
1006 0.000724895 0.00305131 0.0332458 0.0237043 0.0133072 0.074035
1007 0.000781662 0.00314404 0.0331624 0.0234174 0.00666239 0.0671689
1008 0.000712539 0.00303626 0.0332319 0.0234683 0.00533419 0.0657844
1009 0.000771799 0.00310481 0.0324485 0.0235131 0.00488223 0.0647213
1010 0.000792943 0.00302946 0.017689 0.0234627 0.00444747 0.0504458
1011 0.000734378 0.00321853 0.0325416 0.0229358 0.00523685 0.0646681
1012 0.00084855 0.00305684 0.0326584 0.0231093 0.0048734 0.0645476
1013 0.000794457 0.00319623 0.0325028 0.0231197 0.00489295 0.064507
1014 0.000754823 0.00340998 0.0323694 0.0229643 0.00492358 0.0644237
1015 0.000735607 0.00317405 0.0325387 0.0231296 0.00486164 0.0644415
1016 0.000744895 0.00305254 0.0326398 0.0235383 0.00498284 0.0649592
1017 0.00084547 0.00303761 0.0326734 0.0230408 0.0140708 0.0747227
1018 0.000719206 0.00307461 0.0334672 0.0232288 0.0128536 0.0733444
1019 0.000769338 0.00308523 0.0329493 0.0233072 0.012947 0.073059
1020 0.000856582 0.00315561 0.0328012 0.0230358 0.0145524 0.0744025
1021 0.000744772 0.00314895 0.0330241 0.0232637 0.0150496 0.075232
1022 0.000730844 0.00318476 0.0328023 0.0230948 0.0129316 0.0727453
1023 0.000799644 0.00310103 0.0332401 0.0236197 0.0131875 0.0739488
1024 0.000731782 0.00299685 0.0324689 0.0230677 0.0127327 0.0730691
1025 0.000734419 0.00305019 0.032603 0.0228867 0.00622821 0.065504
1026 0.000738251 0.00307275 0.0327608 0.0228472 0.00518669 0.0646066
1027 0.000740771 0.00309553 0.0239305 0.0231934 0.00402773 0.0549889
1028 0.000726468 0.00297231 0.0318247 0.0225868 0.00447426 0.0625854
1029 0.000788574 0.00323041 0.0318633 0.0156935 0.00402272 0.0556003
1030 0.000739659 0.00301353 0.0317905 0.0233012 0.00460035 0.0634461
1031 0.000705527 0.00303177 0.0320035 0.0228663 0.00447827 0.0641665
1032 0.00100054 0.0030364 0.0318414 0.022615 0.00447712 0.0629715
1033 0.000725253 0.0031385 0.0317196 0.0225612 0.00472419 0.0628697
1034 0.000802298 0.00305103 0.0317015 0.0224771 0.00471472 0.0627477
1035 0.000744034 0.00310744 0.031692 0.0224216 0.00434729 0.0623141
1036 0.000740816 0.00304668 0.0315162 0.0223314 0.00419905 0.0618351
1037 0.000741887 0.00316575 0.031556 0.0230247 0.00429486 0.0627842
1038 0.000759628 0.00294649 0.031648 0.02234 0.00417866 0.0629747
1039 0.00076728 0.00350983 0.0316325 0.0221943 0.00415025 0.062255
1040 0.000748521 0.00303408 0.0316352 0.0225575 0.00417013 0.0621463
1041 0.00075603 0.00318173 0.0318692 0.0226618 0.00475295 0.0632225
1042 0.000820437 0.00314499 0.0316432 0.0221104 0.00418335 0.0619034
1043 0.000777148 0.00308078 0.0309258 0.021773 0.00567485 0.0622453
1044 0.000773027 0.00308175 0.0298407 0.0214308 0.0127858 0.0679129
1045 0.000748397 0.00314697 0.030176 0.0211098 0.0122296 0.0685607
1046 0.000770458 0.00312769 0.0302558 0.0211703 0.0138472 0.069174
1047 0.000733565 0.00305783 0.0305109 0.0178572 0.0145859 0.0667468
1048 0.000734057 0.00308348 0.0304635 0.0212925 0.0123375 0.0679119
1049 0.000727716 0.00315768 0.0309052 0.0862096 0.0124488 0.13345
1050 0.000671254 0.00378837 0.0312293 0.0221124 0.0124332 0.0714187
1051 0.000822322 0.00303517 0.0312408 0.02201 0.0056269 0.062736
1052 0.000726154 0.00302472 0.0312362 0.0220798 0.00411752 0.0611853
1053 0.000809165 0.00310962 0.0306756 0.0220785 0.00376631 0.0604405
1054 0.000782114 0.00301471 0.0310762 0.021887 0.00362677 0.0603879
1055 0.000733869 0.00313226 0.0309811 0.0228112 0.00380578 0.0614652
1056 0.000753142 0.00306699 0.0311415 0.0222156 0.00377745 0.0621214
1057 0.000744228 0.00322232 0.0311524 0.0221676 0.00378619 0.0610741
1058 0.000775315 0.00311467 0.0306073 0.0220323 0.0036796 0.0602106
1059 0.000788961 0.00313262 0.0307916 0.0220163 0.00363601 0.0603669
1060 0.00074534 0.00305546 0.0310237 0.0221621 0.00377106 0.0607588
1061 0.000662071 0.00305028 0.0313586 0.0220449 0.00365216 0.0607688
1062 0.000832898 0.00312404 0.0307024 0.022402 0.00364817 0.060711
1063 0.00077443 0.00324768 0.030583 0.022187 0.00362468 0.0614686
1064 0.000789867 0.00301693 0.0304364 0.0219113 0.00364995 0.059806
1065 0.000873843 0.00304561 0.0308932 0.0220231 0.00380626 0.0606431
1066 0.0012144 0.00406193 0.0326575 0.0227798 0.0120911 0.072806
1067 0.000899606 0.00253296 0.0285971 0.0224655 0.0118755 0.0663731
1068 0.000774437 0.00254839 0.028369 0.0221959 0.0118839 0.065773
1069 0.000827896 0.00252057 0.0286379 0.0227915 0.0138618 0.0686419
1070 0.000714491 0.00246999 0.0287241 0.0223689 0.0141616 0.0696238
1071 0.000736926 0.00251651 0.0286336 0.0225901 0.0118914 0.0663699
1072 0.000753396 0.0024803 0.028633 0.0225474 0.0117124 0.0661275
1073 0.000881091 0.00248964 0.0286884 0.0222295 0.0118287 0.0661182
1074 0.00077601 0.00256348 0.0286189 0.0224485 0.00463755 0.0590456
1075 0.000803617 0.00260368 0.01707 0.0226319 0.00362118 0.0467315
1076 0.000780882 0.00256007 0.0278033 0.0227966 0.00331308 0.0572559
1077 0.00072745 0.00312735 0.0221988 0.0221867 0.00336662 0.0527703
1078 0.000778519 0.00256382 0.0277326 0.0217658 0.00326772 0.0561097
1079 0.000982374 0.0026176 0.0278784 0.0219215 0.00327342 0.0566742
1080 0.000778855 0.00250016 0.0276916 0.0219112 0.00330402 0.0561868
1081 0.000783088 0.00258227 0.0277915 0.0220321 0.00328631 0.0564763
1082 0.000894039 0.00247294 0.0276736 0.0219541 0.00329784 0.0562936
1083 0.000833586 0.00267847 0.0276512 0.022548 0.00332088 0.0570339
1084 0.0007121 0.00246153 0.0276458 0.0219769 0.00329103 0.057293
1085 0.00074031 0.00249543 0.0276207 0.0218999 0.00330272 0.0560605
1086 0.000756415 0.00260934 0.0276407 0.0220667 0.00329277 0.0563678
1087 0.000807609 0.00251762 0.0274207 0.021706 0.0032689 0.0557233
1088 0.000721271 0.0025297 0.0275527 0.0220509 0.00415055 0.057007
1089 0.000790481 0.00261632 0.027587 0.022014 0.0111973 0.064206
1090 0.000740375 0.00257584 0.0276434 0.02243 0.0119405 0.065332
1091 0.00077997 0.0025036 0.0277561 0.0219958 0.0123695 0.0665711
1092 0.000740623 0.00252601 0.0276746 0.0219803 0.0133424 0.0662661
1093 0.000747229 0.00262736 0.0274278 0.0218487 0.0115033 0.0641557
1094 0.000765435 0.00248019 0.0276327 0.0219596 0.0113667 0.0642057
1095 0.000739599 0.00259781 0.0276981 0.0221628 0.0113571 0.0645562
1096 0.000774468 0.00263976 0.027685 0.0221362 0.00411279 0.0573497
1097 0.000726428 0.00255864 0.0281406 0.0225257 0.00326925 0.0572223
1098 0.000711294 0.00248732 0.0271733 0.0218503 0.00294871 0.0563231
1099 0.00073808 0.00251532 0.0194257 0.0221401 0.00290129 0.0477215
1100 0.00074653 0.00256113 0.0272796 0.0219491 0.00290898 0.0554467
