0 9.82651e-05 0.00569857 100 7.63359
0 9.14807e-05 0.00668313 200 7.7821
0 6.09872e-05 0.0098141 300 7.77202
0 5.25763e-05 0.00939041 400 8.14664
0 4.05604e-05 0.00931186 500 8.05153
0 3.91565e-05 0.0110091 600 7.95756
0 4.26147e-05 0.0118464 700 8.50547
0 2.8965e-05 0.010451 800 8.52878
10 5.73601e-05 0.00576123 100 8.13008
10 8.08995e-05 0.00422345 200 8
10 4.68912e-05 0.00807168 300 7.93651
10 4.60812e-05 0.00735212 400 8.28157
10 3.3518e-05 0.00682765 500 8.06452
10 3.43157e-05 0.00773873 600 8.0429
10 3.72267e-05 0.00809793 700 8.59951
10 2.87391e-05 0.00709977 800 8.59291
20 4.60644e-05 0.00494982 100 8.54701
20 8.50657e-05 0.00355138 200 8.16327
20 4.96357e-05 0.00745626 300 8.06452
20 4.42163e-05 0.00658644 400 8.40336
20 3.56417e-05 0.00609763 500 7.97448
20 3.39665e-05 0.00649915 600 8.13008
20 3.6839e-05 0.00682867 700 8.6741
20 2.84e-05 0.00587548 800 8.65801
30 5.94021e-05 0.0048102 100 8.92857
30 8.71767e-05 0.00475933 200 8.23045
30 5.98692e-05 0.00828392 300 8.15217
30 4.58543e-05 0.00735362 400 8.47458
30 3.72766e-05 0.00750402 500 7.89889
30 3.55015e-05 0.00778644 600 8.19672
30 3.84927e-05 0.00817733 700 8.75
30 2.61816e-05 0.006893 800 8.68621
40 4.36732e-05 0.00298872 100 9.00901
40 7.4213e-05 0.00360601 200 8.23045
40 5.85945e-05 0.00722827 300 8.17439
40 4.68986e-05 0.00640232 400 8.52878
40 3.82365e-05 0.00649176 500 7.86164
40 3.79278e-05 0.00643268 600 8.24176
40 3.85496e-05 0.00683251 700 8.79397
40 2.67865e-05 0.00553158 800 8.62999
50 6.90535e-05 0.00202672 100 9.09091
50 8.11203e-05 0.0035682 200 8.19672
50 5.48584e-05 0.00730305 300 8.19672
50 4.95559e-05 0.00651427 400 8.54701
50 3.82739e-05 0.00617897 500 7.86164
50 3.87399e-05 0.00584356 600 8.28729
50 3.81307e-05 0.00605442 700 8.81612
50 2.68421e-05 0.00485819 800 8.33333
60 8.48545e-05 0.00442531 100 9.17431
60 8.12671e-05 0.00445293 200 8.16327
60 6.1139e-05 0.00725723 300 8.21918
60 5.21065e-05 0.00739955 400 8.54701
60 3.96808e-05 0.0062509 500 7.86164
60 3.74887e-05 0.004896 600 8.33333
60 3.88138e-05 0.00413678 700 8.80503
60 2.77229e-05 0.00339559 800 8.28157
70 9.63045e-05 0.00475328 100 9.17431
70 8.79596e-05 0.00359648 200 8.16327
70 6.43274e-05 0.00539441 300 8.26446
70 5.35592e-05 0.00535457 400 8.52878
70 3.88918e-05 0.00535619 500 7.88644
70 4.11041e-05 0.00511786 600 8.39161
70 4.12746e-05 0.00614061 700 8.73908
70 2.87714e-05 0.0037829 800 8.28157
80 0.00011027 0.00343342 100 9.17431
80 9.35426e-05 0.00481003 200 8.13008
80 6.25102e-05 0.00661574 300 8.28729
80 5.00348e-05 0.00642313 400 8.49257
80 3.87813e-05 0.00654659 500 7.91139
80 4.33624e-05 0.00644734 600 8.43882
80 3.84358e-05 0.0068234 700 8.69565
80 3.1598e-05 0.00478507 800 8.29016
90 8.56933e-05 0.00394677 100 8.92857
90 9.67379e-05 0.00547072 200 8.03213
90 7.38381e-05 0.00675485 300 8.26446
90 5.31822e-05 0.00633819 400 8.43882
90 4.69371e-05 0.00702095 500 7.92393
90 4.60514e-05 0.00770716 600 8.47458
90 4.19645e-05 0.00788517 700 8.66337
90 2.56715e-05 0.00548651 800 8.28157
100 0.000178007 0.00450998 100 8.69565
100 0.000103467 0.00569903 200 7.93651
100 8.18691e-05 0.00694629 300 8.26446
100 5.72182e-05 0.00627504 400 8.3682
100 4.7382e-05 0.0069206 500 7.93651
100 4.90734e-05 0.00763172 600 8.52273
100 4.5111e-05 0.00743582 700 8.64198
100 2.63518e-05 0.00522838 800 8.27301
110 0.000196896 0.00710681 100 8.40336
110 0.000103984 0.00435956 200 7.87402
110 7.71199e-05 0.00529051 300 8.26446
110 5.1052e-05 0.00465923 400 8.31601
110 4.93152e-05 0.00644339 500 7.94913
110 4.9557e-05 0.00841376 600 8.5592
110 4.44809e-05 0.00812613 700 8.64198
110 3.07009e-05 0.00515545 800 8.27301
120 0.000155717 0.00479215 100 8.06452
120 8.09732e-05 0.00566283 200 7.84314
120 5.89101e-05 0.00615531 300 8.26446
120 4.96611e-05 0.00486074 400 8.26446
120 4.30583e-05 0.00508342 500 7.97448
120 4.4082e-05 0.00604933 600 8.60832
120 3.54387e-05 0.00534079 700 8.64198
120 2.71389e-05 0.00330699 800 8.27301
130 0.000140249 0.00458172 100 7.8125
130 7.22597e-05 0.00593183 200 7.7821
130 5.89551e-05 0.0058035 300 8.28729
130 4.42332e-05 0.00475348 400 8.11359
130 4.37177e-05 0.00498871 500 8
130 4.31788e-05 0.0061455 600 8.65801
130 3.3147e-05 0.00506067 700 8.65266
130 2.90549e-05 0.00298199 800 8.25593
140 0.000136807 0.00453109 100 7.57576
140 7.52103e-05 0.00639796 200 7.7821
140 5.17778e-05 0.00574948 300 8.31025
140 4.5051e-05 0.00520117 400 7.67754
140 4.20157e-05 0.00519194 500 8.03859
140 4.37048e-05 0.00650243 600 8.69565
140 3.35047e-05 0.0048024 700 8.64198
140 2.73645e-05 0.00293875 800 8.18833
150 0.000122656 0.003073 100 7.46269
150 7.40924e-05 0.00604733 200 7.75194
150 5.95142e-05 0.00523909 300 8.33333
150 4.63874e-05 0.00541028 400 7.60456
150 4.39679e-05 0.00566962 500 8.09062
150 4.37426e-05 0.00715527 600 8.73362
150 3.34174e-05 0.00492273 700 8.53659
150 2.7743e-05 0.00321377 800 7.66284
160 0.000119903 0.0035273 100 7.35294
160 6.38048e-05 0.00650824 200 7.7821
160 5.64764e-05 0.00506903 300 8.35655
160 4.31589e-05 0.00600835 400 7.57576
160 4.30361e-05 0.00662746 500 8.13008
160 4.54288e-05 0.00809501 600 8.75912
160 3.09058e-05 0.00537395 700 8.20633
170 9.161e-05 0.0032259 100 7.29927
170 8.12304e-05 0.00478135 200 7.8125
170 5.80038e-05 0.00452719 300 8.33333
170 4.12884e-05 0.00619473 400 7.57576
170 4.37395e-05 0.00708356 500 8.18331
170 4.53339e-05 0.00875579 600 8.70827
170 2.99787e-05 0.00517825 700 8.15851
180 0.00011027 0.00513024 100 7.24638
180 7.21771e-05 0.00575377 200 7.84314
180 5.39576e-05 0.00481586 300 8.28729
180 3.97624e-05 0.00610395 400 7.60456
180 4.28251e-05 0.00673394 500 8.23723
180 4.17595e-05 0.00813674 600 8.63309
180 3.16987e-05 0.0045347 700 8.14901
190 0.000113886 0.00669514 100 7.19424
190 7.78583e-05 0.0061983 200 7.87402
190 5.84134e-05 0.0050696 300 8.26446
190 4.16299e-05 0.00698548 400 7.63359
190 4.68557e-05 0.00834976 500 8.30565
190 4.34921e-05 0.00925256 600 8.59599
190 2.74893e-05 0.00545509 700 8.15851
200 0.000105406 0.00646354 100 7.19424
200 6.95271e-05 0.00591546 200 7.90514
200 4.93681e-05 0.00462449 300 8.26446
200 4.31416e-05 0.00635435 400 7.67754
200 4.52402e-05 0.00786557 500 8.37521
200 4.35986e-05 0.00812477 600 8.59599
200 2.43145e-05 0.00461534 700 8.17757
210 8.1413e-05 0.00576634 100 7.24638
210 4.46185e-05 0.00515516 200 7.96813
210 4.03963e-05 0.00510849 300 8.24176
210 4.00797e-05 0.00765033 400 7.72201
210 4.22195e-05 0.00938698 500 8.44595
210 4.16165e-05 0.00863046 600 8.60832
210 2.48196e-05 0.00455018 700 8.19672
220 7.4373e-05 0.00639835 100 7.29927
220 4.43505e-05 0.00483183 200 8.06452
220 3.03627e-05 0.0054897 300 8.24176
220 3.73267e-05 0.00832959 400 7.76699
220 4.60136e-05 0.00992778 500 8.51789
220 3.87826e-05 0.00867908 600 8.63309
220 2.39211e-05 0.00483634 700 8.22562
230 9.81437e-05 0.00688691 100 7.35294
230 4.89502e-05 0.00513625 200 8.16327
230 3.24707e-05 0.00649372 300 8.26446
230 4.14864e-05 0.00940846 400 7.82779
230 4.61688e-05 0.0107889 500 8.59107
230 4.00678e-05 0.00895563 600 8.67052
230 2.53242e-05 0.00497316 700 8.24499
240 7.27524e-05 0.00581435 100 7.46269
240 4.48849e-05 0.00514924 200 8.29876
240 3.59183e-05 0.00683016 300 8.28729
240 4.30898e-05 0.00925849 400 7.90514
240 4.66722e-05 0.0103931 500 8.68056
240 3.97192e-05 0.00804724 600 8.72093
240 2.64059e-05 0.00408122 700 8.27423
250 3.99676e-05 0.00656364 100 7.63359
250 3.155e-05 0.00463288 200 8.43882
250 3.25522e-05 0.0054333 300 8.28729
250 3.73068e-05 0.00710937 400 7.98403
250 4.2061e-05 0.00829108 500 8.77193
250 3.71693e-05 0.0060582 600 8.77193
250 2.46918e-05 0.00267184 700 8.30368
260 3.31169e-05 0.00828302 100 7.75194
260 3.12653e-05 0.00552461 200 8.54701
260 3.22661e-05 0.0055337 300 8.02139
260 3.85251e-05 0.00623937 400 8.06452
260 4.12367e-05 0.00733152 500 8.84956
260 3.63586e-05 0.00484347 600 8.81057
260 2.07045e-05 0.00199267 700 8.31354
270 3.55474e-05 0.00945999 100 7.87402
270 2.26407e-05 0.0065206 200 8.65801
270 3.32368e-05 0.006143 300 7.69231
270 3.42453e-05 0.00604514 400 8.13008
270 3.97888e-05 0.00693524 500 8.92857
270 3.50414e-05 0.00364426 600 8.82353
270 2.25925e-05 0.00153704 700 8.26446
280 4.33994e-05 0.00940017 100 7.93651
280 3.82141e-05 0.00701151 200 8.77193
280 4.07879e-05 0.00630132 300 7.61421
280 3.7625e-05 0.00608592 400 8.21355
280 4.24223e-05 0.00701242 500 9.00901
280 3.34358e-05 0.00341251 600 8.78477
280 2.53146e-05 0.00147905 700 7.80379
290 3.04932e-05 0.00872034 100 8.06452
290 3.67025e-05 0.00646619 200 8.84956
290 3.91981e-05 0.00684069 300 7.61421
290 3.92721e-05 0.0067967 400 8.28157
290 4.41951e-05 0.00769465 500 9.05797
290 3.0155e-05 0.0035982 600 8.40336
300 6.42235e-05 0.00738137 100 8.19672
300 4.15758e-05 0.00696626 200 8.92857
300 3.95346e-05 0.00729434 300 7.63359
300 3.91391e-05 0.00703626 400 8.3682
300 4.42059e-05 0.00796334 500 9.07441
300 3.02756e-05 0.00291994 600 8.32178
310 4.47518e-05 0.00771394 100 8.33333
310 3.74261e-05 0.00695722 200 8.88889
310 3.95346e-05 0.00721157 300 7.67263
310 3.98186e-05 0.00685097 400 8.45666
310 4.47846e-05 0.00767043 500 9.00901
310 2.78723e-05 0.00215121 600 8.31025
320 4.36732e-05 0.00752354 100 8.47458
320 4.70883e-05 0.00661044 200 8.84956
320 3.94675e-05 0.00732061 300 7.73196
320 4.25679e-05 0.0072261 400 8.54701
320 4.33453e-05 0.00804839 500 8.94454
320 3.0023e-05 0.00216805 600 8.32178
330 6.73051e-05 0.00829414 100 8.62069
330 4.11434e-05 0.00670674 200 8.84956
330 4.03307e-05 0.00674574 300 7.77202
330 4.16656e-05 0.0073006 400 8.62069
330 4.50288e-05 0.00723019 500 8.91266
330 2.84019e-05 0.00194672 600 8.33333
340 3.08816e-05 0.00802892 100 8.69565
340 3.4699e-05 0.00642125 200 8.84956
340 4.32774e-05 0.00717418 300 7.8329
340 4.21103e-05 0.00784654 400 8.7146
340 4.53455e-05 0.00685153 500 8.91266
340 2.53329e-05 0.00212225 600 8.35655
350 4.52814e-05 0.0105026 100 8.84956
350 4.36733e-05 0.00832563 200 8.77193
350 4.02649e-05 0.00742659 300 7.89474
350 4.01354e-05 0.00754942 400 8.81057
350 4.61894e-05 0.00575774 500 8.92857
350 2.58761e-05 0.000950068 600 8.3682
360 2.88871e-05 0.0118866 100 8.92857
360 3.02971e-05 0.00925903 200 8.77193
360 4.45444e-05 0.00756295 300 7.93651
360 3.80581e-05 0.00764679 400 8.88889
360 4.4087e-05 0.00553965 500 8.96057
360 2.57478e-05 0.000899076 600 8.39161
370 1.61945e-05 0.0112551 100 9.09091
370 4.10709e-05 0.00897156 200 8.73362
370 3.73288e-05 0.00772149 300 8
370 4.16656e-05 0.00776077 400 8.98876
370 4.25906e-05 0.00509504 500 8.97666
370 2.24499e-05 0.00145885 600 8.40336
380 3.99676e-05 0.0106067 100 9.25926
380 3.40049e-05 0.00810791 200 8.62069
380 3.81362e-05 0.007978 300 8.08625
380 4.44181e-05 0.00853071 400 9.07029
380 3.75316e-05 0.00575309 500 9.00901
380 2.32613e-05 0.00246608 600 8.41515
390 4.88282e-05 0.0111447 100 9.43396
390 3.31169e-05 0.00902297 200 7.84314
390 4.09176e-05 0.00932606 300 8.15217
390 4.69303e-05 0.0097762 400 9.17431
390 3.7251e-05 0.00628503 500 9.02527
390 2.03126e-05 0.0031637 600 8.37989
400 2.34172e-05 0.013216 100 9.61539
400 3.78222e-05 0.00980383 200 7.46269
400 3.86194e-05 0.00858236 300 8.24176
400 4.40813e-05 0.00872058 400 9.23787
400 3.65401e-05 0.00439735 500 9.00901
400 2.2123e-05 0.00212684 600 8.24176
410 5.67332e-05 0.0134691 100 9.70874
410 4.64511e-05 0.0108292 200 7.38007
410 4.23805e-05 0.00935356 300 8.31025
410 4.94054e-05 0.00947185 400 9.30233
410 3.2286e-05 0.00448047 500 8.65052
420 3.62119e-05 0.00984737 100 9.61539
420 3.86021e-05 0.00883857 200 7.35294
420 3.50976e-05 0.00725905 300 8.37989
420 4.42668e-05 0.00699555 400 9.28074
420 2.64396e-05 0.0028902 500 8.31947
430 6.157e-05 0.00583682 100 9.34579
430 3.75057e-05 0.00765614 200 7.35294
430 3.72933e-05 0.00659937 300 8.47458
430 4.5479e-05 0.00676415 400 9.13242
430 2.56524e-05 0.0031603 500 8.27815
440 4.11433e-05 0.00602554 100 9.09091
440 4.52156e-05 0.00740596 200 7.38007
440 4.37644e-05 0.00683876 300 8.54701
440 4.69303e-05 0.00667738 400 9.00901
440 3.00048e-05 0.00209042 500 8.26446
450 4.68343e-05 0.00511313 100 8.92857
450 4.3262e-05 0.00697285 200 7.40741
450 4.51058e-05 0.00739548 300 8.64553
450 5.06417e-05 0.00622546 400 8.94855
450 2.69399e-05 0.0024284 500 8.26446
460 6.11816e-05 0.00467635 100 8.69565
460 4.66432e-05 0.00598218 200 7.43494
460 4.29394e-05 0.0065208 300 8.74636
460 5.0228e-05 0.00475551 400 8.92857
460 2.56895e-05 0.00253058 500 8.26446
470 3.93665e-05 0.0057933 100 8.47458
470 5.59932e-05 0.00612073 200 7.46269
470 4.4246e-05 0.0066716 300 8.82353
470 4.9345e-05 0.00433948 400 8.92857
470 2.65296e-05 0.00266836 500 8.26446
480 6.58729e-05 0.00651316 100 8.19672
480 5.08026e-05 0.0066341 200 7.5188
480 4.99814e-05 0.00692373 300 8.92857
480 4.94656e-05 0.00397281 400 8.92857
480 2.51265e-05 0.0030604 500 8.25082
490 5.9201e-05 0.00564931 100 7.57576
490 4.72147e-05 0.00619265 200 7.57576
490 4.95289e-05 0.0064736 300 9.00901
490 4.10713e-05 0.00329638 400 8.90869
490 2.2054e-05 0.00335806 500 8.22368
500 7.81252e-05 0.00674081 100 6.17284
500 4.72147e-05 0.00627657 200 7.63359
500 5.12636e-05 0.00679348 300 9.09091
500 4.02466e-05 0.0028118 400 8.86918
500 2.50124e-05 0.00344818 500 8.07754
510 8.24316e-05 0.00768342 100 5.91716
510 4.10709e-05 0.00540571 200 7.69231
510 4.85565e-05 0.00539799 300 9.14634
510 3.56315e-05 0.00204856 400 8.54701
520 9.95906e-05 0.00806083 100 5.88235
520 4.57399e-05 0.00509347 200 7.8125
520 5.15727e-05 0.00520821 300 9.14634
520 3.36748e-05 0.0021186 400 8.04829
530 9.79005e-05 0.00795079 100 5.95238
530 4.44847e-05 0.00452181 200 7.96813
530 5.23882e-05 0.00439272 300 9.09091
530 3.3697e-05 0.0031093 400 8.01603
540 9.35416e-05 0.00851434 100 6.06061
540 5.48641e-05 0.00513136 200 8.13008
540 5.01402e-05 0.00547674 300 8.98204
540 3.20655e-05 0.00299803 400 8.03213
550 5.02717e-05 0.00881742 100 6.13497
550 4.22865e-05 0.00609694 200 8.29876
550 4.50471e-05 0.00458992 300 8.92857
550 2.56058e-05 0.00433566 400 8.06452
560 4.14321e-05 0.00929089 100 6.25
560 4.5544e-05 0.00723943 200 8.43882
560 5.05087e-05 0.00493808 300 8.92857
560 2.3796e-05 0.00488638 400 8.08081
570 4.70882e-05 0.010449 100 6.41026
570 5.81858e-05 0.00891926 200 8.65801
570 5.05873e-05 0.00609385 300 8.95522
570 2.58951e-05 0.0057048 400 8.13008
580 5.52428e-05 0.0118898 100 6.53595
580 6.21005e-05 0.0102408 200 8.84956
580 4.8063e-05 0.00705363 300 9.00901
580 2.3796e-05 0.00610748 400 8.16327
590 4.78416e-05 0.0137281 100 6.66667
590 6.07419e-05 0.0115264 200 9.04977
590 3.41411e-05 0.00823128 300 9.06344
590 7.42525e-06 0.00644275 400 8.19672
600 7.64283e-05 0.0141214 100 6.84932
600 7.46135e-05 0.0117332 200 9.25926
600 4.67214e-05 0.00774513 300 9.14634
600 2.13536e-05 0.0066892 400 8.23045
610 4.90717e-05 0.0125199 100 7.0922
610 6.43166e-05 0.0100046 200 9.52381
610 4.124e-05 0.00658627 300 9.25926
610 1.71768e-05 0.00631401 400 8.28157
620 6.55099e-05 0.0124345 100 7.46269
620 7.30391e-05 0.0100564 200 9.85222
620 3.98017e-05 0.00641127 300 9.40439
620 2.05355e-05 0.00643545 400 8.3682
630 6.45937e-05 0.0120934 100 7.93651
630 6.77468e-05 0.00972409 200 10.2564
630 4.04618e-05 0.00623758 300 9.6463
630 1.40779e-05 0.00621456 400 8.49257
640 7.00817e-05 0.0118753 100 8.54701
640 7.03792e-05 0.0100784 200 10.7527
640 3.86194e-05 0.00643827 300 9.90099
640 1.49505e-05 0.00605481 400 8.62069
650 6.90535e-05 0.0114124 100 9.17431
650 7.56449e-05 0.00987763 200 11.236
650 3.94675e-05 0.00599297 300 10.1351
650 1.61022e-05 0.00592388 400 8.7146
660 6.56916e-05 0.00990155 100 9.80392
660 7.1846e-05 0.00883924 200 11.7647
660 3.89609e-05 0.0053472 300 10.3448
660 1.44436e-05 0.00584183 400 8.73362
670 7.94866e-05 0.00686631 100 10.4167
670 6.59636e-05 0.00691335 200 12.1951
670 3.56963e-05 0.00421566 300 10.3806
670 1.5537e-05 0.00568894 400 8.49257
680 9.08259e-05 0.00859049 100 10.989
680 8.2901e-05 0.00822178 200 12.5
680 2.73322e-05 0.00585351 300 9.67742
690 9.92309e-05 0.00891371 100 11.4943
690 8.72793e-05 0.00822118 200 12.5786
690 2.58887e-05 0.00640637 300 9.09091
700 9.31585e-05 0.00852406 100 11.9048
700 7.82782e-05 0.00811415 200 12.0482
700 2.40313e-05 0.0063081 300 9.00901
710 8.95037e-05 0.00792288 100 12.3457
710 5.77229e-05 0.00623247 200 11.4943
710 2.40313e-05 0.00588665 300 8.95522
720 6.58729e-05 0.00585694 100 12.8205
720 5.93521e-05 0.00330007 200 11.236
720 2.54241e-05 0.00675086 300 8.90208
730 7.46928e-05 0.0069605 100 13.3333
730 5.38774e-05 0.00402501 200 11.0497
730 2.12214e-05 0.00688191 300 8.87574
740 7.88845e-05 0.00613623 100 13.6986
740 5.56729e-05 0.00369574 200 10.929
740 1.1039e-05 0.00702412 300 8.82353
750 8.56933e-05 0.00595243 100 14.0845
750 4.48849e-05 0.00395716 200 10.8108
750 9.34988e-06 0.0071635 300 8.74636
760 8.30081e-05 0.00366951 100 14.2857
760 4.5544e-05 0.00460955 200 10.582
760 1.46484e-05 0.00756427 300 8.42697
770 7.19285e-05 0.000362474 100 14.0845
770 3.8833e-05 0.00682732 200 8.92857
780 7.99353e-05 0.00126881 100 12.5
780 3.2755e-05 0.00908439 200 8.03213
790 6.87074e-05 0.00285612 100 10.4167
790 3.79795e-05 0.0100363 200 7.8125
800 0.000127235 0.00662592 100 9.52381
800 5.05084e-05 0.0114294 200 7.63359
810 0.000156023 0.0065834 100 9.00901
810 5.40982e-05 0.011973 200 7.46269
820 0.000128818 0.00856216 100 8.62069
820 4.91326e-05 0.011868 200 7.27273
830 0.000121386 0.0112239 100 8.13008
830 5.69955e-05 0.0120977 200 6.82594
840 0.00010219 0.0123892 100 6.21118
850 0.000116576 0.0168185 100 5.81395
860 0.000103119 0.0168904 100 5.88235
870 0.000105632 0.0151971 100 6.0241
880 5.43728e-05 0.0135493 100 6.13497
890 8.03815e-05 0.0119974 100 6.21118
900 8.73467e-05 0.0103844 100 6.28931
910 0.00010184 0.0119594 100 6.32911
920 7.51701e-05 0.0122737 100 6.32911
930 7.09271e-05 0.0114991 100 6.28931
940 8.06775e-05 0.011151 100 6.17284
950 4.68343e-05 0.00871056 100 5.88235
960 5.85938e-05 0.00636621 100 5.12821
970 4.14321e-05 0.00639835 100 4.40529
