0 5.3041e-05 0.00477764 100 13.5135
0 5.15596e-05 0.00100468 200 13.6054
0 4.74807e-05 0.00383685 300 14.0845
10 3.8136e-05 0.0041895 100 13.5135
10 4.24974e-05 0.00108699 200 13.6986
10 4.30627e-05 0.00333738 300 14.1509
20 4.9314e-05 0.00254663 100 13.5135
20 5.11534e-05 0.00177476 200 13.6986
20 4.4036e-05 0.00460381 300 14.2857
30 3.78221e-05 0.0034181 100 13.5135
30 4.43505e-05 0.00162503 200 13.7931
30 3.83095e-05 0.00400243 300 14.3541
40 4.39454e-05 0.00393103 100 13.3333
40 4.93142e-05 0.00166585 200 13.8889
40 4.20353e-05 0.00428691 300 14.4928
50 3.78221e-05 0.00320203 100 13.3333
50 4.21453e-05 0.00144963 200 13.986
50 4.156e-05 0.00411385 300 14.5631
60 5.12114e-05 0.00327897 100 13.3333
60 4.34681e-05 0.00302404 200 13.986
60 4.59784e-05 0.00480709 300 14.6341
70 4.58049e-05 0.00217918 100 13.3333
70 4.91326e-05 0.0032243 200 14.1844
80 5.43728e-05 0.00192343 100 13.5135
80 5.16174e-05 0.00346891 200 14.2857
90 5.58864e-05 0.00155495 100 13.5135
90 4.35366e-05 0.00372559 200 14.4928
100 6.32886e-05 0.00341868 100 13.6986
100 4.63226e-05 0.00387863 200 14.7059
110 6.2721e-05 0.00399067 100 14.0845
110 4.61292e-05 0.00344626 200 14.8148
120 5.25896e-05 0.00480798 100 14.2857
120 3.94422e-05 0.00348383 200 15.0376
130 4.17188e-05 0.00322545 100 14.4928
130 4.96755e-05 0.00322606 200 15.1515
140 4.58049e-05 0.00289074 100 14.7059
140 5.05084e-05 0.00300262 200 15.3846
150 4.58049e-05 0.00421105 100 14.9254
160 3.58812e-05 0.00332707 100 15.1515
170 3.20188e-05 0.00422751 100 15.3846
180 4.63225e-05 0.00429518 100 15.3846
190 6.32886e-05 0.00430005 100 15.625
200 5.3711e-05 0.00187759 100 15.625
