0 2.22045e-16 -4.65661e-10 -2.98023e-08
-0.0418032 3.57563 -0.00759392 3.60532
-0.0836255 7.15277 -0.00442813 7.21647
-0.125431 10.7283 -0.0032153 10.8438
-0.167141 14.3035 -0.00931722 14.4204
-0.208176 17.881 -0.0342969 18.0097
-0.253156 21.4647 -0.0712481 21.5697
-0.307115 25.0468 -0.100575 25.1675
-0.367799 28.6371 -0.156019 28.772
-0.435716 32.2319 -0.201591 32.3522
-0.509819 35.8126 -0.249679 35.9527
-0.590462 39.4055 -0.306737 39.5407
-0.675668 42.9959 -0.32841 43.1574
-0.761728 46.5961 -0.381604 46.7585
-0.822002 50.2035 -0.406744 50.3717
-0.875378 53.8112 -0.428738 53.9876
-0.933231 57.4278 -0.453207 57.6089
-1.00672 61.0421 -0.495597 61.2513
-1.07847 64.6476 -0.570624 64.8322
-1.15768 68.2411 -0.634422 68.3848
-1.24323 71.816 -0.634408 71.9836
-1.31025 75.3655 -0.688765 75.5592
-1.33795 78.8946 -0.656904 79.0493
-1.33565 82.3991 -0.667449 82.5776
-1.29299 85.877 -0.576663 86.0226
-1.21667 89.3334 -0.461993 89.482
-1.10175 92.7913 -0.34888 92.9068
-0.953966 96.2554 -0.197528 96.3877
-0.782045 99.7397 -0.0125073 99.8584
-0.607718 103.279 0.194566 103.425
-0.448327 106.867 0.356837 107.028
-0.329075 110.492 0.48573 110.65
-0.253779 114.143 0.580223 114.336
-0.232571 117.812 0.61328 118.012
-0.256232 121.501 0.619828 121.714
-0.297015 125.224 0.593986 125.447
-0.353204 128.97 0.569755 129.2
-0.397623 132.734 0.589159 132.989
-0.443887 136.523 0.612543 136.833
-0.490815 140.331 0.666908 140.672
-0.550146 144.153 0.706048 144.5
-0.601569 147.961 0.752393 148.313
-0.649286 151.756 0.803092 152.106
-0.703475 155.553 0.82579 155.885
-0.75814 159.342 0.876254 159.673
-0.821014 163.126 0.898101 163.466
-0.891591 166.914 0.90014 167.293
-0.968255 170.705 0.916147 171.095
-1.05365 174.498 0.894522 174.915
-1.14094 178.289 0.873348 178.705
-1.22091 182.072 0.863944 182.505
-1.31192 185.843 0.858662 186.294
-1.40087 189.586 0.858649 190.034
-1.48235 193.303 0.846774 193.747
-1.54334 196.982 0.850537 197.441
-1.59323 200.619 0.869452 201.073
-1.62986 204.203 0.884567 204.651
-1.65597 207.709 0.896349 208.126
-1.68092 211.094 0.92182 211.5
-1.71766 214.345 0.923992 214.757
-1.7581 217.485 0.932727 217.895
-1.82019 220.495 0.913336 220.896
-1.9005 223.323 0.869085 223.735
-1.99932 225.946 0.813142 226.397
-2.11395 228.382 0.730892 228.825
-2.21517 230.658 0.64249 231.111
-2.30914 232.838 0.574097 233.298
-2.38958 234.992 0.532278 235.461
-2.45827 237.112 0.497357 237.583
-2.50154 239.2 0.470193 239.677
-2.5282 241.264 0.475663 241.747
-2.54339 243.356 0.499315 243.88
-2.54662 245.471 0.537922 246.006
-2.54206 247.636 0.59388 248.178
-2.54094 249.857 0.651827 250.399
-2.52947 252.145 0.722109 252.689
-2.52283 254.511 0.786934 255.084
-2.49585 256.93 0.851709 257.471
-2.42627 259.43 0.955527 259.98
-2.34791 261.94 1.07871 262.501
-2.24929 264.463 1.21749 265.045
-2.1206 266.989 1.3862 267.573
-1.97234 269.529 1.57555 270.098
-1.82945 272.089 1.75213 272.659
-1.70085 274.651 1.91513 275.198
-1.58558 277.204 2.0576 277.767
-1.48931 279.735 2.18614 280.279
-1.4319 282.203 2.27574 282.746
-1.41125 284.555 2.32871 285.071
-1.42342 286.744 2.35624 287.308
-1.47765 288.751 2.34525 289.32
-1.59716 290.628 2.26363 291.186
-1.83449 292.379 2.05507 292.907
-2.20954 293.998 1.70544 294.516
-2.73939 295.467 1.18933 296.012
-3.42557 296.783 0.516336 297.343
-4.26856 297.944 -0.31789 298.509
-5.27032 298.869 -1.29924 299.457
-6.40439 299.609 -2.41211 300.196
-7.62009 300.062 -3.60701 300.681
-8.84975 300.287 -4.83791 300.925
-10.1361 300.271 -6.10323 300.917
-11.4879 299.994 -7.45531 300.658
-12.8598 299.434 -8.82075 300.107
-14.2125 298.522 -10.1644 299.294
-15.5692 297.36 -11.5368 298.148
-16.9039 295.877 -12.9121 296.68
-18.1234 294.047 -14.1825 294.859
-19.2138 291.862 -15.3063 292.725
-20.1292 289.391 -16.2828 290.242
-20.8116 286.621 -17.0388 287.479
-21.2269 283.593 -17.5303 284.447
-21.3836 280.311 -17.7536 281.17
-21.2898 276.829 -17.7364 277.634
-21.0019 273.207 -17.5016 273.991
-20.6659 269.428 -17.2224 270.23
-20.3459 265.51 -16.9776 266.308
-20.0709 261.517 -16.79 262.29
-19.8553 257.511 -16.6218 258.225
-19.7034 253.475 -16.5157 254.198
-19.6137 249.416 -16.4956 250.191
-19.5513 245.338 -16.4993 246.101
-19.5138 241.222 -16.5037 241.979
-19.481 237.073 -16.517 237.751
-19.4304 232.893 -16.5224 233.558
-19.3556 228.688 -16.517 229.347
-19.2882 224.454 -16.5081 225.112
-19.2149 220.186 -16.4952 220.858
-19.1405 215.891 -16.4977 216.576
-19.0532 211.57 -16.469 212.23
-18.9602 207.219 -16.4801 207.87
-18.8648 202.832 -16.4477 203.478
-18.7808 198.44 -16.436 199.071
-18.6972 194.056 -16.4686 194.652
-18.6285 189.691 -16.463 190.337
-18.5769 185.352 -16.4892 185.987
-18.5334 181.032 -16.509 181.616
-18.5107 176.751 -16.5482 177.297
-18.5183 172.538 -16.6259 173.141
-18.5517 168.447 -16.6905 169.015
-18.605 164.539 -16.799 165.099
-18.6621 160.837 -16.8958 161.382
-18.7171 157.36 -16.986 157.918
-18.7623 154.117 -17.0578 154.667
-18.8044 151.111 -17.1424 151.628
-18.8377 148.339 -17.2031 148.857
-18.8628 145.754 -17.2634 146.288
-18.8863 143.302 -17.3169 143.814
-18.9087 140.993 -17.3656 141.505
-18.9268 138.765 -17.3998 139.27
-18.9546 136.621 -17.4642 137.145
-18.9791 134.517 -17.5201 135.031
-19.0039 132.429 -17.5645 132.947
-19.0117 130.377 -17.6074 130.867
-19.0297 128.287 -17.6612 128.777
-19.0409 126.09 -17.6767 126.581
-19.034 123.793 -17.6957 124.267
-19.0079 121.337 -17.7065 121.802
-18.9624 118.74 -17.6877 119.193
-18.8816 115.984 -17.6417 116.432
-18.7626 113.072 -17.5612 113.514
-18.5927 110.01 -17.4253 110.431
-18.3897 106.797 -17.2582 107.194
-18.1873 103.411 -17.0916 103.83
-17.972 99.8817 -16.9287 100.282
-17.7537 96.2085 -16.7601 96.6028
-17.5437 92.3932 -16.6044 92.7553
-17.3507 88.4541 -16.4511 88.7953
-17.1883 84.3517 -16.3386 84.6856
-17.0483 80.1265 -16.2575 80.4779
-16.9389 75.7575 -16.1985 76.0998
-16.8449 71.3345 -16.1721 71.6459
-16.7792 66.9246 -16.1608 67.2146
-16.7237 62.5225 -16.1613 62.7576
-16.6773 58.1185 -16.1339 58.3783
-16.6229 53.7352 -16.0449 53.9744
-16.5545 49.3668 -15.9867 49.6423
-16.4783 45.0138 -15.9722 45.2689
-16.4018 40.6979 -15.9015 40.908
-16.3325 36.3968 -15.9095 36.585
-16.264 32.1247 -15.877 32.3088
-16.2128 27.8676 -15.8773 28.0582
-16.1536 23.6461 -15.848 23.8284
-16.1004 19.4725 -15.8051 19.6776
-16.0573 15.333 -15.7706 15.5349
-15.9999 11.2215 -15.7543 11.4126
-15.9576 7.1228 -15.7257 7.25634
-15.9259 3.03892 -15.7171 3.13378
-15.8712 -1.06317 -15.6782 -0.995581
-15.8232 -5.19233 -15.6512 -5.13005
-15.7739 -9.35714 -15.613 -9.27164
-15.7223 -13.5475 -15.5847 -13.5228
-15.6752 -17.7644 -15.5711 -17.7283
-15.6299 -22.0039 -15.5468 -21.9658
-15.5903 -26.2678 -15.5126 -26.2272
-15.5368 -30.5478 -15.4457 -30.5084
-15.4933 -34.82 -15.4027 -34.812
-15.4441 -39.0822 -15.3478 -39.0667
-15.3925 -43.3226 -15.2834 -43.306
-15.3378 -47.5379 -15.2199 -47.5326
-15.277 -51.7485 -15.167 -51.7677
-15.2177 -55.9495 -15.1029 -55.9922
-15.1701 -60.1507 -15.0472 -60.2145
-15.128 -64.3508 -15.0053 -64.4145
-15.0914 -68.5388 -14.9708 -68.6198
-15.0644 -72.7084 -14.954 -72.7605
-15.0308 -76.8564 -14.9276 -76.9319
-14.9793 -80.9536 -14.8853 -81.0743
-14.9247 -85.035 -14.841 -85.1497
-14.874 -89.0704 -14.7969 -89.1946
-14.8243 -93.0767 -14.7587 -93.1854
-14.787 -97.0455 -14.738 -97.1673
-14.7585 -100.984 -14.7277 -101.107
-14.7396 -104.892 -14.7237 -105.019
-14.7282 -108.763 -14.7237 -108.894
-14.7248 -112.605 -14.7343 -112.754
-14.7178 -116.411 -14.7391 -116.566
-14.7098 -120.173 -14.7463 -120.345
-14.7005 -123.867 -14.7534 -124.055
-14.6985 -127.485 -14.7566 -127.667
-14.7123 -131.009 -14.7857 -131.205
-14.7333 -134.417 -14.8099 -134.631
-14.7523 -137.654 -14.8444 -137.864
-14.7736 -140.676 -14.8842 -140.919
-14.8084 -143.452 -14.9304 -143.69
-14.8188 -145.963 -14.9527 -146.197
-14.6882 -148.225 -14.8366 -148.455
-14.3642 -150.225 -14.5249 -150.459
-13.8334 -151.95 -14.0044 -152.15
-13.0824 -153.424 -13.2634 -153.618
-12.0933 -154.666 -12.2836 -154.84
-10.9011 -155.63 -11.1028 -155.787
-9.56712 -156.278 -9.76755 -156.425
-8.1744 -156.635 -8.38668 -156.766
-6.73417 -156.651 -6.99141 -156.779
-5.26192 -156.394 -5.51419 -156.521
-3.83834 -155.808 -4.07329 -155.933
-2.48057 -154.891 -2.71392 -154.995
-1.26849 -153.64 -1.52874 -153.757
-0.226137 -152.061 -0.484737 -152.226
0.552355 -150.217 0.299412 -150.383
1.04825 -148.113 0.794075 -148.3
1.3485 -145.76 1.10151 -145.95
1.46345 -143.198 1.21963 -143.402
1.47132 -140.451 1.2256 -140.66
1.49937 -137.518 1.24252 -137.729
1.5045 -134.422 1.25647 -134.632
1.49856 -131.16 1.25691 -131.386
1.47002 -127.744 1.23022 -127.958
1.43672 -124.185 1.20267 -124.393
1.41318 -120.492 1.18784 -120.693
1.40577 -116.657 1.19366 -116.837
1.38503 -112.695 1.19124 -112.865
1.33055 -108.593 1.15779 -108.744
1.25962 -104.368 1.10178 -104.509
1.17008 -100.008 1.03483 -100.116
1.08927 -95.5157 0.974698 -95.6242
1.00915 -90.9823 0.902442 -91.0727
0.939998 -86.4669 0.851992 -86.5286
0.883448 -81.9495 0.801788 -82.0315
0.838174 -77.4396 0.76295 -77.5242
0.800315 -72.9364 0.732117 -73.0089
0.745043 -68.4626 0.697145 -68.5579
0.694629 -64.0051 0.647927 -64.0888
0.637038 -59.5756 0.624428 -59.6339
0.557118 -55.1606 0.542128 -55.2259
0.456131 -50.7785 0.460312 -50.8306
0.362164 -46.418 0.361014 -46.4433
0.280628 -42.0791 0.291565 -42.0626
0.202969 -37.7625 0.202411 -37.7368
0.132669 -33.4638 0.123175 -33.4143
0.0848288 -29.194 0.0550704 -29.1378
0.0525687 -24.9477 0.0153307 -24.8967
0.0323287 -20.7384 -0.00215895 -20.6868
0.0251613 -16.5503 0.00548014 -16.4746
0.0215879 -12.4038 0.0213811 -12.3289
-0.000536566 -8.28514 0.0331673 -8.20087
-0.0311414 -4.18329 0.0349528 -4.08735
-0.0728973 -0.0907003 0.0149262 0.016413
-0.117564 3.98804 -0.00731674 4.10072
-0.160177 8.05984 -0.0411722 8.18526
-0.208154 12.1232 -0.079207 12.2588
-0.24822 16.1809 -0.13177 16.3384
-0.283357 20.2333 -0.146233 20.388
-0.323376 24.2731 -0.175326 24.4288
-0.367457 28.2931 -0.175646 28.465
-0.413999 32.2825 -0.183363 32.4562
-0.451537 36.2434 -0.178742 36.4249
-0.483912 40.1738 -0.190143 40.3506
-0.534623 44.076 -0.217539 44.2745
-0.599992 47.9611 -0.237798 48.1569
-0.674006 51.8104 -0.282821 52.0171
-0.762477 55.6295 -0.355261 55.8696
-0.859787 59.4341 -0.426923 59.6915
-0.962179 63.2074 -0.486896 63.4611
-1.06865 66.9537 -0.541856 67.1687
-1.18816 70.6687 -0.649041 70.8411
-1.29346 74.3411 -0.667871 74.5322
-1.3594 77.8869 -0.68564 78.0351
-1.40295 81.2677 -0.702097 81.4252
-1.40264 84.5575 -0.665017 84.7326
-1.39133 87.8365 -0.635581 88.022
-1.3724 91.0757 -0.596597 91.2239
-1.34885 94.2821 -0.575455 94.465
-1.34636 97.4521 -0.56177 97.6195
-1.39741 100.636 -0.574832 100.816
-1.50781 103.868 -0.672465 104.036
-1.68624 107.147 -0.820518 107.327
-1.8557 110.482 -0.963784 110.7
-1.94909 113.881 -1.04432 114.138
-1.94014 117.341 -0.992649 117.596
-1.83308 120.866 -0.840845 121.123
-1.66595 124.466 -0.639452 124.742
-1.45419 128.143 -0.380855 128.443
-1.21275 131.911 -0.0718731 132.221
-0.998254 135.781 0.215096 136.068
-0.86007 139.749 0.473323 140.043
-0.808213 143.818 0.61139 144.123
-0.818199 147.962 0.673061 148.285
-0.863698 152.202 0.706362 152.507
-0.925229 156.508 0.739353 156.845
-1.00734 160.832 0.722493 161.217
-1.11266 165.145 0.681257 165.511
-1.22558 169.454 0.65133 169.86
-1.33319 173.747 0.63549 174.133
-1.42753 178.011 0.612989 178.391
-1.49824 182.25 0.614463 182.634
-1.55921 186.456 0.638195 186.88
-1.60307 190.634 0.71089 191.057
-1.63387 194.776 0.720205 195.216
-1.66987 198.89 0.746668 199.32
-1.70598 202.97 0.803379 203.412
-1.73778 207.012 0.812142 207.442
-1.7684 211.025 0.845059 211.445
-1.80273 214.967 0.882633 215.386
-1.84251 218.743 0.864958 219.179
-1.89517 222.285 0.850054 222.711
-1.97197 225.567 0.797776 226.021
-2.07378 228.574 0.719514 229.027
-2.17419 231.287 0.654099 231.747
-2.28007 233.719 0.581544 234.171
-2.37256 236.037 0.51765 236.525
-2.42154 238.338 0.553554 238.807
-2.45747 240.614 0.583326 241.09
-2.47794 242.859 0.596534 243.386
-2.4876 245.075 0.616922 245.606
-2.49727 247.316 0.651256 247.849
-2.50649 249.599 0.668461 250.152
-2.50345 251.922 0.677607 252.507
-2.49893 254.304 0.728279 254.87
-2.47578 256.707 0.788806 257.266
-2.41879 259.176 0.891682 259.757
-2.35718 261.688 1.0019 262.276
-2.27845 264.283 1.12353 264.865
-2.18105 266.96 1.2367 267.503
-2.07299 269.712 1.38532 270.298
-1.97718 272.516 1.52462 273.128
-1.90331 275.322 1.63211 275.892
-1.86017 278.122 1.7231 278.653
-1.83488 280.907 1.79537 281.434
-1.82038 283.663 1.8653 284.228
-1.82129 286.356 1.9333 286.91
-1.83581 288.891 1.96525 289.418
-1.84383 291.366 2.00462 291.902
-1.84021 293.812 2.05395 294.361
-1.82383 296.232 2.11632 296.776
-1.81203 298.624 2.16565 299.173
