# initialization preprocessing icp loop mapping
0 0.00152578 0.0047813 0 0 0.0194142 0.0257237
1 0.000771085 0.00358358 0.0183635 2.8747e-05 0.000531176 0.0232795
2 0.000758238 0.00225 0.0186646 6.075e-06 0.000577992 0.022258
3 0.00089921 0.00215316 0.0184975 6.919e-06 0.000615633 0.0221741
4 0.000758239 0.00242692 0.0115328 1.1813e-05 0.00061605 0.0153472
5 0.000775014 0.00219008 0.0185219 7.98e-06 0.000641783 0.0221385
6 0.000755086 0.00215635 0.0186607 8.335e-06 0.000672434 0.0222541
7 0.000753672 0.00214162 0.0186321 9.133e-06 0.000684353 0.0222224
8 0.000748048 0.00216574 0.0186646 9.118e-06 0.000707665 0.0222965
9 0.000762858 0.00212562 0.0109188 9.622e-06 0.00341708 0.0172354
10 0.000762702 0.00260547 0.0205321 9.864e-06 0.000901813 0.0248135
11 0.000759624 0.00309587 0.0226053 1.0655e-05 0.000908214 0.0273806
12 0.000751803 0.00260791 0.0207201 1.1066e-05 0.0142674 0.0383595
13 0.000766724 0.00315145 0.0226734 1.1361e-05 0.00796805 0.0345725
14 0.000804808 0.00263182 0.0206794 1.2356e-05 0.0077943 0.031924
15 0.000769093 0.00313592 0.0227387 1.2025e-05 0.0010018 0.0276594
16 0.000767284 0.00268231 0.0205697 1.2999e-05 0.00103683 0.0250714
17 0.0010015 0.00307256 0.0227386 1.3256e-05 0.00105606 0.0278834
18 0.000758918 0.00258136 0.0176553 1.394e-05 0.00101359 0.0220246
19 0.000762502 0.00312611 0.0227317 1.4092e-05 0.000940474 0.0275757
20 0.000759011 0.00261062 0.0206968 1.4518e-05 0.000965548 0.0250481
21 0.00076225 0.0030559 0.022564 1.5104e-05 0.000982389 0.0273811
22 0.000764815 0.00261222 0.0202456 1.6556e-05 0.000982895 0.0246237
23 0.000744274 0.00308854 0.0226351 1.5331e-05 0.000999011 0.0274842
24 0.000765533 0.00260823 0.0206415 1.6887e-05 0.00123564 0.0252688
25 0.000754044 0.00309126 0.022766 1.6611e-05 0.00124363 0.027873
26 0.000811358 0.00259137 0.0204356 1.7469e-05 0.00802751 0.0318843
27 0.00074855 0.00308579 0.0228049 1.819e-05 0.00845309 0.0351122
28 0.000765258 0.00260011 0.0208168 1.8125e-05 0.00822679 0.0324285
29 0.000758158 0.00308852 0.0226766 1.8332e-05 0.00831845 0.034862
30 0.000758666 0.00260443 0.0210572 1.8726e-05 0.00825384 0.0326938
31 0.000771628 0.00306986 0.0229536 1.9511e-05 0.00137138 0.0281871
32 0.000759398 0.00261235 0.0211474 2.0526e-05 0.00139587 0.025937
33 0.000767473 0.00443223 0.0231533 1.9731e-05 0.00119249 0.0295662
34 0.000758673 0.00316236 0.0228248 2.1424e-05 0.00120473 0.0279735
35 0.000726767 0.0036474 0.022987 2.2007e-05 0.00122001 0.0286046
36 0.000823305 0.00370849 0.0231025 2.2464e-05 0.00125453 0.0289126
37 0.00109398 0.00392441 0.0231224 2.3049e-05 0.00125432 0.0294198
38 0.00113309 0.00401334 0.0230406 2.4099e-05 0.00160235 0.0298145
39 0.00111487 0.00395914 0.0230229 2.3027e-05 0.0015481 0.0296691
40 0.00077787 0.00380131 0.0232343 2.4014e-05 0.00863795 0.0364766
41 0.000841041 0.00374694 0.0230965 2.5352e-05 0.00861187 0.0363231
42 0.00115627 0.00414045 0.0236065 2.5096e-05 0.0086937 0.0376236
43 0.00151215 0.00363194 0.0231997 2.6151e-05 0.00865313 0.0370248
44 0.00076198 0.00376772 0.0229288 2.6855e-05 0.00877102 0.0362578
45 0.000810068 0.00371156 0.0232268 2.9182e-05 0.00171076 0.0294893
46 0.000775216 0.00375762 0.0232285 3.0399e-05 0.00171034 0.0295036
47 0.000776868 0.00381861 0.0229583 2.858e-05 0.0014447 0.0290283
48 0.00109848 0.00408294 0.0227089 2.8655e-05 0.00145723 0.0293779
49 0.00156141 0.0036618 0.0232316 2.9147e-05 0.00147099 0.0299567
50 0.00077881 0.00382266 0.023136 3.0081e-05 0.0014685 0.0292372
51 0.000808402 0.00315534 0.0233254 3.0355e-05 0.00150436 0.0288255
52 0.0011696 0.00385055 0.0233625 3.0604e-05 0.00185294 0.0302678
53 0.000840029 0.0038733 0.0235269 3.1091e-05 0.00889148 0.0371646
54 0.000773608 0.00378075 0.0237508 3.2523e-05 0.00899686 0.0373358
55 0.000759502 0.0031699 0.0233661 3.213e-05 0.00893556 0.0362644
56 0.000765931 0.00310934 0.0237141 3.308e-05 0.00902128 0.0366451
57 0.000808072 0.00376609 0.0233971 3.3182e-05 0.0090768 0.0370824
58 0.000776953 0.0031124 0.0234539 3.3709e-05 0.00899006 0.0363683
59 0.000817776 0.00394701 0.0235907 3.4474e-05 0.00899269 0.037384
60 0.00180434 0.00362155 0.0235704 3.3993e-05 0.00210602 0.0311375
61 0.000776261 0.00378228 0.023763 3.5554e-05 0.00167377 0.030032
62 0.000833568 0.00371549 0.0236732 3.5188e-05 0.00166818 0.0299266
63 0.000822933 0.0037643 0.0234537 3.5051e-05 0.00167789 0.029755
64 0.00084086 0.00317636 0.0238085 3.7157e-05 0.00170477 0.0295693
65 0.000789896 0.00379423 0.0237905 3.7244e-05 0.00172334 0.0301365
66 0.000802627 0.00373819 0.0240289 3.8013e-05 0.00910551 0.0377142
67 0.0011336 0.00388049 0.0237294 3.8434e-05 0.00912115 0.0379044
68 0.000782436 0.00380422 0.0239767 3.9117e-05 0.00919287 0.0377972
69 0.000771698 0.00317793 0.023664 3.9389e-05 0.00936239 0.0370167
70 0.000806344 0.00378797 0.0240283 3.9332e-05 0.0100264 0.0386895
71 0.000812368 0.00400727 0.0239968 4.0374e-05 0.0092278 0.0380857
72 0.000808098 0.00374328 0.0238995 3.9176e-05 0.0092904 0.0377815
73 0.000811759 0.00376309 0.0241456 3.9846e-05 0.00934768 0.0381095
74 0.000780169 0.00312024 0.0240154 4.1206e-05 0.00926626 0.0372244
75 0.000781147 0.00314141 0.0242672 4.2293e-05 0.00184795 0.0300819
76 0.000779499 0.00314559 0.0240147 4.2723e-05 0.00182776 0.0298117
77 0.00086692 0.00328875 0.0237709 4.2297e-05 0.00177543 0.0297463
78 0.000767573 0.00312493 0.0235554 4.3337e-05 0.00178772 0.0292801
79 0.000762253 0.00314244 0.0238507 4.2425e-05 0.00178735 0.0295868
80 0.000778454 0.00315047 0.0240825 4.3634e-05 0.00179927 0.029856
81 0.000781213 0.00316761 0.023875 4.5061e-05 0.00926347 0.0371341
82 0.000769752 0.0031959 0.0238369 4.5145e-05 0.00923748 0.0370862
83 0.000769807 0.00315216 0.0239727 4.5585e-05 0.00922745 0.0371697
84 0.00148838 0.00342399 0.0243494 4.6678e-05 0.00939419 0.0387039
85 0.000777753 0.00359096 0.0238786 4.7323e-05 0.0110793 0.0393757
86 0.000773088 0.0031688 0.0250377 8.3247e-05 0.00976857 0.0388334
87 0.000780418 0.00384098 0.0183734 4.8536e-05 0.0091093 0.0321541
88 0.00115241 0.00386692 0.0238474 4.8389e-05 0.00931186 0.0382285
89 0.000864808 0.00375375 0.023849 5.1343e-05 0.00237801 0.0308983
90 0.001045 0.00467151 0.0240835 4.8723e-05 0.00198575 0.0318358
91 0.000767292 0.00385246 0.0241097 5.0047e-05 0.00194485 0.0307258
92 0.00112722 0.00418016 0.0238558 4.9967e-05 0.00175643 0.030971
93 0.00076361 0.00387321 0.0239378 5.0502e-05 0.00175079 0.0303772
94 0.00148314 0.00368185 0.0239375 5.1088e-05 0.00178035 0.030935
95 0.000790283 0.00383672 0.0237162 5.2211e-05 0.00180705 0.0302039
96 0.000765165 0.00313677 0.0238527 5.2881e-05 0.0090242 0.0368335
97 0.000835337 0.00377034 0.0241591 5.3532e-05 0.00924329 0.0380624
98 0.000741903 0.00375608 0.023908 5.3549e-05 0.00910855 0.0375695
99 0.00107681 0.00388482 0.0241168 5.4418e-05 0.00898837 0.0381227
100 0.000756203 0.00309355 0.0243533 5.7753e-05 0.0108103 0.0390726
101 0.000761344 0.0031412 0.0243017 5.4752e-05 0.00938382 0.037644
102 0.000778168 0.00311421 0.024424 5.4636e-05 0.00894862 0.0373211
103 0.000771615 0.00342985 0.023307 5.4312e-05 0.00233646 0.0299007
104 0.000774332 0.00312563 0.0241233 5.7914e-05 0.00237079 0.0304532
105 0.00078349 0.0032505 0.0238366 5.8876e-05 0.00193119 0.0298621
106 0.000794475 0.00312019 0.0237554 5.8694e-05 0.00171266 0.0294423
107 0.000781275 0.00324073 0.0236552 6.4386e-05 0.00173385 0.0294768
108 0.000756633 0.00313811 0.0242073 6.0732e-05 0.00177335 0.0299374
109 0.000795021 0.00355687 0.0238486 7.2768e-05 0.00178054 0.0300551
110 0.000829586 0.00352393 0.0240069 6.1095e-05 0.00178836 0.030211
111 0.0011306 0.00409669 0.0231905 6.0963e-05 0.00221155 0.0306915
112 0.000780669 0.0038551 0.0239047 6.0899e-05 0.0092187 0.0378213
113 0.000820312 0.00382755 0.023767 6.2807e-05 0.00893256 0.0374112
114 0.000821961 0.00386383 0.0237192 6.034e-05 0.00946337 0.0379304
115 0.000800801 0.00315629 0.0236509 6.3187e-05 0.0110088 0.0386814
116 0.000785375 0.00312758 0.023758 6.4999e-05 0.00897143 0.0367087
117 0.000791711 0.00321146 0.0238053 6.3908e-05 0.00926715 0.0371411
118 0.000786714 0.00318606 0.0242467 6.5523e-05 0.00234567 0.030632
119 0.000792607 0.00315179 0.0240422 7.6777e-05 0.00235319 0.0304179
120 0.000787721 0.00313377 0.0237979 6.588e-05 0.00191697 0.0297036
121 0.000795604 0.00320035 0.0238201 6.6218e-05 0.00170953 0.0295933
122 0.000834515 0.00315316 0.0238761 6.7686e-05 0.00172263 0.0296549
123 0.000803208 0.00317635 0.0238364 8.1749e-05 0.00173477 0.0296341
124 0.000793916 0.00312069 0.0239699 6.9322e-05 0.00177913 0.0297344
125 0.000814899 0.00313614 0.0239153 8.33e-05 0.00218857 0.0301401
126 0.000795656 0.00313405 0.0238457 8.226e-05 0.00887025 0.0367292
127 0.000782054 0.00313163 0.0239229 8.5842e-05 0.00919758 0.037121
128 0.000793799 0.00363709 0.0234735 7.1924e-05 0.00958662 0.0375639
129 0.000792924 0.00315527 0.0241494 7.1972e-05 0.0105144 0.0386849
130 0.000795945 0.00333734 0.0239609 7.0922e-05 0.00914101 0.0373075
131 0.000783987 0.00314006 0.0240119 8.4825e-05 0.00921637 0.0372381
132 0.000799446 0.00333008 0.023837 8.4122e-05 0.00898084 0.0370323
133 0.000782818 0.00317854 0.0241077 7.2405e-05 0.00241999 0.0305624
134 0.000782785 0.0031835 0.0238117 8.7046e-05 0.00187221 0.0297387
135 0.000780995 0.00314986 0.0237668 7.3873e-05 0.00168876 0.0294613
136 0.000792721 0.00313277 0.0238544 8.7379e-05 0.00171855 0.0295873
137 0.000787854 0.0031422 0.0236825 8.8272e-05 0.00172237 0.0294249
138 0.000786674 0.00315861 0.0237069 8.865e-05 0.00181108 0.0295531
139 0.000792294 0.00315594 0.023845 7.7645e-05 0.00178233 0.0296546
140 0.000800288 0.00315453 0.0238205 7.696e-05 0.00228215 0.0301362
141 0.000799279 0.00315639 0.0236788 8.9809e-05 0.00220535 0.0299306
142 0.000783264 0.0031651 0.0238792 9.1822e-05 0.00222694 0.0301477
143 0.000788478 0.00319615 0.0238761 9.1152e-05 0.00944361 0.0373966
144 0.000815343 0.00316547 0.0238597 8.0705e-05 0.0107297 0.0386519
145 0.000800505 0.00321258 0.0240353 9.3608e-05 0.00898226 0.0371259
146 0.000779587 0.00309044 0.0239121 8.1041e-05 0.00916339 0.0370275
147 0.000788799 0.00318715 0.0237784 8.44e-05 0.00240893 0.0302491
148 0.000789275 0.00312268 0.0238042 9.6998e-05 0.00235972 0.0301745
149 0.000857139 0.00319016 0.0238823 8.2471e-05 0.00191983 0.0299327
150 0.000795246 0.00320807 0.023517 9.4184e-05 0.00173613 0.0293517
151 0.000934463 0.0032003 0.0235273 8.4466e-05 0.00176256 0.0295105
152 0.000794675 0.00313061 0.0239892 8.3962e-05 0.00188349 0.0298831
153 0.000795001 0.00316353 0.0237339 9.8209e-05 0.00178949 0.0295812
154 0.000782855 0.00319196 0.024068 9.6685e-05 0.00223842 0.030379
155 0.000756807 0.00318684 0.0235771 8.6235e-05 0.00226137 0.0298699
156 0.000793423 0.00313791 0.0240742 8.7763e-05 0.00226017 0.0303547
157 0.000787815 0.00315325 0.0241387 0.000100385 0.00946033 0.0376415
158 0.000806231 0.00312295 0.0242554 8.9727e-05 0.010569 0.038844
159 0.000798712 0.00342623 0.0219526 0.000102184 0.00942049 0.0357017
160 0.000799786 0.00317371 0.0241347 0.000101172 0.00896125 0.0371717
161 0.000805067 0.0031667 0.0242217 9.053e-05 0.00236448 0.0306494
162 0.000791493 0.00313221 0.0242158 8.9461e-05 0.00238422 0.0306145
163 0.000802541 0.00319453 0.0238671 0.000100586 0.00192672 0.0298924
164 0.000803815 0.00318002 0.0239298 8.9308e-05 0.00174831 0.0297526
165 0.000798438 0.00318149 0.0235273 9.2335e-05 0.0018354 0.0294359
166 0.000804147 0.00312026 0.0238951 0.000103736 0.00178226 0.0297067
167 0.000794537 0.00313941 0.0238492 0.000103542 0.00221673 0.0301049
168 0.000792051 0.00313922 0.0239602 0.000103649 0.00224486 0.0302411
169 0.000801032 0.00315531 0.0240118 0.000107523 0.00937614 0.0374534
170 0.000796727 0.0031192 0.0238255 0.000104491 0.00941656 0.0372637
171 0.000787299 0.00312884 0.0240664 0.000102608 0.0106033 0.0386898
172 0.000793795 0.00312802 0.0240126 9.222e-05 0.00923125 0.037259
173 0.000795307 0.00330449 0.0238648 9.4971e-05 0.00930804 0.0373687
174 0.000783053 0.00309877 0.024 0.000123332 0.0023731 0.03038
175 0.000798051 0.00322388 0.0239573 0.000108822 0.00239955 0.0304895
176 0.000799156 0.00316365 0.0240331 9.5459e-05 0.00194565 0.0300385
177 0.000785829 0.0031307 0.0238034 0.000109277 0.00175774 0.0295887
178 0.000779388 0.00315947 0.0236535 9.8854e-05 0.00175139 0.029444
179 0.000795898 0.00317355 0.0234432 9.7257e-05 0.00177594 0.0292874
180 0.000784827 0.00312916 0.0238826 0.00010334 0.00222658 0.0301285
181 0.000795077 0.00313264 0.023822 0.000103016 0.00221648 0.0300709
182 0.000784227 0.00315167 0.0236511 9.2125e-05 0.00917692 0.0368575
183 0.000793289 0.00317327 0.0240335 0.000109546 0.00940148 0.0375123
184 0.000830248 0.00315862 0.0240924 9.4082e-05 0.0106777 0.0388545
185 0.000788964 0.00321164 0.0241279 9.4064e-05 0.00932626 0.0375503
186 0.000788731 0.00316551 0.0240637 0.000111694 0.00931066 0.0374415
187 0.000796436 0.00316926 0.0242898 0.000109785 0.00235365 0.0307203
188 0.000790189 0.00312498 0.0242718 0.000108615 0.00238765 0.0306841
189 0.000830676 0.00316572 0.0244481 0.000109852 0.00193841 0.0304939
190 0.000809139 0.00315085 0.0235561 0.000108546 0.00175386 0.0293803
191 0.000792125 0.00320753 0.0241748 0.000111154 0.00177389 0.0300615
192 0.000788032 0.00317382 0.0240804 0.000109267 0.00179812 0.0299506
193 0.000793115 0.00320145 0.0241603 0.000110308 0.00223269 0.0304988
194 0.000790154 0.0031319 0.0240183 0.000112066 0.00220164 0.030255
195 0.000799457 0.00316352 0.0241444 0.000114697 0.00887555 0.0370985
196 0.000778935 0.0021918 0.0201977 0.000102178 0.00928965 0.0325614
197 0.000823446 0.00213872 0.0202556 0.000114755 0.0112023 0.0345358
198 0.000786643 0.00211611 0.0198551 0.000115096 0.00939734 0.0322713
199 0.000792773 0.00212855 0.0198211 0.00010301 0.00233237 0.0251794
200 0.000790325 0.00214133 0.0201877 0.000103344 0.00234447 0.025568
201 0.000804359 0.00213509 0.0200461 0.000104043 0.0023851 0.0254757
202 0.000789449 0.00211665 0.020242 0.000103989 0.00193362 0.0251866
203 0.000791139 0.00213467 0.0199103 0.000118293 0.0017305 0.0246861
204 0.000784255 0.0020676 0.0198329 0.000107733 0.0017746 0.0245685
205 0.000787178 0.00214211 0.0202428 0.000107986 0.0017758 0.0250573
206 0.000793281 0.00210383 0.0197207 0.000133841 0.00222232 0.0249753
207 0.000789323 0.00211931 0.0199939 0.000109451 0.00222641 0.0252396
208 0.000801369 0.00217605 0.0199413 0.000109833 0.00223821 0.0252682
209 0.000779144 0.00212884 0.0199017 0.000109374 0.00918126 0.0321018
210 0.000787148 0.00208343 0.0200462 0.000107793 0.0108897 0.0339154
211 0.000797041 0.00213739 0.0199908 0.000110699 0.00910178 0.0321384
212 0.000767639 0.00206079 0.0195932 0.000109919 0.00231115 0.0248436
213 0.000780364 0.00222057 0.0195885 0.000113093 0.00242784 0.0251312
214 0.000750672 0.00211769 0.0195702 0.000113626 0.00235856 0.0249128
215 0.000814363 0.00216629 0.0199095 0.000113479 0.0019192 0.0249238
216 0.000779873 0.00207408 0.0197495 0.000126738 0.001738 0.024469
217 0.000785451 0.00222996 0.0194611 0.000126853 0.00175139 0.0243557
218 0.000792529 0.00209781 0.0196952 0.000129483 0.00185816 0.0245746
219 0.000791583 0.00214546 0.0193663 0.000116587 0.00223225 0.0246532
220 0.00078822 0.00208078 0.0201408 0.000130237 0.00222947 0.0253704
221 0.000776103 0.00213882 0.0191495 0.000152648 0.00897674 0.0311955
222 0.000788657 0.00208947 0.0195105 0.000117615 0.009114 0.0316212
223 0.000796608 0.00217147 0.0202519 0.000120019 0.011031 0.034372
224 0.000779696 0.00208884 0.0203801 0.000134039 0.00903559 0.0324199
225 0.00079433 0.00214167 0.0203093 0.000124877 0.0023523 0.0257237
226 0.000800577 0.00207967 0.0205545 0.00013538 0.00235639 0.0259284
227 0.00078419 0.00214806 0.0205928 0.000135553 0.0023979 0.0260598
228 0.00079954 0.00211324 0.0202019 0.000136167 0.00201607 0.0252684
229 0.000792255 0.0021395 0.0203284 0.000123991 0.00174825 0.0251337
230 0.000780387 0.0020959 0.0198754 0.000135847 0.00175002 0.0246393
231 0.000789654 0.00212961 0.0202388 0.000134706 0.00220669 0.0255002
232 0.000786665 0.00209733 0.0202291 0.000126772 0.00218556 0.0254265
233 0.000778958 0.00213412 0.0200739 0.000125951 0.00920929 0.0323236
234 0.000795144 0.00208208 0.0202618 0.000135334 0.00918362 0.0324594
235 0.000784365 0.00215339 0.0202144 0.000136345 0.010576 0.0338654
236 0.000811015 0.00208353 0.020201 0.000140229 0.00914704 0.0323842
237 0.000786712 0.00219634 0.0201649 0.000127555 0.0023124 0.0255897
238 0.000849502 0.00208959 0.0194073 0.000126972 0.00230119 0.0247758
239 0.000773164 0.00213295 0.020113 0.000127691 0.00234383 0.0254922
240 0.000792417 0.00207096 0.0204617 0.000142033 0.00196512 0.0254338
241 0.000806764 0.0021675 0.0198866 0.000127977 0.00171439 0.0247042
242 0.000784584 0.00206175 0.0202385 0.000140332 0.00174066 0.0249671
243 0.000782708 0.00215904 0.019622 0.000130743 0.00881544 0.0315113
244 0.000780658 0.00218494 0.0203166 0.000132035 0.00894267 0.0323579
245 0.000777113 0.00219713 0.0199808 0.00013709 0.00972932 0.0328229
246 0.000809776 0.00207289 0.0198154 0.000145237 0.00941695 0.0322614
247 0.000788569 0.00213856 0.0203367 0.000133315 0.0108575 0.0342565
248 0.000789344 0.00206891 0.0203445 0.000149143 0.00905524 0.0324085
249 0.000782357 0.00212421 0.0202877 0.000148592 0.0090234 0.0323677
250 0.000784053 0.00208699 0.0204345 0.000142547 0.00229237 0.0257415
251 0.000788348 0.00210961 0.0204868 0.000149009 0.0023232 0.0258587
252 0.000807765 0.00209868 0.0203777 0.000148399 0.00196994 0.0254035
253 0.000784193 0.00216271 0.0198692 0.000137929 0.00170779 0.0246634
254 0.00078047 0.00207293 0.0196037 0.000151067 0.00171878 0.0243279
255 0.000779379 0.00214384 0.0198811 0.000150941 0.00174358 0.0247
256 0.000784522 0.00209485 0.0198479 0.000137996 0.00217907 0.0250455
257 0.000781925 0.00212988 0.0203193 0.00015377 0.0021706 0.025557
258 0.000795037 0.00206975 0.0203626 0.000153493 0.00897709 0.0323589
259 0.000763702 0.00211973 0.0202184 0.000156507 0.00905138 0.0323107
260 0.000781571 0.00207793 0.020075 0.000154937 0.0108871 0.033978
261 0.000782334 0.00212165 0.0204605 0.000152459 0.00901269 0.0325312
262 0.000768399 0.00206074 0.0198574 0.000154106 0.00924285 0.0320845
263 0.000771756 0.0022436 0.020168 0.00014698 0.00232575 0.0256573
264 0.000752231 0.0020893 0.0204667 0.000155809 0.00241662 0.0258818
265 0.000777475 0.00225849 0.0202352 0.000148009 0.00191079 0.0253318
266 0.000776469 0.00206051 0.0196846 0.000147918 0.00170998 0.0243808
267 0.000764589 0.00209993 0.0201241 0.000150711 0.00172131 0.024862
268 0.000761065 0.002073 0.0200811 0.000149093 0.00174465 0.0248103
269 0.000768623 0.00209606 0.0196614 0.000149276 0.00219484 0.0248711
270 0.000770208 0.00209508 0.0197387 0.00016078 0.00218273 0.0249489
