0 8.27203e-05 0.00307885 100 5.78035
0 2.45359e-05 0.00489204 200 6.36943
0 4.124e-05 0.00301764 300 6.72646
0 2.36704e-05 0.00159926 400 6.90846
0 1.22752e-05 0.00176282 500 6.29723
0 1.37145e-05 0.00159809 600 6.74157
10 6.90535e-05 0.00196804 100 6.09756
10 2.4657e-05 0.00406603 200 6.45161
10 4.06252e-05 0.00170699 300 6.84932
10 2.30969e-05 0.00124559 400 7.01754
10 1.11345e-05 0.00176352 500 6.36943
10 1.58222e-05 0.00149957 600 6.80272
20 6.93979e-05 0.00207656 100 6.36943
20 2.83666e-05 0.00425364 200 6.49351
20 4.14962e-05 0.0025408 300 6.96056
20 2.30323e-05 0.00157132 400 7.11744
20 1.02887e-05 0.00181965 500 6.43501
20 1.28674e-05 0.00176156 600 6.85714
30 7.30794e-05 0.00156254 100 6.62252
30 2.71864e-05 0.00346941 200 6.53595
30 3.9635e-05 0.00173733 300 7.04225
30 1.73495e-05 0.00138139 400 7.20721
30 1.09183e-05 0.00178915 500 6.50195
30 1.26074e-05 0.00162637 600 6.88863
40 7.75124e-05 0.00233569 100 6.84932
40 3.50408e-05 0.00461462 200 6.57895
40 3.94004e-05 0.00244875 300 7.07547
40 2.04991e-05 0.00151641 400 7.29927
40 8.78907e-06 0.00183815 500 6.56168
40 1.13057e-05 0.00175418 600 6.91244
50 5.32653e-05 0.00353672 100 7.04225
50 3.04932e-05 0.00532579 200 6.60066
50 4.28468e-05 0.00311529 300 7.05882
50 2.1562e-05 0.00173988 400 7.36648
50 9.46813e-06 0.00196981 500 6.60502
50 8.01503e-06 0.00164419 600 6.89655
60 5.79803e-05 0.00406886 100 7.0922
60 3.16443e-05 0.00533731 200 6.62252
60 3.66845e-05 0.00289581 300 6.99301
60 2.33535e-05 0.00178233 400 7.40741
60 1.05179e-05 0.00205637 500 6.64011
60 8.98875e-06 0.00160302 600 6.88073
70 8.34378e-05 0.00465963 100 7.14286
70 2.65205e-05 0.00535337 200 6.64452
70 3.63581e-05 0.00216395 300 6.94444
70 2.30969e-05 0.00155909 400 7.42115
70 1.262e-05 0.00192167 500 6.66667
70 7.18731e-06 0.00142809 600 6.87285
80 8.70733e-05 0.00586958 100 7.14286
80 2.78363e-05 0.00560474 200 6.68896
80 3.21839e-05 0.00219276 300 6.92841
80 1.97589e-05 0.00161177 400 7.43494
80 1.25821e-05 0.00196842 500 6.68449
80 8.09724e-06 0.00131957 600 6.86499
90 9.18699e-05 0.00684758 100 7.14286
90 3.53794e-05 0.00512386 200 6.71141
90 3.46035e-05 0.00190649 300 6.94444
90 2.20742e-05 0.00182436 400 7.43494
90 1.47458e-05 0.00187907 500 6.71141
90 1.03899e-05 0.00123656 600 6.85714
100 4.65791e-05 0.00689702 100 7.0922
100 3.89862e-05 0.00433326 200 6.75676
100 3.37901e-05 0.00147702 300 6.96056
100 1.80235e-05 0.00176466 400 7.29927
100 1.45505e-05 0.00179319 500 6.72948
100 7.93197e-06 0.00116067 600 6.83371
110 4.95552e-05 0.00960476 100 7.0922
110 3.85248e-05 0.00485168 200 6.80272
110 3.54356e-05 0.00157456 300 6.99301
110 2.09663e-05 0.00217594 400 6.22084
110 1.5625e-05 0.00210816 500 6.75676
110 7.72041e-06 0.0011721 600 6.81044
120 5.67332e-05 0.0108406 100 7.14286
120 4.28466e-05 0.00499125 200 6.87285
120 3.03627e-05 0.00168308 300 7.02576
120 2.44447e-05 0.0024992 400 6.21118
120 1.40842e-05 0.00195571 500 6.79348
120 1.67573e-05 0.00197941 600 6.77966
130 7.09271e-05 0.0123602 100 7.35294
130 4.92537e-05 0.00570108 200 6.99301
130 3.84131e-05 0.00196324 300 7.0922
130 2.7432e-05 0.00283261 400 6.25
130 1.58372e-05 0.00229442 500 6.83995
130 1.58012e-05 0.00636961 600 6.72646
140 6.21482e-05 0.0116627 100 7.57576
140 4.80283e-05 0.00511222 200 7.14286
140 3.56963e-05 0.001744 300 7.17703
140 2.59526e-05 0.00279293 400 6.29921
140 1.62533e-05 0.00215825 500 6.89655
140 5.87548e-05 0.00127979 600 6.66667
150 3.96682e-05 0.00934132 100 7.75194
150 4.19327e-05 0.00393209 200 7.24638
150 2.8933e-05 0.00137914 300 7.26392
150 1.83106e-05 0.00247345 400 6.33914
150 1.4681e-05 0.00166105 500 6.93481
150 1.08575e-05 0.000724484 600 6.59341
160 4.17188e-05 0.00701611 100 7.69231
160 1.85932e-05 0.00336061 200 7.29927
160 1.28158e-05 0.000997247 300 7.31707
160 2.04263e-05 0.00214945 400 6.37959
160 2.35998e-05 0.00180854 500 6.96379
160 1.36418e-05 0.000966514 600 6.53595
170 2.76214e-05 0.00395248 100 7.14286
170 2.98012e-05 0.00203584 200 7.27273
170 9.90033e-06 0.000744132 300 7.35294
170 1.62862e-05 0.00207053 400 6.42055
170 2.12389e-05 0.00159135 500 6.96379
180 4.60644e-05 0.00463473 100 6.36943
180 2.30322e-05 0.00217168 200 7.22022
180 1.79037e-05 0.00115342 300 7.40741
180 2.20404e-05 0.00196025 400 6.45161
180 2.20756e-05 0.00217737 500 6.92521
190 3.90625e-05 0.00577696 100 6.17284
190 2.41687e-05 0.00271086 200 7.06714
190 2.83316e-05 0.00155431 300 7.44417
190 2.68001e-05 0.00202167 400 6.49351
190 2.03445e-05 0.00231804 500 6.86813
200 0 0.0051 100 6.13497
200 2.34172e-05 0.00210931 200 6.87285
200 2.34737e-05 0.00163886 300 7.4813
200 2.23759e-05 0.00221281 400 6.51466
200 1.87846e-05 0.00209943 500 6.82128
210 5.50266e-05 0.00742324 100 6.17284
210 1.9068e-05 0.0033211 200 6.80272
210 4.36735e-05 0.00206358 300 7.5
210 3.76645e-05 0.00231626 400 6.54664
210 2.65296e-05 0.00274574 500 6.80272
220 2.12837e-05 0.00516758 100 6.21118
220 1.54408e-05 0.00158602 200 6.80272
220 1.76803e-05 0.00182747 300 7.5188
220 2.92206e-05 0.0023477 400 6.56814
220 2.1793e-05 0.00206442 500 6.79348
230 3.52105e-05 0.00535188 100 6.28931
230 8.80262e-06 0.00159597 200 6.82594
230 2.10333e-05 0.00139044 300 7.5188
230 3.43756e-05 0.002035 400 6.60066
230 2.53344e-05 0.00211957 500 6.78426
240 5.28158e-05 0.00286623 100 6.41026
240 3.00005e-05 0.00165005 200 6.87285
240 1.58639e-05 0.00218573 300 7.33496
240 2.34172e-05 0.00225439 400 6.6335
240 1.62239e-05 0.00175933 500 6.7659
250 5.43728e-05 0.00333578 100 6.49351
250 3.04932e-05 0.0026193 200 6.92042
250 1.2712e-05 0.00349951 300 5.96421
250 2.18025e-05 0.00285038 400 6.66667
250 1.64284e-05 0.001853 500 6.74764
260 3.00997e-05 0.00453546 100 6.57895
260 2.21079e-05 0.00272416 200 6.94444
260 2.67443e-05 0.00387715 300 5.92885
260 3.07852e-05 0.0028064 400 6.70017
260 3.53731e-05 0.00286816 500 6.69344
270 5.98021e-05 0.00446735 100 6.66667
270 2.79432e-05 0.00344404 200 6.96864
270 2.29602e-05 0.00438915 300 5.94059
270 2.64925e-05 0.00319874 400 6.72269
270 9.0523e-05 0.00288266 500 6.51042
280 6.44088e-05 0.00578895 100 6.75676
280 2.75133e-05 0.00396471 200 7.01754
280 1.9934e-05 0.00465981 300 5.9761
280 2.44447e-05 0.00342326 400 6.75676
280 1.50023e-05 0.00198133 500 6.37755
290 7.46928e-05 0.007309 100 6.84932
290 2.83666e-05 0.00400755 200 7.11744
290 1.50938e-05 0.00440291 300 6.0241
290 2.3449e-05 0.00345633 400 6.79117
290 8.89692e-06 0.0014323 500 6.32111
300 7.81252e-05 0.00662404 100 7.0922
300 2.59525e-05 0.00366474 200 7.24638
300 1.75299e-05 0.00384034 300 6.10998
300 2.48977e-05 0.00326757 400 6.83761
310 8.1413e-05 0.00708977 100 7.40741
310 2.93985e-05 0.0041011 200 7.46269
310 1.84861e-05 0.00425724 300 6.19835
310 2.25748e-05 0.0036455 400 6.90846
320 8.48545e-05 0.00540384 100 7.75194
320 2.10018e-05 0.00293438 200 7.69231
320 2.10962e-05 0.00302513 300 6.31579
320 2.7432e-05 0.00275511 400 6.99301
330 8.76192e-05 0.00534085 100 8.13008
330 1.92237e-05 0.00277257 200 7.90514
330 2.54761e-05 0.00249984 300 6.41026
330 2.46873e-05 0.002473 400 7.05467
340 7.40517e-05 0.00431426 100 8.26446
340 1.77737e-05 0.0026027 200 8.09717
340 2.87493e-05 0.00221837 300 6.50759
340 2.54013e-05 0.00237285 400 7.07965
350 7.70497e-05 0.0042437 100 8.13008
350 2.31612e-05 0.00285677 200 8.23045
350 2.58887e-05 0.0029096 300 6.57895
350 1.81471e-05 0.0025994 400 7.04225
360 4.97952e-05 0.00461291 100 7.75194
360 2.42917e-05 0.0029189 200 8.33333
360 2.9567e-05 0.00320883 300 6.62252
360 2.31291e-05 0.0026346 400 6.99301
370 6.05942e-05 0.00670363 100 7.5188
370 3.86021e-05 0.00591253 200 8.3682
370 3.02315e-05 0.00577578 300 6.65188
370 1.9146e-05 0.00432633 400 6.96864
380 3.93665e-05 0.00558971 100 7.40741
380 3.13605e-05 0.00575375 200 8.33333
380 3.69005e-05 0.00559001 300 6.66667
380 2.32255e-05 0.00436309 400 6.93241
390 4.73407e-05 0.00457 100 7.35294
390 2.75133e-05 0.00424633 200 8.19672
390 4.06578e-05 0.00465365 300 6.68151
390 2.51063e-05 0.00382054 400 6.88468
400 3.78221e-05 0.00377954 100 7.29927
400 3.24809e-05 0.0043224 200 5.74713
400 4.45741e-05 0.00413818 300 6.69643
400 2.69663e-05 0.00346218 400 6.81431
410 5.50266e-05 0.00379668 100 7.24638
410 5.17327e-05 0.00493657 200 5.61798
410 4.89369e-05 0.00438986 300 6.71141
410 4.65317e-05 0.00466142 400 6.70017
420 7.07588e-05 0.00328032 100 7.19424
420 5.45918e-05 0.00480699 200 5.61798
420 5.23376e-05 0.00437779 300 6.72646
420 3.35862e-05 0.00390023 400 6.4
430 4.36732e-05 0.00429187 100 7.24638
430 5.48097e-05 0.0060925 200 5.6338
430 5.02721e-05 0.00506326 300 6.72646
430 3.07609e-05 0.00358995 400 6.23053
440 4.9314e-05 0.00506027 100 7.35294
440 6.00014e-05 0.00621068 200 5.69801
440 5.11601e-05 0.00558825 300 6.74157
450 6.47779e-05 0.00416105 100 7.57576
450 6.6099e-05 0.00509255 200 5.76369
450 5.46164e-05 0.00632006 300 6.74157
460 6.44088e-05 0.00270433 100 7.87402
460 6.68612e-05 0.00350714 200 5.8651
460 4.90991e-05 0.00534265 300 6.72646
470 9.29022e-05 0.00186523 100 8.19672
470 7.40924e-05 0.00270746 200 5.95238
470 4.84746e-05 0.00527503 300 6.72646
480 9.50586e-05 0.0021178 100 8.62069
480 7.29983e-05 0.00294044 200 6.06061
480 4.75365e-05 0.00531612 300 6.74157
490 7.05901e-05 0.00195503 100 8.92857
490 6.54192e-05 0.00273997 200 6.17284
490 4.4036e-05 0.00411448 300 6.75676
500 7.4373e-05 0.000944569 100 9.25926
500 6.52824e-05 0.00226883 200 6.25
500 4.11436e-05 0.00360909 300 6.78733
510 6.62338e-05 0.00262812 100 9.43396
510 6.35708e-05 0.00374438 200 6.30915
510 4.02649e-05 0.00357189 300 6.78733
520 6.17633e-05 0.00278487 100 9.34579
520 7.61163e-05 0.004219 200 6.34921
520 4.86111e-05 0.00460044 300 6.74157
530 6.55099e-05 0.0011143 100 8.19672
530 7.18875e-05 0.00233918 200 6.36943
530 4.24118e-05 0.00356565 300 6.68151
540 6.65928e-05 0.00558418 100 4.60829
540 7.00821e-05 0.00201654 200 6.41026
540 4.85565e-05 0.00308696 300 6.59341
550 7.02516e-05 0.005326 100 4.56621
550 7.18045e-05 0.00263232 200 6.45161
550 5.97363e-05 0.00773059 300 6.41026
560 9.30304e-05 0.00563826 100 4.56621
560 8.10468e-05 0.00391403 200 6.47249
560 5.43246e-05 0.00403343 300 6.07287
570 8.25761e-05 0.0058766 100 4.58716
570 6.52824e-05 0.00280357 200 6.47249
570 3.31969e-05 0.00285566 300 5.87084
580 8.18511e-05 0.00531789 100 4.62963
580 5.79805e-05 0.0036013 200 6.34921
590 7.15962e-05 0.00493911 100 4.65116
590 3.25725e-05 0.00170644 200 6.15385
600 8.84318e-05 0.00373174 100 4.6729
600 5.16751e-05 0.00277844 200 5.98802
610 8.58323e-05 0.00433934 100 4.69484
610 5.41533e-05 0.00280556 200 5.93472
620 9.76566e-05 0.00301288 100 4.73934
620 4.88283e-05 0.0023802 200 5.8997
630 8.56933e-05 0.00376128 100 4.80769
630 3.90626e-05 0.00209176 200 5.8997
640 8.30081e-05 0.00370939 100 4.9505
640 3.8833e-05 0.00165484 200 5.95238
650 8.42907e-05 0.00344552 100 5.15464
650 4.17189e-05 0.00175727 200 6.07903
660 8.5135e-05 0.00374644 100 5.40541
660 4.15758e-05 0.00176484 200 6.23053
670 8.25761e-05 0.00409644 100 5.71429
670 3.90626e-05 0.00173783 200 6.43087
680 7.87332e-05 0.00416835 100 6.06061
680 3.67025e-05 0.00162866 200 6.64452
690 7.3729e-05 0.00452494 100 6.45161
690 3.38292e-05 0.0017628 200 6.87285
700 7.59589e-05 0.00456988 100 6.89655
700 3.40049e-05 0.00197487 200 7.11744
710 7.4373e-05 0.0050479 100 7.40741
710 3.155e-05 0.00219202 200 7.38007
720 7.2094e-05 0.00364444 100 8
720 3.42668e-05 0.00187555 200 7.63359
730 7.05901e-05 0.00288474 100 8.69565
730 3.43537e-05 0.00209183 200 7.93651
740 6.97407e-05 0.00265763 100 9.34579
740 3.75851e-05 0.00224149 200 8.16327
750 7.82776e-05 0.00197173 100 10.101
750 4.76545e-05 0.00230518 200 8.33333
760 9.50586e-05 0.00396891 100 10.5263
760 5.84413e-05 0.00368357 200 8.33333
770 9.71671e-05 0.00511217 100 10.8696
770 0.000102133 0.0142803 200 7.84314
780 9.2129e-05 0.00600153 100 10.8696
780 4.83992e-05 0.00439018 200 7.0922
790 5.48095e-05 0.00268275 100 10.5263
800 3.96682e-05 0.00129941 100 9.43396
810 1.82698e-05 0.000963574 100 8.40336
820 3.75056e-05 0.00160816 100 8
830 3.48703e-05 0.00279149 100 7.69231
840 4.88282e-05 0.00256003 100 7.35294
850 7.85816e-05 0.00471319 100 6.99301
860 0.00015441 0.0340399 100 6.13497
870 6.49617e-05 0.00766812 100 5.20833
880 7.19285e-05 0.011561 100 4.83092
