-5.55112e-17 2.22045e-16 0 -2.98023e-08
0.00203758 3.94173 -0.0351979 3.94244
0.00757102 7.90877 -0.0530762 7.89344
0.00678092 11.9043 -0.0924671 11.8768
-0.00585175 15.9307 -0.140846 15.8987
0.00500609 19.9867 -0.156467 19.9825
-0.00736932 24.0721 -0.15737 24.058
0.00196227 28.1947 -0.168968 28.1646
0.00682708 32.3353 -0.182786 32.293
0.0121194 36.5079 -0.196573 36.4467
0.0194295 40.7044 -0.215569 40.6448
0.0262236 44.9282 -0.235854 44.8693
0.0335922 49.1796 -0.224776 49.0995
0.0253698 53.4572 -0.263299 53.3545
0.0132291 57.7455 -0.300899 57.6184
0.00276421 62.028 -0.332624 61.9439
-0.00595393 66.2894 -0.357768 66.2172
-0.0270227 70.53 -0.395708 70.448
-0.0467759 74.7424 -0.428027 74.6508
-0.0528733 78.935 -0.449242 78.7996
-0.0483881 83.0972 -0.455556 82.9458
-0.0751804 87.2502 -0.477589 87.1401
-0.111047 91.3752 -0.493534 91.2356
-0.169705 95.4608 -0.524883 95.3995
-0.234406 99.5151 -0.561294 99.4993
-0.28676 103.546 -0.594308 103.507
-0.334309 107.565 -0.62302 107.56
-0.394315 111.577 -0.640568 111.492
-0.42959 115.56 -0.656456 115.608
-0.430614 119.561 -0.660059 119.487
-0.456074 123.624 -0.649366 123.607
-0.47085 127.692 -0.629748 127.578
-0.470125 131.756 -0.584063 131.628
-0.46612 135.815 -0.537906 135.595
-0.464181 139.863 -0.490546 139.656
-0.474702 143.91 -0.461208 143.689
-0.484415 147.954 -0.433149 147.75
-0.497985 151.992 -0.399275 151.772
-0.518837 156.033 -0.390819 155.801
-0.490889 160.079 -0.350999 159.847
-0.47678 164.13 -0.348388 163.89
-0.449484 168.2 -0.333298 167.99
-0.411154 172.284 -0.331848 172.168
-0.358878 176.409 -0.324309 176.289
-0.313655 180.542 -0.306094 180.49
-0.318656 184.704 -0.323456 184.668
-0.308933 188.9 -0.332997 188.895
-0.300756 193.121 -0.325118 193.237
-0.295505 197.381 -0.29578 197.37
-0.332199 201.657 -0.308778 201.705
-0.348136 205.97 -0.309966 205.996
-0.342964 210.323 -0.279473 210.316
-0.357581 214.714 -0.274775 214.721
-0.360488 219.142 -0.26769 219.153
-0.375507 223.589 -0.265088 223.57
-0.378527 228.06 -0.279507 228.058
-0.37457 232.542 -0.277851 232.544
-0.378408 237.045 -0.272469 237.075
-0.382092 241.571 -0.27846 241.616
-0.377078 246.123 -0.267441 246.13
-0.365894 250.696 -0.257885 250.688
-0.356528 255.288 -0.251766 255.305
-0.3408 259.9 -0.232704 259.92
-0.325374 264.511 -0.21206 264.497
-0.317394 269.138 -0.185084 269.161
-0.31404 273.765 -0.16668 273.796
-0.306203 278.395 -0.137426 278.442
-0.27649 283.05 -0.0837228 283.124
-0.230158 287.7 -0.0118001 287.783
-0.192693 292.369 0.0450815 292.42
-0.168171 297.072 0.111179 297.142
-0.143657 301.821 0.151053 301.912
-0.111308 306.609 0.197385 306.707
-0.0932494 311.433 0.244416 311.47
-0.107981 316.295 0.273521 316.348
-0.10397 321.182 0.291732 321.269
-0.0964844 326.068 0.310117 326.145
-0.0744272 330.951 0.330414 331.043
-0.0543496 335.802 0.353895 335.889
-0.0425701 340.629 0.382855 340.718
-0.0351466 345.453 0.386043 345.548
-0.0415633 350.253 0.379598 350.403
-0.0750661 355.038 0.348921 355.15
-0.109101 359.812 0.345137 359.934
-0.141995 364.587 0.328318 364.694
-0.185891 369.387 0.325161 369.506
-0.237813 374.225 0.312388 374.272
-0.270401 378.993 0.310845 379.095
-0.296087 383.841 0.328565 383.876
-0.316454 388.686 0.338845 388.822
-0.32379 393.558 0.37159 393.658
