# initialization preprocessing icp loop mapping
0 0.00149289 0.00474972 0 0 0.0181383 0.024384
1 0.000736782 0.00264583 0.017072 2.8551e-05 0.000543282 0.0210284
2 0.000752647 0.00230542 0.0165539 6.798e-06 0.000565449 0.0201859
3 0.000765161 0.00212732 0.0165783 7.637e-06 0.000605419 0.0200853
4 0.000756969 0.00216983 0.016351 1.2094e-05 0.00060808 0.0198995
5 0.000752301 0.00207363 0.0166089 8.702e-06 0.000641611 0.0200872
6 0.000779137 0.00212097 0.0163218 9.69e-06 0.000660825 0.0198944
7 0.000776519 0.00207857 0.0167695 9.831e-06 0.00068963 0.0203255
8 0.000735597 0.0021324 0.0163889 1.1037e-05 0.00070935 0.0199789
9 0.000752374 0.00208575 0.0163684 1.1361e-05 0.0032798 0.0224998
10 0.000776641 0.00232445 0.0170996 1.1129e-05 0.000866069 0.0210801
11 0.000788561 0.00299849 0.0203954 1.1463e-05 0.000902873 0.0250982
12 0.000809589 0.0022203 0.0173451 1.1877e-05 0.0142424 0.034631
13 0.000739126 0.00303961 0.0206218 1.3419e-05 0.00775818 0.0321739
14 0.000751004 0.00225446 0.0174311 1.3228e-05 0.00763053 0.0280819
15 0.000781489 0.00213018 0.0177725 1.6786e-05 0.0011542 0.0218567
16 0.000776582 0.00242396 0.0172513 1.4805e-05 0.00103162 0.0215006
17 0.00067936 0.00209074 0.0173143 1.5352e-05 0.00105541 0.0211585
18 0.000753233 0.00210302 0.01728 1.5131e-05 0.000919169 0.0210718
19 0.000730583 0.00210839 0.016898 1.5146e-05 0.000936158 0.0206893
20 0.000695545 0.0021052 0.017596 1.6626e-05 0.000954885 0.0213694
21 0.000832889 0.00221594 0.0169103 1.5594e-05 0.000971019 0.0209467
22 0.000754933 0.00212494 0.0172263 1.7287e-05 0.00100347 0.0211281
23 0.000753923 0.00216 0.0172402 1.7614e-05 0.00103335 0.0212062
24 0.000740766 0.00213736 0.0173555 1.8269e-05 0.00123599 0.0214889
25 0.000695936 0.0021449 0.0169205 1.8715e-05 0.00124891 0.0210305
26 0.000720921 0.00216258 0.0182964 3.7965e-05 0.00913263 0.0303516
27 0.000733251 0.00246735 0.0181184 1.9986e-05 0.00854357 0.0298837
28 0.000734802 0.0022163 0.0177213 1.9333e-05 0.00918924 0.0298821
29 0.000748861 0.00231205 0.0181501 2.0277e-05 0.0084836 0.0297165
30 0.000734273 0.00209404 0.0173422 2.0737e-05 0.00799602 0.0281887
31 0.000785435 0.00225504 0.0173653 2.0641e-05 0.00136415 0.021792
32 0.000836534 0.00213363 0.0170115 2.1928e-05 0.00140593 0.021411
33 0.000754541 0.00344722 0.0173501 2.0918e-05 0.00120199 0.0227762
34 0.000747708 0.00210177 0.0173524 2.1146e-05 0.00121203 0.0214362
35 0.000739885 0.00271914 0.0175522 2.2279e-05 0.00122034 0.022256
36 0.000809125 0.002715 0.0177176 2.2794e-05 0.00125774 0.0225232
37 0.00108176 0.00296688 0.0175861 2.3474e-05 0.00134375 0.0230036
38 0.00114293 0.00302603 0.0176725 2.3308e-05 0.00153141 0.0233979
39 0.00109909 0.00301942 0.0171516 2.4332e-05 0.00155394 0.0228498
40 0.000703299 0.00439464 0.0174672 2.4532e-05 0.00857493 0.0311663
41 0.000852414 0.00287314 0.0186457 2.5218e-05 0.00843193 0.03083
42 0.00122457 0.00324378 0.0177058 2.5766e-05 0.00826404 0.0304659
43 0.00138516 0.00273604 0.0177521 2.4948e-05 0.00849703 0.0303966
44 0.00854151 0.0326613 0.286056 2.7846e-05 0.0083019 0.33559
45 0.000778947 0.00275408 0.0176623 2.6554e-05 0.00169822 0.0229221
46 0.000754775 0.00277207 0.01769 2.8508e-05 0.0017103 0.0229573
47 0.000785611 0.00270666 0.01772 2.7898e-05 0.00144898 0.0226908
48 0.00110887 0.00300366 0.0178398 2.769e-05 0.00146492 0.0234464
49 0.00145607 0.00267386 0.017427 3.0206e-05 0.00148669 0.023075
50 0.00076608 0.00277063 0.0178681 2.9621e-05 0.00148892 0.0229252
51 0.00077688 0.00215156 0.0177964 2.9477e-05 0.00151059 0.0222663
52 0.0010768 0.0028603 0.0173384 2.9918e-05 0.00241464 0.0237211
53 0.000763784 0.00273405 0.0170318 2.992e-05 0.00898575 0.0295467
54 0.000775589 0.00278008 0.0178538 3.1043e-05 0.00878247 0.0302247
55 0.000779326 0.00216118 0.0180348 3.1403e-05 0.0086927 0.0297005
56 0.000769298 0.00210128 0.0179245 3.2493e-05 0.00870268 0.0295322
57 0.000776923 0.00273896 0.0179168 3.3567e-05 0.00873245 0.0302001
58 0.000765029 0.0021194 0.0176205 3.4635e-05 0.00869827 0.0292388
59 0.000803824 0.002988 0.0181809 3.4403e-05 0.0088475 0.030856
60 0.00176915 0.00259101 0.0181076 3.5653e-05 0.00201316 0.0245184
61 0.00076986 0.00280907 0.0180718 3.5814e-05 0.00169584 0.0233844
62 0.000792615 0.00265549 0.0177852 3.4592e-05 0.00166153 0.0229309
63 0.000795811 0.00274628 0.0182758 3.5456e-05 0.00167518 0.0235302
64 0.000774652 0.00211286 0.0180745 3.6593e-05 0.00169327 0.0226934
65 0.000809508 0.00344313 0.0180801 3.8459e-05 0.0017153 0.0240879
66 0.000800115 0.00273722 0.0177782 3.8149e-05 0.00891535 0.0302704
67 0.00109738 0.0029049 0.0182425 3.8459e-05 0.008928 0.0312127
68 0.00077721 0.00276872 0.0181485 4.0717e-05 0.00894418 0.0306807
69 0.000769505 0.00213534 0.0181145 4.0186e-05 0.00915331 0.0302148
70 0.0008 0.00271617 0.018174 3.9696e-05 0.0100955 0.0318265
71 0.000807886 0.00300585 0.0183422 4.0891e-05 0.00909686 0.031295
72 0.000811811 0.00269526 0.0180861 4.0094e-05 0.00925822 0.0308925
73 0.000793257 0.00275574 0.0184018 4.1342e-05 0.00925987 0.0312531
74 0.000754548 0.00208491 0.0180583 4.6288e-05 0.00900874 0.0299541
75 0.000773084 0.0021442 0.0182724 4.097e-05 0.00188947 0.0231214
76 0.000751776 0.00215194 0.0180808 4.3831e-05 0.00172992 0.0227596
77 0.000774597 0.00213063 0.0182345 4.2582e-05 0.00176024 0.0229435
78 0.000762865 0.00209002 0.0182074 4.3067e-05 0.00184716 0.022952
79 0.000766547 0.00222282 0.0182726 4.4092e-05 0.00179355 0.0231009
80 0.000787841 0.00220245 0.0179709 4.4725e-05 0.00896315 0.02997
81 0.000773653 0.00218995 0.0182806 4.3925e-05 0.00898201 0.030272
82 0.00080899 0.00212752 0.0184472 4.6417e-05 0.00904637 0.0304779
83 0.000766881 0.00223842 0.0180737 4.5529e-05 0.00948521 0.0306118
84 0.00170699 0.00239041 0.0184692 4.7211e-05 0.0105627 0.033178
85 0.000806844 0.00259108 0.0184121 4.7013e-05 0.00931704 0.0311755
86 0.000782335 0.00215769 0.0181504 4.9107e-05 0.00907064 0.0302117
87 0.000779676 0.00285801 0.0182232 4.8447e-05 0.00927692 0.0311872
88 0.0011162 0.00293619 0.0184414 4.9078e-05 0.00236645 0.0249107
89 0.000790363 0.00276934 0.018159 4.8639e-05 0.00190848 0.0236777
90 0.000821313 0.00279958 0.0182446 4.8665e-05 0.00178395 0.023699
91 0.000780712 0.0028838 0.0178828 4.8554e-05 0.00181548 0.023413
92 0.00113774 0.00329748 0.0179042 5.0074e-05 0.00174637 0.0241373
93 0.000772796 0.00297154 0.0185749 5.0708e-05 0.00178081 0.0241526
94 0.00149476 0.00270017 0.0187367 5.3189e-05 0.00224255 0.0252289
95 0.000783442 0.0029082 0.0184825 5.1189e-05 0.00898455 0.0312114
96 0.000798156 0.00219792 0.0183551 6.0168e-05 0.0091748 0.0306002
97 0.000817478 0.0028285 0.0184857 5.2141e-05 0.00910666 0.0312926
98 0.000828041 0.00297113 0.0180468 5.3713e-05 0.00914521 0.0310469
99 0.00111237 0.00293571 0.0185049 5.291e-05 0.0112235 0.0338314
100 0.000782077 0.00225174 0.0185616 6.8876e-05 0.00909241 0.030758
101 0.000851996 0.00218872 0.0185885 5.3325e-05 0.00927522 0.0309596
102 0.000777291 0.00216895 0.0186677 5.7204e-05 0.00235233 0.0240255
103 0.000851478 0.00220647 0.0185727 6.9149e-05 0.00237782 0.0240789
104 0.000772781 0.00220433 0.018582 6.8482e-05 0.00191328 0.0235421
105 0.000789627 0.00221862 0.0182951 7.0074e-05 0.00171121 0.0230857
106 0.000733003 0.00214974 0.0183441 6.9783e-05 0.0017156 0.0230135
107 0.000779089 0.00225387 0.0183355 5.9238e-05 0.00175146 0.0231805
108 0.000820985 0.00215379 0.018322 6.0076e-05 0.00176075 0.0231195
109 0.000808316 0.00261814 0.0182502 7.2467e-05 0.00177662 0.0235272
110 0.000814373 0.00260765 0.0183969 7.3193e-05 0.00227376 0.0241678
111 0.0020947 0.00347659 0.0181236 6.1245e-05 0.00899796 0.0327557
112 0.000779421 0.00287899 0.0179871 6.1105e-05 0.00899857 0.0307067
113 0.000822427 0.00287695 0.018537 7.4285e-05 0.00948859 0.0318008
114 0.00082184 0.00283744 0.0184626 7.5339e-05 0.0109284 0.0331275
115 0.000780606 0.00223428 0.0185294 7.6316e-05 0.00959556 0.0312173
116 0.000782328 0.00217572 0.0183477 6.496e-05 0.00907818 0.0304504
117 0.000786595 0.00225083 0.0186026 7.7413e-05 0.00232441 0.0240437
118 0.000779048 0.00215851 0.018572 7.8028e-05 0.00233758 0.0239268
119 0.000816907 0.00219475 0.0187118 7.8945e-05 0.00188769 0.0236919
120 0.000782753 0.00216552 0.0178388 6.6136e-05 0.00171689 0.0225719
121 0.000840243 0.00230283 0.0183183 6.6817e-05 0.00174471 0.0232745
122 0.000788537 0.00215183 0.0182982 8.0546e-05 0.00174394 0.0230642
123 0.0007786 0.00219294 0.018381 6.6666e-05 0.0017531 0.0231739
124 0.000819152 0.00217793 0.0184642 8.0568e-05 0.00177311 0.0233159
125 0.000896542 0.00222612 0.0184026 8.0677e-05 0.00228806 0.0238961
126 0.000776341 0.00214634 0.0185515 8.1161e-05 0.00907597 0.0306332
127 0.00083348 0.00220013 0.0186304 8.2147e-05 0.00904436 0.0307918
128 0.000779238 0.00216404 0.0185826 8.3796e-05 0.00917948 0.030791
129 0.000797549 0.00230303 0.0186123 8.1747e-05 0.0108438 0.0326399
130 0.000815946 0.00215848 0.0185362 7.0739e-05 0.00903911 0.0306215
131 0.000779987 0.00219511 0.0185876 8.86e-05 0.00905608 0.0307094
132 0.000777144 0.0021484 0.0185012 7.1687e-05 0.00913078 0.0306307
133 0.000784385 0.00221502 0.0181321 7.4611e-05 0.0023521 0.0235594
134 0.000784377 0.0021761 0.0186037 7.4074e-05 0.00189185 0.0235322
135 0.00078505 0.00221139 0.0181777 7.3709e-05 0.00171247 0.022962
136 0.000786904 0.00216677 0.0183392 7.6422e-05 0.00172435 0.0230949
137 0.000778354 0.00221545 0.0183469 0.000103781 0.00174147 0.0231879
138 0.000782946 0.0021719 0.0182843 9.069e-05 0.00175734 0.0230894
139 0.000773711 0.00218017 0.0183277 8.7712e-05 0.00221173 0.0235825
140 0.000780248 0.00214315 0.0183518 8.983e-05 0.00219907 0.0235654
141 0.000786383 0.00219038 0.0184318 8.968e-05 0.00220648 0.0237059
142 0.000789316 0.00214335 0.0183961 8.9764e-05 0.00935415 0.0307744
143 0.000771055 0.00220934 0.0318563 8.2595e-05 0.0103521 0.0452728
144 0.000907851 0.00230684 0.0185183 9.4271e-05 0.00917032 0.0309998
145 0.000784977 0.00233424 0.0184453 9.2339e-05 0.00907649 0.0307352
146 0.000780734 0.00216879 0.0187045 9.5006e-05 0.00232565 0.0240765
147 0.000821234 0.00226833 0.0187725 9.5656e-05 0.00236381 0.0243236
148 0.00093386 0.00212414 0.0187995 9.5904e-05 0.00191983 0.0238752
149 0.000789621 0.00223515 0.0184882 9.3926e-05 0.00175069 0.0233588
150 0.000753067 0.00219036 0.018388 8.3586e-05 0.00175787 0.0231737
151 0.000841612 0.00239723 0.0180502 8.2677e-05 0.00178263 0.023156
152 0.00107993 0.00228638 0.018519 8.6534e-05 0.00180074 0.0237741
153 0.000777611 0.00227168 0.018518 0.000103282 0.00223561 0.0239078
154 0.000788108 0.0021865 0.0180809 8.8373e-05 0.0022036 0.0233491
155 0.000845328 0.00221313 0.0185285 9.8563e-05 0.00234758 0.0240356
156 0.000782635 0.00223292 0.0186865 0.000100321 0.00921581 0.0310195
157 0.00078071 0.00220218 0.0189564 0.000101105 0.011012 0.0330536
158 0.000778588 0.0021743 0.0185485 8.866e-05 0.00920128 0.0307928
159 0.000794606 0.002682 0.0193653 9.0343e-05 0.00921801 0.0321512
160 0.000802746 0.00225867 0.0184778 8.915e-05 0.00236024 0.02399
161 0.000821113 0.00221493 0.0188485 9.0515e-05 0.00246164 0.0244376
162 0.000742291 0.00222407 0.0347734 0.000122083 0.00424635 0.04211
163 0.000792168 0.00231307 0.0239324 8.9875e-05 0.00172932 0.0288583
164 0.000818649 0.0022925 0.0185497 9.3693e-05 0.00186894 0.0236248
165 0.00081567 0.00216667 0.0176208 9.3255e-05 0.00177592 0.0224739
166 0.0007899 0.0021252 0.0226819 9.4176e-05 0.00223892 0.0279315
167 0.000792909 0.00227477 0.0185802 0.000108311 0.00221611 0.0239737
168 0.000782951 0.00222212 0.0181726 0.000107142 0.00908783 0.030375
169 0.0007845 0.00220185 0.0185742 0.000107649 0.00918485 0.0308546
170 0.000776081 0.00224038 0.0215954 9.4693e-05 0.0111593 0.0358676
171 0.000784955 0.00219764 0.0184797 0.000107982 0.00923252 0.0308043
172 0.000789954 0.0031375 0.0182162 9.6615e-05 0.0090982 0.0313397
173 0.000790924 0.00222151 0.0186643 0.000110564 0.00235047 0.0241398
174 0.000754465 0.00214045 0.0186076 0.000111823 0.00238183 0.0239973
175 0.000788836 0.00225943 0.0188106 0.00011319 0.00193849 0.0239115
176 0.00077157 0.00207807 0.0180089 0.000114668 0.00177084 0.0227459
177 0.0007787 0.00213614 0.0176102 9.9645e-05 0.00179013 0.0224167
178 0.000812511 0.00210512 0.018136 9.8269e-05 0.00180055 0.0229541
179 0.000783728 0.00210599 0.018139 0.000111241 0.00224546 0.0233868
180 0.000778836 0.00206382 0.0181809 0.000112637 0.00222852 0.0233665
181 0.000792929 0.00208705 0.0181547 9.9642e-05 0.00907506 0.0302113
182 0.000797634 0.00214816 0.0185497 0.000101239 0.00922374 0.0308217
183 0.000789665 0.00221084 0.0182537 0.000101768 0.0110473 0.0324045
184 0.000762093 0.00232941 0.0182503 0.000105382 0.00928136 0.0307306
185 0.000785877 0.0022943 0.0186074 0.00011618 0.00235642 0.0241617
186 0.000688114 0.00207659 0.0181395 0.000104298 0.00238378 0.0233934
187 0.000828756 0.00217214 0.0182023 0.000105291 0.00242399 0.0237338
188 0.000777775 0.00211489 0.0185912 0.000118383 0.00193275 0.0235365
189 0.000780834 0.00219413 0.0182486 0.00011691 0.00175581 0.0230977
190 0.000780004 0.00218348 0.0247715 0.000118707 0.00225241 0.0301078
191 0.000788237 0.00219385 0.0182308 0.000119545 0.00189667 0.0232307
192 0.0007654 0.00214236 0.0182587 0.00011925 0.00225261 0.0235397
193 0.0007787 0.00233212 0.0210271 9.9932e-05 0.00222445 0.0264639
194 0.000764655 0.00222021 0.0183357 0.000100667 0.00908517 0.0305081
195 0.00077958 0.00219523 0.0182664 0.000115434 0.00939417 0.0307523
196 0.000786581 0.00232752 0.0183544 0.000114185 0.0111606 0.0327447
197 0.000784598 0.00221274 0.0184794 0.000115103 0.0091549 0.0307481
198 0.000782144 0.00215977 0.0184103 0.000117291 0.00233945 0.0238106
199 0.000789856 0.00227644 0.0184201 0.000115753 0.00233727 0.0239406
200 0.00095003 0.0021375 0.0182947 0.000104961 0.0023767 0.0238656
201 0.000786267 0.00228083 0.0184196 0.000117052 0.00193463 0.0235396
202 0.000784456 0.00216769 0.0178728 0.000107212 0.00181805 0.0227513
203 0.000774055 0.00227374 0.0181939 0.000116353 0.00176288 0.0231231
204 0.000776037 0.00217157 0.0178345 0.000120624 0.00177396 0.0226776
205 0.000771613 0.00220167 0.0182354 0.000122269 0.00220987 0.0235425
206 0.00084861 0.00216106 0.0182515 0.000121656 0.00220469 0.0235888
207 0.000766773 0.00221237 0.0179139 0.000110096 0.00990255 0.0309077
208 0.000826564 0.0021911 0.0181945 0.000122825 0.00925946 0.0305958
209 0.000753795 0.00220566 0.0306463 0.000116874 0.012174 0.0458986
210 0.000771958 0.00215427 0.0178141 0.000109713 0.00921958 0.0300713
211 0.000769335 0.002119 0.0180352 0.000122892 0.00237964 0.023427
212 0.000736452 0.00245425 0.0225854 0.000115327 0.00242506 0.028318
213 0.000760165 0.00221874 0.0185495 0.000125442 0.0023766 0.0240322
214 0.000771588 0.0021805 0.0183364 0.00012572 0.00191906 0.0233343
215 0.000901533 0.00224853 0.0180962 0.000129782 0.00175178 0.0231296
216 0.000778338 0.00220327 0.018208 0.000117921 0.00177137 0.0230803
217 0.000772318 0.00224367 0.0182635 0.000117253 0.00229665 0.0236947
218 0.000792672 0.00221096 0.0179681 0.000117607 0.0021995 0.0232904
219 0.000775647 0.00226025 0.0310741 0.000125171 0.00887812 0.0431145
220 0.000776371 0.002178 0.0183735 0.000129848 0.00928484 0.0307438
221 0.000777171 0.00215309 0.0266503 0.000120224 0.0108793 0.0405814
222 0.000909781 0.00224775 0.0180774 0.000122739 0.00926008 0.0306191
223 0.000745375 0.00221175 0.0178682 0.000120064 0.00231152 0.0232584
224 0.000775336 0.00207892 0.0182505 0.000133093 0.00234721 0.0235864
225 0.000803312 0.00209247 0.0184282 0.000134832 0.00246101 0.0239212
226 0.000762066 0.00218284 0.0184417 0.000122385 0.00215146 0.0236628
227 0.000726544 0.00218457 0.0182655 0.000123019 0.00172498 0.0230254
228 0.000745324 0.00238639 0.0182446 0.000131121 0.00175563 0.0232644
229 0.000777719 0.00264964 0.0182201 0.000123395 0.00176369 0.0235363
230 0.000766788 0.00222593 0.0183806 0.000123434 0.00227897 0.0237778
231 0.000805884 0.00222426 0.0185556 0.000138764 0.00220299 0.0239292
232 0.000791212 0.00230951 0.0186647 0.000126338 0.009105 0.0309987
233 0.000781089 0.00222241 0.0185341 0.000154041 0.00919507 0.0308885
234 0.000792857 0.00209294 0.017768 0.000127528 0.0108984 0.0316808
235 0.000735877 0.00238808 0.0358517 0.000130523 0.00919075 0.0482987
236 0.00082599 0.00206799 0.0183655 0.000145916 0.00232562 0.0237331
237 0.000778683 0.00264761 0.0180705 0.000131763 0.00233797 0.0239677
238 0.000863822 0.00205034 0.0177869 0.00013101 0.00236623 0.0231994
239 0.000733744 0.00212582 0.0181379 0.000131777 0.00190844 0.0230385
240 0.000764829 0.00206886 0.0181439 0.000131889 0.00170948 0.0228207
241 0.000776295 0.00220094 0.017964 0.000129563 0.00174734 0.0228192
242 0.00077953 0.00224527 0.0181048 0.000132474 0.00907899 0.0303419
243 0.000730228 0.00218106 0.0182984 0.000132229 0.00896754 0.0303107
244 0.000683594 0.00214687 0.018003 0.000135443 0.00895287 0.0299239
245 0.00085784 0.00232801 0.0184779 0.000145767 0.00927531 0.0310871
246 0.000774894 0.00217011 0.0181058 0.000135039 0.0106862 0.0318733
247 0.00084716 0.00226851 0.0180781 0.000144347 0.00917313 0.030513
248 0.000769021 0.00215844 0.0186276 0.000150667 0.00907013 0.0307774
249 0.000775186 0.00215853 0.0179804 0.00013713 0.00232814 0.0233802
250 0.000769874 0.00210683 0.0181491 0.000139905 0.00235093 0.023518
251 0.000775641 0.00216194 0.0181195 0.000136217 0.00188537 0.0230805
252 0.000773494 0.00211939 0.0176891 0.000138824 0.00172511 0.0224471
253 0.000768176 0.00215604 0.0181844 0.000150187 0.00173917 0.0229993
254 0.000769161 0.00218347 0.0177948 0.000141088 0.00217132 0.0230612
255 0.000754604 0.00224244 0.0181486 0.000143891 0.00217497 0.0234671
256 0.000794095 0.00210904 0.0181116 0.000143067 0.0090478 0.0302069
257 0.000765964 0.00211392 0.0183096 0.000154974 0.00979573 0.0311412
258 0.000774484 0.00243459 0.0178268 0.000142601 0.0107245 0.0319048
259 0.000773858 0.00216676 0.0182609 0.000184797 0.00913234 0.03052
260 0.000772606 0.00211274 0.0183778 0.000156518 0.00910341 0.030524
261 0.000767395 0.00218361 0.0183823 0.00015343 0.00238873 0.0238767
262 0.000776484 0.00216662 0.0180063 0.000144198 0.00230846 0.0234031
263 0.000765069 0.00224826 0.0185739 0.000156648 0.00188303 0.0236277
264 0.000776347 0.00220764 0.0181499 0.000173538 0.00192915 0.0232376
265 0.000730385 0.00218197 0.0183261 0.000159037 0.00174316 0.0231423
266 0.000803158 0.00220116 0.0183751 0.000149998 0.00174076 0.0232714
267 0.000760977 0.00231795 0.018562 0.000159989 0.0022028 0.024005
268 0.000774522 0.0022183 0.0184055 0.000149455 0.00219038 0.0237401
269 0.000745794 0.00218901 0.0181002 0.000159216 0.00906488 0.0302603
270 0.000764088 0.00209268 0.0179675 0.000157559 0.00913735 0.0301202
