1.11022e-16 -2.22045e-16 0 0
0.28792 2.98669 0.258647 2.98909
0.971569 5.88765 0.921772 5.90676
2.0505 8.64624 1.96917 8.66817
3.48307 11.2156 3.45173 11.3093
5.25212 13.5306 5.21147 13.6285
7.31598 15.5548 7.25999 15.67
9.6175 17.2484 9.55654 17.3641
12.1384 18.6054 12.0512 18.7406
14.8457 19.6556 14.7742 19.7704
17.711 20.4429 17.6768 20.5837
20.7087 20.9589 20.6609 21.1152
23.8536 21.2147 23.842 21.3893
27.1272 21.2156 27.135 21.4101
30.5029 21.0296 30.5606 21.2222
33.9423 20.7186 34.013 20.9206
37.5268 20.2789 37.5865 20.5062
41.3055 19.7465 41.4295 20.0031
45.2814 19.1375 45.3634 19.419
49.442 18.4732 49.6006 18.7797
53.7841 17.7682 53.9546 18.0845
58.3197 17.047 58.4745 17.3895
63.0456 16.3148 63.2145 16.6575
67.9336 15.5643 68.0597 15.9447
72.9496 14.8071 73.1653 15.1528
78.1121 14.0377 78.2941 14.3862
83.4032 13.2493 83.5299 13.5786
88.8275 12.4284 89.0238 12.7521
94.3842 11.5694 94.5901 11.8604
100.053 10.6399 100.263 10.927
105.791 9.61162 106.028 9.8898
111.621 8.48663 111.811 8.72517
117.518 7.24693 117.715 7.42332
123.482 5.88325 123.67 6.04438
129.5 4.40228 129.66 4.51516
135.584 2.80695 135.738 2.9089
141.73 1.13215 141.863 1.24051
147.93 -0.644931 148.094 -0.557613
154.181 -2.53318 154.34 -2.4855
160.474 -4.52532 160.605 -4.5108
166.826 -6.6147 166.947 -6.65578
173.225 -8.80609 173.383 -8.90148
179.671 -11.0856 179.836 -11.2641
186.17 -13.448 186.285 -13.6712
192.709 -15.9088 192.759 -16.202
199.296 -18.4748 199.312 -18.8648
205.877 -21.1272 205.864 -21.5609
212.474 -23.879 212.487 -24.3771
219.085 -26.6951 219.083 -27.2548
225.674 -29.5663 225.613 -30.2445
232.258 -32.5114 232.202 -33.2437
238.827 -35.5155 238.751 -36.3329
245.357 -38.5911 245.235 -39.5673
251.842 -41.7463 251.708 -42.7796
258.295 -44.9778 258.094 -46.0909
264.734 -48.3001 264.527 -49.5637
271.174 -51.7204 270.96 -53.079
277.658 -55.2531 277.363 -56.6893
284.189 -58.8925 283.859 -60.4256
290.77 -62.6493 290.329 -64.2841
297.421 -66.5052 296.971 -68.2906
304.114 -70.4517 303.655 -72.3616
310.871 -74.5125 310.359 -76.5329
317.638 -78.7299 317.034 -80.8781
324.412 -83.1001 323.7 -85.3739
331.148 -87.5705 330.39 -90.005
337.839 -92.1515 337.004 -94.7673
344.489 -96.8362 343.475 -99.5338
351.109 -101.591 349.998 -104.442
357.681 -106.441 356.532 -109.495
364.205 -111.363 363.063 -114.581
370.654 -116.349 369.712 -119.974
377.044 -121.373 376.02 -125.127
383.353 -126.498 382.32 -130.482
389.649 -131.627 388.649 -135.804
395.839 -136.824 394.739 -141.114
401.978 -142.069 400.902 -146.616
408.064 -147.386 406.999 -152.117
414.12 -152.726 413.104 -157.744
420.14 -158.07 419.037 -163.255
426.136 -163.442 425.071 -168.907
432.096 -168.831 431.099 -174.643
438.042 -174.203 436.936 -180.246
444.039 -179.52 442.87 -185.849
450.064 -184.792 448.938 -191.45
456.158 -189.992 454.939 -196.927
462.246 -195.183 460.876 -202.325
468.351 -200.338 466.882 -207.738
474.468 -205.479 472.784 -213.04
480.606 -210.589 478.796 -218.413
486.758 -215.677 484.772 -223.661
492.917 -220.758 490.845 -228.973
499.072 -225.827 496.924 -234.299
505.239 -230.914 503.087 -239.733
511.394 -235.997 509.128 -245.04
517.549 -241.076 515.077 -250.302
523.711 -246.156 521.11 -255.588
529.865 -251.223 527.133 -260.91
536.038 -256.293 533.133 -266.196
542.214 -261.366 539.172 -271.506
548.376 -266.437 545.148 -276.771
554.549 -271.525 551.265 -282.157
560.72 -276.615 557.183 -287.382
566.896 -281.702 563.247 -292.763
573.077 -286.787 569.262 -298.075
579.254 -291.853 575.08 -303.241
585.438 -296.914 581.22 -308.573
591.611 -301.938 587.197 -313.803
597.803 -306.949 593.101 -318.98
604.002 -311.952 599.158 -324.18
610.204 -316.964 605.084 -329.378
616.401 -321.978 611.122 -334.604
622.607 -326.989 617.123 -339.797
628.814 -331.994 623.055 -344.89
635.032 -337 629.045 -350.11
641.237 -341.989 635.148 -355.257
647.445 -346.969 641.214 -360.385
653.662 -351.935 647.268 -365.553
659.878 -356.881 653.375 -370.655
666.112 -361.829 659.513 -375.766
672.351 -366.77 665.63 -380.895
678.588 -371.72 671.669 -385.996
684.82 -376.684 677.704 -391.085
691.041 -381.649 683.774 -396.178
697.271 -386.614 689.855 -401.283
703.506 -391.569 695.929 -406.382
709.744 -396.518 702.172 -411.495
715.984 -401.434 708.297 -416.553
722.23 -406.33 714.503 -421.59
728.498 -411.208 720.705 -426.663
734.766 -416.073 726.958 -431.697
741.048 -420.934 733.16 -436.706
747.329 -425.792 739.39 -441.763
753.612 -430.654 745.619 -446.769
759.909 -435.498 751.906 -451.794
766.235 -440.329 758.193 -456.834
772.573 -445.14 764.393 -461.736
778.918 -449.932 770.7 -466.66
785.271 -454.711 776.886 -471.515
791.604 -459.488 783.109 -476.394
797.914 -464.271 789.341 -481.3
804.203 -469.045 795.544 -486.201
810.49 -473.82 801.742 -491.089
816.792 -478.591 807.949 -495.961
823.116 -483.34 814.202 -500.852
829.464 -488.061 820.486 -505.716
835.854 -492.776 826.765 -510.536
842.262 -497.485 833.083 -515.439
848.683 -502.196 839.317 -520.247
855.115 -506.914 845.718 -525.134
861.557 -511.637 852.041 -529.973
868.012 -516.355 858.45 -534.874
874.442 -521.049 864.921 -539.761
880.882 -525.706 871.324 -544.549
887.324 -530.308 877.917 -549.435
893.755 -534.862 884.415 -554.158
900.174 -539.374 890.614 -558.678
906.591 -543.848 897.193 -563.414
912.99 -548.292 903.627 -568.062
919.401 -552.731 909.975 -572.59
925.807 -557.126 916.507 -577.2
932.226 -561.535 922.908 -581.789
938.633 -565.933 929.925 -586.75
945.057 -570.322 937.904 -592.374
951.508 -574.71 946.115 -598.139
957.98 -579.075 954.17 -603.76
964.464 -583.425 960.92 -608.469
970.963 -587.758 968.192 -613.497
977.455 -592.093 976.753 -619.451
983.962 -596.421 985.798 -625.775
990.462 -600.766 994.603 -631.993
996.966 -605.096 1005.01 -639.234
1003.47 -609.408 1014.44 -645.767
1009.97 -613.695 1020.78 -650.228
1016.46 -617.959 1027.15 -654.599
1022.92 -622.217 1033.54 -659.028
1029.37 -626.453 1039.84 -663.415
1035.8 -630.642 1046.18 -667.778
1042.23 -634.799 1052.32 -672.048
1048.66 -638.946 1058.71 -676.483
1055.08 -643.052 1064.95 -680.813
1061.53 -647.144 1071.13 -685.084
1067.97 -651.185 1077.31 -689.29
1074.4 -655.235 1083.52 -693.532
1080.84 -659.293 1089.72 -697.719
1087.27 -663.328 1095.99 -701.958
1093.72 -667.347 1102.12 -706.096
1100.19 -671.341 1108.51 -710.273
1106.67 -675.317 1114.73 -714.379
1113.16 -679.272 1121.1 -718.509
1119.66 -683.201 1127.45 -722.605
1126.2 -687.132 1133.87 -726.705
1132.75 -691.046 1140.38 -730.844
1139.34 -694.955 1146.83 -734.913
1145.95 -698.852 1153.32 -738.981
1152.58 -702.741 1159.74 -743
1159.23 -706.638 1166.28 -747.092
1165.89 -710.538 1172.77 -751.255
1172.56 -714.459 1179.28 -755.358
1179.27 -718.394 1185.86 -759.554
1186.02 -722.345 1192.5 -763.719
1192.78 -726.295 1198.99 -767.796
1199.58 -730.258 1205.6 -771.974
1206.42 -734.213 1212.32 -776.11
1213.28 -738.159 1218.93 -780.245
1220.17 -742.105 1225.64 -784.387
1227.1 -746.028 1232.37 -788.51
1234.07 -749.929 1239.15 -792.645
1241.08 -753.823 1246.02 -796.757
1248.12 -757.718 1252.95 -800.888
1255.21 -761.612 1259.87 -805.035
1262.32 -765.502 1266.8 -809.16
1269.47 -769.393 1273.78 -813.292
1276.67 -773.287 1280.75 -817.435
1283.89 -777.171 1287.74 -821.523
1291.1 -781.041 1294.76 -825.649
1298.33 -784.899 1301.81 -829.756
1305.56 -788.742 1308.85 -833.893
1312.79 -792.571 1315.85 -837.959
1320.03 -796.385 1322.96 -842.035
1327.29 -800.172 1330.07 -846.153
1334.54 -803.95 1337.13 -850.186
1341.8 -807.723 1344.16 -854.242
1349.06 -811.482 1351.33 -858.337
1356.32 -815.233 1358.46 -862.472
1363.57 -818.961 1365.47 -866.54
1370.8 -822.664 1372.58 -870.599
1378.01 -826.342 1379.74 -874.693
1385.24 -830.003 1386.66 -878.615
1392.47 -833.64 1393.88 -882.63
1399.71 -837.259 1400.82 -886.528
1406.94 -840.856 1407.87 -890.442
1414.15 -844.42 1414.93 -894.31
1421.34 -847.959 1421.95 -898.125
1428.54 -851.474 1429.02 -901.989
1435.73 -854.975 1436.07 -905.805
1442.94 -858.462 1443.26 -909.666
1450.12 -861.923 1450.23 -913.411
1457.29 -865.354 1457.47 -917.332
1464.43 -868.758 1464.42 -921.127
1471.55 -872.135 1471.38 -924.87
1478.64 -875.485 1478.29 -928.577
1485.7 -878.797 1485.24 -932.283
1492.71 -882.085 1491.98 -935.843
1499.69 -885.346 1498.56 -939.448
1506.61 -888.579 1505.12 -942.975
1513.51 -891.787 1511.8 -946.533
1520.39 -894.966 1518.52 -950.112
1527.24 -898.117 1525.2 -953.592
1534.07 -901.24 1531.76 -957.06
1540.87 -904.335 1538.59 -960.578
1547.64 -907.394 1545.15 -963.96
1554.37 -910.425 1551.9 -967.503
1561.07 -913.426 1558.52 -970.848
1567.72 -916.424 1565.06 -974.195
1574.33 -919.426 1571.58 -977.54
1580.91 -922.432 1577.73 -980.715
1587.48 -925.449 1584.78 -984.344
1594 -928.484 1591.23 -987.737
1600.46 -931.552 1597.53 -991.109
1606.85 -934.654 1604.1 -994.673
1613.18 -937.795 1610.38 -998.2
1619.45 -940.961 1616.33 -1001.61
1625.64 -944.139 1622.85 -1005.25
1631.78 -947.302 1628.86 -1008.7
1637.88 -950.462 1634.76 -1012.13
1643.92 -953.598 1640.54 -1015.51
1649.93 -956.703 1646.49 -1018.9
1655.91 -959.743 1652.33 -1022.22
1661.86 -962.732 1658.09 -1025.43
1667.83 -965.652 1664.64 -1029
1673.79 -968.517 1670.74 -1032.29
1679.74 -971.331 1677.48 -1035.89
1685.68 -974.129 1683.64 -1039.18
1691.58 -976.911 1689.91 -1042.5
1697.46 -979.679 1696.62 -1046.1
1703.32 -982.431 1703.37 -1049.68
1709.14 -985.145 1709.57 -1052.94
1714.95 -987.831 1715.72 -1056.16
1720.75 -990.467 1721.59 -1059.21
1726.53 -993.063 1727.23 -1062.11
1732.26 -995.616 1732.79 -1064.93
1737.92 -998.126 1738.3 -1067.73
1743.47 -1000.59 1743.67 -1070.46
1748.97 -1002.99 1748.95 -1073.21
1754.39 -1005.38 1754.17 -1075.97
1759.75 -1007.75 1759.39 -1078.68
1765 -1010.12 1764.52 -1081.41
1770.11 -1012.47 1769.37 -1084.06
1775.1 -1014.78 1774.22 -1086.68
1779.95 -1017.08 1778.84 -1089.21
1784.65 -1019.35 1783.43 -1091.84
1789.18 -1021.6 1787.62 -1094.25
1793.51 -1023.88 1791.75 -1096.77
1797.65 -1026.27 1795.75 -1099.4
1801.57 -1028.81 1799.53 -1102.19
1805.3 -1031.53 1803.01 -1105.08
1808.82 -1034.44 1806.31 -1108.18
1812.12 -1037.56 1809.41 -1111.53
1815.17 -1040.92 1812.2 -1115.07
1817.93 -1044.48 1814.69 -1118.79
1820.33 -1048.21 1816.8 -1122.61
1822.46 -1052.15 1818.64 -1126.75
1824.26 -1056.26 1820.05 -1130.9
1825.69 -1060.49 1821.14 -1135.26
1826.76 -1064.82 1821.84 -1139.57
1827.46 -1069.23 1822.14 -1143.98
1827.81 -1073.69 1822.11 -1148.28
1827.81 -1078.17 1821.74 -1152.67
1827.47 -1082.64 1821.01 -1157.08
1826.7 -1087.07 1819.91 -1161.43
1825.63 -1091.49 1818.46 -1165.63
1824.18 -1095.81 1816.59 -1169.86
1822.36 -1099.99 1814.47 -1173.8
1820.14 -1103.99 1811.95 -1177.58
1817.59 -1107.8 1809 -1181.2
1814.72 -1111.35 1805.9 -1184.45
1811.55 -1114.63 1802.45 -1187.42
1808.09 -1117.61 1798.66 -1190.15
1804.28 -1120.25 1794.7 -1192.52
1800.31 -1122.62 1790.54 -1194.55
1796.12 -1124.69 1786.22 -1196.26
1791.74 -1126.47 1781.58 -1197.72
1787.19 -1127.95 1776.86 -1198.82
1782.51 -1129.18 1772.13 -1199.63
1777.7 -1130.19 1767.22 -1200.29
1772.8 -1131.04 1762.24 -1200.72
1767.8 -1131.74 1757.21 -1201.06
1762.74 -1132.35 1752.08 -1201.27
1757.66 -1132.89 1747 -1201.4
1752.56 -1133.37 1741.96 -1201.5
1747.46 -1133.82 1736.76 -1201.56
1742.34 -1134.25 1731.58 -1201.6
1737.22 -1134.67 1726.46 -1201.59
1732.11 -1135.06 1721.38 -1201.6
1727.07 -1135.44 1716.28 -1201.56
1722.08 -1135.79 1711.29 -1201.51
1717.16 -1136.09 1706.26 -1201.39
1712.34 -1136.27 1701.37 -1201.18
1707.61 -1136.29 1696.65 -1200.8
1703.03 -1136.08 1692 -1200.16
1698.59 -1135.61 1687.62 -1199.31
1694.24 -1134.79 1683.31 -1198.15
1689.99 -1133.67 1679.16 -1196.62
1685.87 -1132.17 1675.2 -1194.73
1681.96 -1130.28 1671.57 -1192.51
1678.31 -1128 1668.11 -1189.89
1674.83 -1125.27 1664.95 -1186.87
1671.79 -1122.27 1662.23 -1183.63
1669.1 -1118.97 1659.9 -1180.16
1666.78 -1115.41 1658.01 -1176.53
1664.82 -1111.61 1656.38 -1172.48
1663.21 -1107.64 1655.22 -1168.49
1661.96 -1103.51 1654.33 -1164.16
1661.11 -1099.28 1653.97 -1160.35
1660.72 -1094.94 1654.04 -1155.82
1660.67 -1090.52 1654.53 -1151.7
1661.14 -1086.16 1655.44 -1147.46
1662.05 -1081.84 1656.8 -1143.3
1663.37 -1077.56 1658.53 -1139.29
1665.06 -1073.32 1660.64 -1135.3
1667.04 -1069.13 1662.94 -1131.48
1669.23 -1064.99 1665.63 -1127.47
1671.64 -1060.84 1668.45 -1123.62
1674.14 -1056.68 1671.4 -1119.73
1676.72 -1052.45 1674.4 -1115.83
1679.38 -1048.15 1677.46 -1111.8
