1.11022e-16 -2.22045e-16 0 0
0.28792 2.98669 0.258676 3.00349
0.971569 5.88765 0.924206 5.92364
2.0505 8.64624 1.98331 8.68819
3.48307 11.2156 3.43672 11.3099
5.25212 13.5306 5.22769 13.6526
7.31598 15.5548 7.27814 15.7092
9.6175 17.2484 9.53425 17.4257
12.1384 18.6054 12.0593 18.7686
14.8457 19.6556 14.7814 19.8286
17.711 20.4429 17.6631 20.6406
20.7087 20.9589 20.6388 21.1685
23.8536 21.2147 23.8294 21.4402
27.1272 21.2156 27.1204 21.4568
30.5029 21.0296 30.529 21.3018
33.9423 20.7186 33.9913 20.9798
37.5268 20.2789 37.5871 20.584
41.3055 19.7465 41.3929 20.0576
45.2814 19.1375 45.3945 19.4797
49.442 18.4732 49.5965 18.8434
53.7841 17.7682 53.9187 18.1284
58.3197 17.047 58.4266 17.4579
63.0456 16.3148 63.1626 16.7435
67.9336 15.5643 68.013 16.0143
72.9496 14.8071 73.1047 15.2565
78.1121 14.0377 78.2253 14.4817
83.4032 13.2493 83.5472 13.7054
88.8275 12.4284 88.9392 12.853
94.3842 11.5694 94.5351 11.9875
100.053 10.6399 100.209 11.0607
105.791 9.61162 105.961 10.0006
111.621 8.48663 111.806 8.88176
117.518 7.24693 117.71 7.61819
123.482 5.88325 123.634 6.24558
129.5 4.40228 129.659 4.72818
135.584 2.80695 135.716 3.12519
141.73 1.13215 141.854 1.44451
147.93 -0.644931 148.1 -0.359961
154.181 -2.53318 154.291 -2.25481
160.474 -4.52532 160.534 -4.25649
166.826 -6.6147 166.949 -6.40598
173.225 -8.80609 173.358 -8.64659
179.671 -11.0856 179.817 -10.9717
186.17 -13.448 186.284 -13.3792
192.709 -15.9088 192.739 -15.8729
199.296 -18.4748 199.321 -18.4784
205.877 -21.1272 205.868 -21.1587
212.474 -23.879 212.474 -23.9517
219.085 -26.6951 219.083 -26.8193
225.674 -29.5663 225.631 -29.7212
232.258 -32.5114 232.261 -32.7628
238.827 -35.5155 238.788 -35.8255
245.357 -38.5911 245.301 -38.9718
251.842 -41.7463 251.767 -42.1834
258.295 -44.9778 258.186 -45.4438
264.734 -48.3001 264.647 -48.9189
271.174 -51.7204 271.046 -52.3709
277.658 -55.2531 277.473 -55.9629
284.189 -58.8925 283.962 -59.69
290.77 -62.6493 290.472 -63.5285
297.421 -66.5052 297.09 -67.4631
304.114 -70.4517 303.781 -71.5331
310.871 -74.5125 310.5 -75.6804
317.638 -78.7299 317.22 -79.9878
324.412 -83.1001 323.873 -84.4375
331.148 -87.5705 330.527 -89.0017
337.839 -92.1515 337.173 -93.7161
344.489 -96.8362 343.792 -98.5477
351.109 -101.591 350.243 -103.346
357.681 -106.441 356.774 -108.329
364.205 -111.363 363.231 -113.357
370.654 -116.349 369.852 -118.67
377.044 -121.373 376.105 -123.764
383.353 -126.498 382.406 -129.074
389.649 -131.627 388.68 -134.328
395.839 -136.824 394.844 -139.672
401.978 -142.069 400.948 -145.026
408.064 -147.386 407 -150.491
414.12 -152.726 413.076 -156.01
420.14 -158.07 419.053 -161.503
426.136 -163.442 425.05 -167.089
432.096 -168.831 431.001 -172.695
438.042 -174.203 436.812 -178.207
444.039 -179.52 442.831 -183.733
450.064 -184.792 448.79 -189.201
456.158 -189.992 454.754 -194.611
462.246 -195.183 460.728 -199.912
468.351 -200.338 466.664 -205.205
474.468 -205.479 472.699 -210.55
480.606 -210.589 478.732 -215.795
486.758 -215.677 484.745 -221.009
492.917 -220.758 490.807 -226.226
499.072 -225.827 496.958 -231.501
505.239 -230.914 503.215 -236.921
511.394 -235.997 509.264 -242.142
517.549 -241.076 515.24 -247.337
523.711 -246.156 521.277 -252.583
529.865 -251.223 527.254 -257.748
536.038 -256.293 533.315 -263.022
542.214 -261.366 539.302 -268.195
548.376 -266.437 545.381 -273.517
554.549 -271.525 551.442 -278.732
560.72 -276.615 557.448 -283.963
566.896 -281.702 563.457 -289.23
573.077 -286.787 569.366 -294.423
579.254 -291.853 575.4 -299.593
585.438 -296.914 581.433 -304.802
591.611 -301.938 587.496 -309.978
597.803 -306.949 593.522 -315.171
604.002 -311.952 599.567 -320.253
610.204 -316.964 605.455 -325.359
616.401 -321.978 611.608 -330.537
622.607 -326.989 617.596 -335.638
628.814 -331.994 623.651 -340.715
635.032 -337 629.74 -345.845
641.237 -341.989 635.845 -350.971
647.445 -346.969 641.95 -356.078
653.662 -351.935 648.062 -361.143
659.878 -356.881 654.195 -366.174
666.112 -361.829 660.389 -371.277
672.351 -366.77 666.551 -376.314
678.588 -371.72 672.661 -381.355
684.82 -376.684 678.767 -386.441
691.041 -381.649 684.878 -391.48
697.271 -386.614 690.938 -396.469
703.506 -391.569 697.136 -401.545
709.744 -396.518 703.312 -406.53
715.984 -401.434 709.523 -411.511
722.23 -406.33 715.813 -416.493
728.498 -411.208 721.993 -421.456
734.766 -416.073 728.216 -426.35
741.048 -420.934 734.457 -431.325
747.329 -425.792 740.855 -436.397
753.612 -430.654 747.064 -441.294
759.909 -435.498 753.348 -446.199
766.235 -440.329 759.671 -451.118
772.573 -445.14 765.935 -455.954
778.918 -449.932 772.286 -460.828
785.271 -454.711 778.491 -465.608
791.604 -459.488 784.804 -470.428
797.914 -464.271 791.082 -475.263
804.203 -469.045 797.331 -480.085
810.49 -473.82 803.592 -484.945
816.792 -478.591 809.901 -489.774
823.116 -483.34 816.171 -494.563
829.464 -488.061 822.479 -499.37
835.854 -492.776 828.817 -504.136
842.262 -497.485 835.207 -508.912
848.683 -502.196 841.492 -513.666
855.115 -506.914 847.924 -518.53
861.557 -511.637 854.254 -523.271
868.012 -516.355 860.743 -528.088
874.442 -521.049 867.225 -532.836
880.882 -525.706 873.621 -537.54
887.324 -530.308 880.215 -542.306
893.755 -534.862 886.679 -546.922
900.174 -539.374 893.096 -551.474
906.591 -543.848 899.555 -556.081
912.99 -548.292 905.928 -560.556
919.401 -552.731 912.347 -565.082
925.807 -557.126 919.004 -569.752
932.226 -561.535 925.387 -574.245
938.633 -565.933 931.631 -578.63
945.057 -570.322 937.933 -583.053
951.508 -574.71 944.495 -587.6
957.98 -579.075 951.014 -592.108
964.464 -583.425 957.449 -596.535
970.963 -587.758 964.074 -601.054
977.455 -592.093 970.616 -605.535
983.962 -596.421 976.952 -609.852
990.462 -600.766 983.435 -614.309
996.966 -605.096 989.908 -618.808
1003.47 -609.408 996.242 -623.148
1009.97 -613.695 1002.65 -627.547
1016.46 -617.959 1009.07 -631.91
1022.92 -622.217 1015.43 -636.231
1029.37 -626.453 1021.72 -640.568
1035.8 -630.642 1028.05 -644.812
1042.23 -634.799 1034.28 -649.044
1048.66 -638.946 1040.73 -653.41
1055.08 -643.052 1047.05 -657.684
1061.53 -647.144 1053.24 -661.875
1067.97 -651.185 1059.49 -666.019
1074.4 -655.235 1065.72 -670.153
1080.84 -659.293 1072.03 -674.328
1087.27 -663.328 1078.41 -678.525
1093.72 -667.347 1084.7 -682.633
1100.19 -671.341 1090.95 -686.668
1106.67 -675.317 1097.38 -690.757
1113.16 -679.272 1103.72 -694.825
1119.66 -683.201 1110.13 -698.851
1126.2 -687.132 1116.56 -702.871
1132.75 -691.046 1123.08 -706.914
1139.34 -694.955 1129.51 -710.906
1145.95 -698.852 1136.04 -714.908
1152.58 -702.741 1142.55 -718.899
1159.23 -706.638 1149.08 -722.897
1165.89 -710.538 1155.62 -726.959
1172.56 -714.459 1162.22 -731.062
1179.27 -718.394 1168.84 -735.198
1186.02 -722.345 1175.48 -739.281
1192.78 -726.295 1182.07 -743.308
1199.58 -730.258 1188.69 -747.393
1206.42 -734.213 1195.42 -751.462
1213.28 -738.159 1202.13 -755.518
1220.17 -742.105 1208.86 -759.592
1227.1 -746.028 1215.66 -763.631
1234.07 -749.929 1222.56 -767.699
1241.08 -753.823 1229.54 -771.767
1248.12 -757.718 1236.46 -775.854
1255.21 -761.612 1243.42 -779.897
1262.32 -765.502 1250.44 -783.967
1269.47 -769.393 1257.4 -788.001
1276.67 -773.287 1264.42 -792.051
1283.89 -777.171 1271.48 -796.078
1291.1 -781.041 1278.53 -800.108
1298.33 -784.899 1285.64 -804.165
1305.56 -788.742 1292.75 -808.222
1312.79 -792.571 1299.74 -812.207
1320.03 -796.385 1306.93 -816.241
1327.29 -800.172 1314.01 -820.218
1334.54 -803.95 1321.13 -824.211
1341.8 -807.723 1328.24 -828.157
1349.06 -811.482 1335.44 -832.175
1356.32 -815.233 1342.54 -836.125
1363.57 -818.961 1349.55 -840.066
1370.8 -822.664 1356.63 -844.017
1378.01 -826.342 1363.72 -847.909
1385.24 -830.003 1370.79 -851.856
1392.47 -833.64 1377.95 -855.661
1399.71 -837.259 1385.05 -859.509
1406.94 -840.856 1392.14 -863.325
1414.15 -844.42 1399.25 -867.107
1421.34 -847.959 1406.34 -870.826
1428.54 -851.474 1413.38 -874.526
1435.73 -854.975 1420.52 -878.234
1442.94 -858.462 1427.72 -882
1450.12 -861.923 1434.75 -885.673
1457.29 -865.354 1441.87 -889.368
1464.43 -868.758 1448.93 -893.037
1471.55 -872.135 1455.93 -896.599
1478.64 -875.485 1462.98 -900.231
1485.7 -878.797 1469.92 -903.792
1492.71 -882.085 1476.75 -907.248
1499.69 -885.346 1483.48 -910.69
1506.61 -888.579 1490.33 -914.173
1513.51 -891.787 1496.88 -917.545
1520.39 -894.966 1503.85 -921.064
1527.24 -898.117 1510.56 -924.434
1534.07 -901.24 1517.21 -927.786
1540.87 -904.335 1523.75 -931.019
1547.64 -907.394 1530.64 -934.413
1554.37 -910.425 1537.26 -937.625
1561.07 -913.426 1543.84 -940.842
1567.72 -916.424 1550.35 -944.049
1574.33 -919.426 1556.94 -947.301
1580.91 -922.432 1563.34 -950.437
1587.48 -925.449 1569.77 -953.632
1594 -928.484 1576.45 -956.995
1600.46 -931.552 1582.59 -960.11
1606.85 -934.654 1588.94 -963.412
1613.18 -937.795 1595.23 -966.789
1619.45 -940.961 1601.62 -970.204
1625.64 -944.139 1607.77 -973.596
1631.78 -947.302 1613.44 -976.862
1637.88 -950.462 1619.52 -980.162
1643.92 -953.598 1625.38 -983.394
1649.93 -956.703 1631.43 -986.671
1655.91 -959.743 1637.52 -989.956
1661.86 -962.732 1644.65 -993.702
1667.83 -965.652 1651.91 -997.454
1673.79 -968.517 1657.78 -1000.48
1679.74 -971.331 1663.98 -1003.66
1685.68 -974.129 1670.05 -1006.72
1691.58 -976.911 1676.27 -1009.89
1697.46 -979.679 1682.16 -1012.87
1703.32 -982.431 1688.39 -1016.02
1709.14 -985.145 1694.41 -1019.08
1714.95 -987.831 1700.15 -1021.93
1720.75 -990.467 1706.25 -1024.95
1726.53 -993.063 1711.85 -1027.68
1732.26 -995.616 1717.64 -1030.49
1737.92 -998.126 1723.1 -1033.13
1743.47 -1000.59 1728.6 -1035.79
1748.97 -1002.99 1733.88 -1038.41
1754.39 -1005.38 1739.36 -1041.24
1759.75 -1007.75 1744.51 -1043.8
1765 -1010.12 1749.64 -1046.43
1770.11 -1012.47 1754.67 -1049.07
1775.1 -1014.78 1759.43 -1051.58
1779.95 -1017.08 1764.07 -1054.02
1784.65 -1019.35 1768.55 -1056.51
1789.18 -1021.6 1772.99 -1058.98
1793.51 -1023.88 1777.18 -1061.41
1797.65 -1026.27 1781.19 -1064.02
1801.57 -1028.81 1784.9 -1066.71
1805.3 -1031.53 1788.48 -1069.58
1808.82 -1034.44 1791.77 -1072.64
1812.12 -1037.56 1794.88 -1075.91
1815.17 -1040.92 1797.65 -1079.39
1817.93 -1044.48 1800.21 -1083.11
1820.33 -1048.21 1802.3 -1086.89
1822.46 -1052.15 1804.16 -1090.99
1824.26 -1056.26 1805.68 -1095.12
1825.69 -1060.49 1806.73 -1099.37
1826.76 -1064.82 1807.42 -1103.58
1827.46 -1069.23 1807.77 -1108.01
1827.81 -1073.69 1807.81 -1112.32
1827.81 -1078.17 1807.48 -1116.68
1827.47 -1082.64 1806.82 -1121.04
1826.7 -1087.07 1805.79 -1125.39
1825.63 -1091.49 1804.42 -1129.59
1824.18 -1095.81 1802.63 -1133.77
1822.36 -1099.99 1800.45 -1137.87
1820.14 -1103.99 1797.97 -1141.62
1817.59 -1107.8 1795.07 -1145.28
1814.72 -1111.35 1792.04 -1148.52
1811.55 -1114.63 1788.64 -1151.53
1808.09 -1117.61 1784.84 -1154.31
1804.28 -1120.25 1780.92 -1156.71
1800.31 -1122.62 1776.69 -1158.83
1796.12 -1124.69 1772.38 -1160.55
1791.74 -1126.47 1767.86 -1162.03
1787.19 -1127.95 1763.2 -1163.19
1782.51 -1129.18 1758.38 -1164.12
1777.7 -1130.19 1753.59 -1164.78
1772.8 -1131.04 1748.57 -1165.28
1767.8 -1131.74 1743.55 -1165.67
1762.74 -1132.35 1738.46 -1165.95
1757.66 -1132.89 1733.33 -1166.15
1752.56 -1133.37 1728.33 -1166.29
1747.46 -1133.82 1723.39 -1166.42
1742.34 -1134.25 1718.23 -1166.52
1737.22 -1134.67 1713.13 -1166.58
1732.11 -1135.06 1708.02 -1166.65
1727.07 -1135.44 1702.93 -1166.67
1722.08 -1135.79 1697.93 -1166.69
1717.16 -1136.09 1692.91 -1166.65
1712.34 -1136.27 1688.03 -1166.49
1707.61 -1136.29 1683.23 -1166.16
1703.03 -1136.08 1678.63 -1165.6
1698.59 -1135.61 1674.22 -1164.84
1694.24 -1134.79 1670.01 -1163.73
1689.99 -1133.67 1665.78 -1162.27
1685.87 -1132.17 1661.83 -1160.49
1681.96 -1130.28 1658.13 -1158.31
1678.31 -1128 1654.67 -1155.78
1674.83 -1125.27 1651.44 -1152.81
1671.79 -1122.27 1648.69 -1149.64
1669.1 -1118.97 1646.28 -1146.17
1666.78 -1115.41 1644.22 -1142.31
1664.82 -1111.61 1642.69 -1138.67
1663.21 -1107.64 1641.44 -1134.61
1661.96 -1103.51 1640.47 -1130.28
1661.11 -1099.28 1640.06 -1126.39
1660.72 -1094.94 1640.06 -1121.98
1660.67 -1090.52 1640.47 -1117.84
1661.14 -1086.16 1641.28 -1113.7
1662.05 -1081.84 1642.57 -1109.5
1663.37 -1077.56 1644.21 -1105.49
1665.06 -1073.32 1646.2 -1101.51
1667.04 -1069.13 1648.55 -1097.5
1669.23 -1064.99 1651.11 -1093.57
1671.64 -1060.84 1653.88 -1089.68
1674.14 -1056.68 1656.71 -1085.75
1676.72 -1052.45 1659.69 -1081.75
1679.38 -1048.15 1662.66 -1077.77
