-5.55112e-17 2.22045e-16 0 -2.98023e-08
0.00203758 3.94173 -0.0381419 3.92991
0.00757102 7.90877 -0.0575895 7.88626
0.00678092 11.9043 -0.0931663 11.8541
-0.00585175 15.9307 -0.14849 15.9103
0.00500609 19.9867 -0.165297 19.9478
-0.00736932 24.0721 -0.160369 24.054
0.00196227 28.1947 -0.170674 28.1391
0.00682708 32.3353 -0.147902 32.3047
0.0121194 36.5079 -0.146378 36.3804
0.0194295 40.7044 -0.187069 40.6504
0.0262236 44.9282 -0.201523 44.841
0.0335922 49.1796 -0.234538 49.0652
0.0253698 53.4572 -0.246477 53.3587
0.0132291 57.7455 -0.284751 57.6135
0.00276421 62.028 -0.306949 61.968
-0.00595393 66.2894 -0.346327 66.1346
-0.0270227 70.53 -0.394621 70.4487
-0.0467759 74.7424 -0.429828 74.6537
-0.0528733 78.935 -0.453579 78.9003
-0.0483881 83.0972 -0.466857 83.2101
-0.0751804 87.2502 -0.49579 87.4837
-0.111047 91.3752 -0.520257 91.55
-0.169705 95.4608 -0.557704 95.6935
-0.234406 99.5151 -0.593355 99.7895
-0.28676 103.546 -0.638979 103.927
-0.334309 107.565 -0.682946 108.409
-0.394315 111.577 -0.700161 112.321
-0.42959 115.56 -0.732676 116.419
-0.430614 119.561 -0.746793 120.447
-0.456074 123.624 -0.744006 124.519
-0.47085 127.692 -0.742209 128.344
-0.470125 131.756 -0.700692 132.504
-0.46612 135.815 -0.66747 136.451
-0.464181 139.863 -0.638396 140.519
-0.474702 143.91 -0.605987 144.547
-0.484415 147.954 -0.596061 148.599
-0.497985 151.992 -0.589689 152.654
-0.518837 156.033 -0.583566 156.714
-0.490889 160.079 -0.557521 160.696
-0.47678 164.13 -0.568144 164.719
-0.449484 168.2 -0.571875 168.857
-0.411154 172.284 -0.575719 173.078
-0.358878 176.409 -0.580188 177.241
-0.313655 180.542 -0.581793 181.302
-0.318656 184.704 -0.61527 185.483
-0.308933 188.9 -0.634098 189.75
-0.300756 193.121 -0.650067 194.07
-0.295505 197.381 -0.632611 198.364
-0.332199 201.657 -0.667673 202.659
-0.348136 205.97 -0.687515 207.131
-0.342964 210.323 -0.68631 211.465
-0.357581 214.714 -0.697436 215.694
-0.360488 219.142 -0.712391 220.29
-0.375507 223.589 -0.739472 224.565
-0.378527 228.06 -0.770006 229.156
-0.37457 232.542 -0.788415 233.734
-0.378408 237.045 -0.813186 238.272
-0.382092 241.571 -0.825385 242.719
-0.377078 246.123 -0.848316 247.24
-0.365894 250.696 -0.851761 251.742
-0.356528 255.288 -0.865919 256.427
-0.3408 259.9 -0.871051 261.047
-0.325374 264.511 -0.877061 265.649
-0.317394 269.138 -0.880481 270.29
-0.31404 273.765 -0.868049 274.969
-0.306203 278.395 -0.854328 279.652
-0.27649 283.05 -0.785823 284.398
-0.230158 287.7 -0.754544 289.029
-0.192693 292.369 -0.711733 293.712
-0.168171 297.072 -0.669824 298.416
-0.143657 301.821 -0.60451 303.184
-0.111308 306.609 -0.609289 308.015
-0.0932494 311.433 -0.533441 312.853
-0.107981 316.295 -0.545942 317.633
-0.10397 321.182 -0.501741 322.576
-0.0964844 326.068 -0.515032 327.503
-0.0744272 330.951 -0.470045 332.43
-0.0543496 335.802 -0.442622 337.37
-0.0425701 340.629 -0.45955 342.123
-0.0351466 345.453 -0.4571 346.935
-0.0415633 350.253 -0.469122 351.892
-0.0750661 355.038 -0.488458 356.606
-0.109101 359.812 -0.511985 361.323
-0.141995 364.587 -0.536559 366.106
-0.185891 369.387 -0.542128 370.898
-0.237813 374.225 -0.562107 375.807
-0.270401 378.993 -0.607668 380.59
-0.296087 383.841 -0.574328 385.355
-0.316454 388.686 -0.579869 390.394
-0.32379 393.558 -0.557656 395.153
