1 -3.64932e-10 -5.02005e-12 2.32831e-10 -6.92874e-10 1 4.10834e-10 7.45058e-09 1.04042e-13 9.60589e-11 1 0
0.999998 0.000885575 0.0017062 0.00488625 -0.000877162 0.999988 -0.00492591 -0.00947999 -0.00171054 0.00492441 0.999986 0.950485
0.999996 -0.00101344 0.00280047 0.00739671 0.00102963 0.999983 -0.00578609 -0.0187623 -0.00279455 0.00578895 0.999979 1.90326
0.999987 -0.00319916 0.00400365 0.00742871 0.00320774 0.999993 -0.0021388 -0.0227164 -0.00399678 0.00215161 0.99999 2.86564
0.999973 -0.00688941 0.00267456 0.0118482 0.00687829 0.999968 0.0041448 -0.0268798 -0.00270303 -0.00412629 0.999988 3.80845
0.999952 -0.00970836 0.00129232 0.0178656 0.00970261 0.999943 0.00438068 -0.0304339 -0.00133478 -0.00436793 0.99999 4.75002
0.999924 -0.0122865 0.00127748 0.0169195 0.0122837 0.999922 0.00221274 -0.0328588 -0.00130456 -0.00219688 0.999997 5.69948
0.999933 -0.0115991 -0.000534365 0.0188322 0.0115984 0.999932 -0.00139703 -0.0349129 0.000550533 0.00139074 0.999999 6.6228
0.999926 -0.0121248 -0.00117205 0.0163197 0.0121223 0.999924 -0.00210666 -0.0401159 0.0011975 0.0020923 0.999997 7.55668
0.999929 -0.0118213 -0.0016865 0.0111238 0.0118208 0.99993 -0.000294022 -0.0408475 0.00168986 0.000274066 0.999999 8.4964
0.999925 -0.0118378 -0.00307477 0.00847486 0.0118451 0.999927 0.00236245 -0.0456984 0.00304658 -0.0023987 0.999992 9.41005
0.999924 -0.0116632 -0.00397067 0.00257093 0.0116783 0.999925 0.00380577 -0.0486536 0.00392598 -0.00385185 0.999985 10.338
0.999912 -0.0125773 -0.00432172 -0.00631304 0.0125975 0.99991 0.0046628 -0.0533303 0.00426269 -0.00471683 0.99998 11.2539
0.999905 -0.0126053 -0.0055073 -0.0127863 0.0126314 0.999909 0.00472847 -0.0541862 0.0054472 -0.00479758 0.999974 12.1556
0.999888 -0.0138039 -0.00582157 -0.0242117 0.0138255 0.999898 0.00369075 -0.0533721 0.00577003 -0.00377082 0.999976 13.0543
0.999876 -0.0140922 -0.00701006 -0.0333927 0.0141014 0.9999 0.00126342 -0.0554645 0.00699155 -0.00136211 0.999975 13.9646
0.999859 -0.0140022 -0.00929137 -0.0371179 0.0140055 0.999902 0.000281142 -0.0553655 0.00928652 -0.000411231 0.999957 14.8708
0.999842 -0.0141897 -0.0107097 -0.0505389 0.0141808 0.999899 -0.000911351 -0.0588723 0.0107216 0.000759335 0.999942 15.7628
0.999845 -0.0129428 -0.011918 -0.0660158 0.0129266 0.999915 -0.00143305 -0.0618532 0.0119355 0.00127877 0.999928 16.664
0.999833 -0.0118592 -0.0139255 -0.083337 0.0118346 0.999928 -0.00184832 -0.0661469 0.0139464 0.00168321 0.999901 17.537
0.99981 -0.0119196 -0.0153945 -0.100719 0.0119074 0.999929 -0.000886084 -0.0704658 0.015404 0.000702609 0.999881 18.4278
0.999793 -0.0120971 -0.0163608 -0.1172 0.0121052 0.999927 0.000393796 -0.0743665 0.0163548 -0.000591763 0.999866 19.3312
0.999764 -0.011721 -0.0182728 -0.141534 0.0117403 0.999931 0.000950582 -0.0785165 0.0182604 -0.00116488 0.999833 20.2063
0.999734 -0.0124212 -0.0194354 -0.152251 0.012444 0.999922 0.00105284 -0.0838715 0.0194208 -0.00129441 0.999811 21.0782
0.9997 -0.0125165 -0.0210701 -0.16939 0.0125336 0.999921 0.000679697 -0.0874853 0.0210599 -0.000943577 0.999778 21.9507
0.999675 -0.0123165 -0.022304 -0.191715 0.0123389 0.999924 0.000868749 -0.0879463 0.0222916 -0.00114367 0.999751 22.7747
0.99965 -0.0128601 -0.0231112 -0.216122 0.0129243 0.999913 0.00263125 -0.0885934 0.0230753 -0.00292902 0.99973 23.6667
0.999607 -0.0140124 -0.0242919 -0.241646 0.0141504 0.999885 0.00551658 -0.0900264 0.0242118 -0.00585815 0.99969 24.4898
0.999595 -0.0138309 -0.0248663 -0.265758 0.0140112 0.999877 0.0070917 -0.0917066 0.0247651 -0.00743723 0.999666 25.3293
0.999604 -0.0131207 -0.0248848 -0.289158 0.0132699 0.999895 0.00584043 -0.0937819 0.0248056 -0.00616834 0.999673 26.1615
0.999589 -0.0115568 -0.0262334 -0.317322 0.0116522 0.999926 0.00348784 -0.0955868 0.0261911 -0.00379208 0.99965 26.9734
0.999583 -0.010755 -0.0268109 -0.338188 0.0108034 0.99994 0.00166294 -0.0956579 0.0267914 -0.0019519 0.999639 27.7787
0.999583 -0.0100059 -0.0270979 -0.366426 0.0100483 0.999949 0.00142953 -0.096202 0.0270822 -0.00170122 0.999632 28.5603
0.999512 -0.0111409 -0.0291727 -0.395514 0.0111809 0.999937 0.00120982 -0.102231 0.0291574 -0.00153541 0.999574 29.3486
0.999485 -0.00990468 -0.0305297 -0.424344 0.00991967 0.999951 0.000339564 -0.106683 0.0305249 -0.000642233 0.999534 30.1294
0.999408 -0.0101859 -0.0328661 -0.448808 0.0101938 0.999948 7.32166e-05 -0.111767 0.0328637 -0.000408204 0.99946 30.8987
0.99932 -0.0101044 -0.0354744 -0.493152 0.0101542 0.999948 0.00122387 -0.11131 0.0354602 -0.00158325 0.99937 31.6589
0.999257 -0.0111044 -0.0369198 -0.510556 0.0112451 0.99993 0.0036059 -0.113868 0.0368772 -0.00401838 0.999312 32.4117
0.999186 -0.0107801 -0.0388662 -0.552926 0.010988 0.999927 0.00514095 -0.115258 0.038808 -0.00556383 0.999231 33.1543
0.999138 -0.0093065 -0.040455 -0.585996 0.00953611 0.99994 0.00548663 -0.120118 0.0404015 -0.00586769 0.999166 33.8737
0.999091 -0.00682267 -0.0420828 -0.622621 0.00703764 0.999963 0.00496212 -0.118812 0.0420474 -0.00525377 0.999102 34.5939
0.999006 -0.00460399 -0.0443373 -0.661672 0.00478756 0.999981 0.00403514 -0.120155 0.0443179 -0.0042434 0.999009 35.2987
0.998949 -0.00406391 -0.0456667 -0.69663 0.00429891 0.999978 0.005049 -0.11898 0.0456452 -0.00524 0.998944 36.0089
0.998903 -0.00374282 -0.0466877 -0.73814 0.00406417 0.999969 0.00678994 -0.11675 0.0466608 -0.00697224 0.998887 36.6968
0.998902 -0.000904055 -0.0468316 -0.778353 0.00125569 0.999971 0.00747964 -0.116335 0.0468235 -0.00753024 0.998875 37.3631
0.998964 0.00261127 -0.0454363 -0.808671 -0.00234988 0.99998 0.00580534 -0.121025 0.0454506 -0.00569256 0.99895 38.0266
0.999018 0.00478195 -0.0440368 -0.852061 -0.00467839 0.999986 0.00245444 -0.119567 0.044048 -0.002246 0.999027 38.6938
0.999111 0.00513773 -0.0418496 -0.87655 -0.00511356 0.999987 0.000684482 -0.118586 0.0418526 -0.000469871 0.999124 39.3187
0.99924 0.00605546 -0.0385059 -0.909971 -0.00600535 0.999981 0.00141693 -0.120117 0.0385138 -0.00118461 0.999258 39.9528
0.999334 0.0104437 -0.0349653 -0.938131 -0.0103066 0.999938 0.00409902 -0.122347 0.035006 -0.00373592 0.99938 40.6057
0.999385 0.0151743 -0.0316282 -0.966841 -0.0149433 0.99986 0.00752736 -0.121779 0.031738 -0.0070501 0.999471 41.2105
0.999429 0.0198457 -0.0273319 -0.991645 -0.0196092 0.999768 0.00889283 -0.123989 0.0275021 -0.0083518 0.999587 41.809
0.999473 0.0241116 -0.0217337 -1.0166 -0.0239177 0.999672 0.00913596 -0.122669 0.0219468 -0.00861132 0.999722 42.3993
0.999492 0.0276201 -0.0159057 -1.03552 -0.0274458 0.999562 0.0110723 -0.118293 0.0162046 -0.0106302 0.999812 42.9527
0.999425 0.0326295 -0.00922794 -1.04625 -0.0325167 0.999398 0.0121238 -0.118463 0.00961797 -0.0118168 0.999884 43.5084
0.999331 0.0365419 -0.0018007 -1.06453 -0.0365171 0.999258 0.0122561 -0.118294 0.00224722 -0.0121821 0.999923 44.045
0.999199 0.0396798 0.00525254 -1.05988 -0.039741 0.999137 0.0121183 -0.119723 -0.00476715 -0.0123173 0.999913 44.5426
0.998963 0.0438162 0.0124154 -1.06448 -0.0439611 0.998965 0.0116495 -0.117197 -0.0118921 -0.0121832 0.999855 45.0475
0.998607 0.0486457 0.0204219 -1.06689 -0.0488364 0.998767 0.00894556 -0.114829 -0.0199616 -0.00993043 0.999752 45.5048
0.998332 0.0503021 0.0283506 -1.05614 -0.0504892 0.998707 0.00592011 -0.118359 -0.0280161 -0.00734163 0.999581 45.9336
0.998009 0.0513773 0.0365718 -1.03755 -0.0516122 0.998652 0.00550898 -0.115231 -0.0362394 -0.00738557 0.999316 46.3644
0.997728 0.0503789 0.0447258 -1.01565 -0.0507344 0.998689 0.00684884 -0.118328 -0.0443221 -0.00910242 0.998976 46.7598
0.997274 0.0519158 0.0524391 -1.00171 -0.0523822 0.998599 0.00755871 -0.117764 -0.0519732 -0.010285 0.998596 47.1318
0.996602 0.0549518 0.0613578 -0.976455 -0.0555356 0.998426 0.00784943 -0.11775 -0.0608299 -0.0112303 0.998085 47.4875
0.995748 0.0597732 0.0701012 -0.96114 -0.0604361 0.998145 0.00737085 -0.11994 -0.0695306 -0.0115761 0.997513 47.8137
0.994844 0.0637574 0.0788705 -0.938203 -0.0645379 0.997888 0.00738388 -0.11985 -0.0782332 -0.0124359 0.996858 48.1153
0.994056 0.0631643 0.08867 -0.906715 -0.0641097 0.997912 0.00785294 -0.122726 -0.0879889 -0.0134909 0.99603 48.3994
0.993139 0.0619523 0.0991771 -0.877718 -0.0628527 0.998005 0.0059771 -0.125863 -0.098609 -0.0121696 0.995052 48.6652
0.991962 0.0607346 0.111005 -0.838004 -0.0613075 0.998117 0.0017513 -0.128319 -0.11069 -0.00854267 0.993818 48.932
0.990374 0.0614358 0.124037 -0.792604 -0.0616344 0.998096 -0.00223957 -0.130393 -0.123939 -0.00542694 0.992275 49.1954
0.988238 0.0634037 0.139161 -0.748388 -0.0633744 0.997979 -0.0046466 -0.131526 -0.139174 -0.00422727 0.990259 49.4422
0.985677 0.0650199 0.155607 -0.699654 -0.0648666 0.997876 -0.00606838 -0.134093 -0.155671 -0.00411219 0.987801 49.7064
0.982807 0.0656911 0.172555 -0.652411 -0.0654059 0.997832 -0.00734429 -0.136479 -0.172664 -0.00406813 0.984972 49.9409
0.979526 0.0650855 0.190508 -0.587039 -0.0646737 0.997871 -0.00838517 -0.139464 -0.190648 -0.00410737 0.98165 50.1917
0.975708 0.063755 0.209595 -0.513136 -0.0632917 0.997955 -0.0089239 -0.14384 -0.209735 -0.00455849 0.977748 50.4496
0.971045 0.0642887 0.230084 -0.444898 -0.063663 0.99792 -0.01015 -0.147087 -0.230258 -0.00479177 0.973118 50.6796
0.965783 0.0663001 0.250735 -0.366878 -0.0653086 0.99779 -0.0122821 -0.14911 -0.250995 -0.00451329 0.967978 50.9196
0.959407 0.067842 0.273743 -0.277883 -0.0664179 0.997687 -0.0144782 -0.154192 -0.274092 -0.00429096 0.961694 51.162
0.952162 0.0689729 0.297709 -0.191398 -0.0673495 0.997606 -0.0157203 -0.160527 -0.298081 -0.00508231 0.954527 51.4027
0.943516 0.0716607 0.323483 -0.0942466 -0.070025 0.997405 -0.0167088 -0.166284 -0.323841 -0.00688694 0.946086 51.6335
0.933579 0.0739774 0.350654 0.0268975 -0.0723191 0.997222 -0.0178417 -0.175154 -0.350999 -0.00870231 0.936335 51.8885
0.922325 0.0749059 0.379085 0.134517 -0.0730249 0.997142 -0.0193602 -0.181236 -0.379451 -0.0098262 0.92516 52.1114
0.909609 0.0734399 0.408923 0.270469 -0.0708624 0.997255 -0.0214741 -0.191602 -0.409377 -0.00944418 0.912316 52.3491
0.894628 0.070779 0.441171 0.421728 -0.0669413 0.997461 -0.0242804 -0.200987 -0.44177 -0.00781067 0.897095 52.5851
0.877235 0.0698936 0.474946 0.577386 -0.0640959 0.997539 -0.0284126 -0.210782 -0.475764 -0.00551762 0.879556 52.7941
0.857585 0.0720815 0.509267 0.7515 -0.0637827 0.997393 -0.0337633 -0.220013 -0.510372 -0.00352752 0.859946 53.0253
0.835857 0.0741186 0.54392 0.91656 -0.0635368 0.997246 -0.0382534 -0.228137 -0.545257 -0.00258457 0.838265 53.2534
0.811254 0.0771697 0.579579 1.12018 -0.0647942 0.997012 -0.0420557 -0.240455 -0.581093 -0.00343547 0.81383 53.4701
0.783835 0.0812316 0.615634 1.34865 -0.0677922 0.996675 -0.0451951 -0.255405 -0.617258 -0.00630967 0.786735 53.7158
0.753771 0.0856107 0.651537 1.56279 -0.0712215 0.99628 -0.0485123 -0.265681 -0.653267 -0.00983627 0.757064 53.9372
0.72095 0.0872384 0.687474 1.82622 -0.0716158 0.996112 -0.0513006 -0.284033 -0.689277 -0.0122488 0.724394 54.1645
0.684403 0.0852541 0.724102 2.12663 -0.0683895 0.996268 -0.0526583 -0.306118 -0.72589 -0.0134815 0.687679 54.405
0.645401 0.0839002 0.759222 2.41916 -0.0657769 0.996362 -0.0541902 -0.326459 -0.761007 -0.0149649 0.648572 54.6061
0.602943 0.0838572 0.793364 2.76635 -0.0639982 0.996339 -0.0566737 -0.344034 -0.795213 -0.0166029 0.606103 54.8272
0.557243 0.083606 0.82613 3.1084 -0.0608914 0.996354 -0.0597605 -0.368913 -0.828114 -0.0170031 0.560302 55.016
0.50922 0.082513 0.856672 3.49201 -0.0574403 0.996432 -0.061831 -0.394856 -0.858717 -0.0177218 0.512143 55.203
0.460466 0.0807023 0.884001 3.91435 -0.055732 0.996522 -0.0619444 -0.422953 -0.885926 -0.0207439 0.463363 55.393
0.411018 0.078293 0.908259 4.31855 -0.055374 0.99661 -0.0608503 -0.448888 -0.909944 -0.0252833 0.41396 55.5371
0.360923 0.0780246 0.929326 4.76159 -0.0578023 0.99645 -0.0612115 -0.46871 -0.930803 -0.0316246 0.364151 55.6878
0.311246 0.0793452 0.947011 5.24878 -0.0566286 0.996286 -0.064862 -0.488414 -0.948641 -0.0334398 0.314584 55.8263
0.26413 0.0755474 0.961524 5.7097 -0.0458887 0.996783 -0.0657122 -0.528363 -0.963395 -0.0267665 0.266747 55.9127
0.220054 0.0700478 0.972969 6.20566 -0.0324453 0.997392 -0.064468 -0.558851 -0.974948 -0.0173819 0.221753 55.9796
0.177341 0.0678124 0.981811 6.73936 -0.0226946 0.99764 -0.0648065 -0.59768 -0.983888 -0.010789 0.178461 56.0437
0.139328 0.0702897 0.987749 7.25182 -0.0188987 0.997485 -0.0683168 -0.613329 -0.990066 -0.00914871 0.140306 56.0868
0.106093 0.0705108 0.991853 7.77266 -0.0110704 0.997505 -0.0697284 -0.654387 -0.994295 -0.00358257 0.106608 56.1141
0.0768336 0.0690966 0.994647 8.34153 -0.00252248 0.997606 -0.0691073 -0.695115 -0.997041 0.00280079 0.0768239 56.133
0.0519489 0.0673641 0.996375 8.89469 0.00349327 0.997704 -0.0676361 -0.727431 -0.998644 0.00699423 0.0515943 56.1485
0.0318539 0.0665092 0.997277 9.4716 0.00948768 0.997719 -0.0668416 -0.760655 -0.999448 0.011591 0.0311502 56.1488
0.0154874 0.0677596 0.997581 10.0662 0.0115689 0.997622 -0.067942 -0.795339 -0.999813 0.0125932 0.0146667 56.1431
0.00265186 0.0679161 0.997688 10.6413 0.0126776 0.997609 -0.0679445 -0.830034 -0.999916 0.0128285 0.0017845 56.1346
-0.00929553 0.0689099 0.99758 11.2548 0.0132201 0.997544 -0.0687842 -0.862493 -0.99987 0.0125487 -0.0101837 56.122
-0.0184978 0.0716221 0.99726 11.8566 0.0178562 0.997296 -0.0712934 -0.9054 -0.99967 0.0164885 -0.0197267 56.1046
-0.0258035 0.0732186 0.996982 12.4909 0.0225604 0.997103 -0.0726436 -0.948896 -0.999413 0.0206178 -0.0273805 56.0822
-0.0301233 0.0729441 0.996881 13.124 0.0226244 0.997128 -0.0722785 -0.985287 -0.99929 0.0203765 -0.0316871 56.0602
-0.0341525 0.070161 0.996951 13.7855 0.0203705 0.997375 -0.0694929 -1.0272 -0.999209 0.017935 -0.035492 56.0457
-0.0363601 0.0634352 0.997323 14.4528 0.0184596 0.997856 -0.0627961 -1.06313 -0.999168 0.0161269 -0.0374531 56.0235
-0.0377022 0.0574769 0.997635 15.1359 0.0193224 0.9982 -0.0567792 -1.1045 -0.999102 0.017136 -0.0387449 56.0013
-0.0377026 0.0551609 0.997765 15.827 0.0220994 0.998277 -0.0543541 -1.14053 -0.999045 0.0200007 -0.0388566 55.9674
-0.037986 0.0571006 0.997645 16.5199 0.0263391 0.998076 -0.0561224 -1.1851 -0.998931 0.0241452 -0.0394169 55.9409
-0.0369279 0.0644296 0.997239 17.2124 0.0270544 0.997618 -0.0634522 -1.22057 -0.998952 0.0246365 -0.0385831 55.908
-0.0346001 0.0721082 0.996796 17.9134 0.0263137 0.997114 -0.0712177 -1.26412 -0.999055 0.0237653 -0.0363976 55.8901
-0.0332318 0.0735174 0.99674 18.6249 0.0269911 0.996993 -0.0726361 -1.30129 -0.999083 0.0244892 -0.0351162 55.8742
-0.0306794 0.0692168 0.99713 19.3605 0.0274992 0.99728 -0.0683812 -1.34531 -0.999151 0.0253223 -0.0324994 55.8532
-0.0279853 0.0628515 0.99763 20.0929 0.0273776 0.997695 -0.0620875 -1.39381 -0.999234 0.0255752 -0.0296416 55.8401
-0.0258178 0.0607226 0.997821 20.8427 0.0253156 0.997873 -0.0600707 -1.43923 -0.999346 0.0237095 -0.0273001 55.8208
-0.0221106 0.0659137 0.99758 21.5686 0.0320962 0.997357 -0.0651875 -1.49241 -0.99924 0.0305772 -0.0241678 55.807
-0.0188802 0.0714742 0.997264 22.2949 0.0350313 0.996876 -0.0707832 -1.54061 -0.999208 0.0335991 -0.0213251 55.7927
-0.0165438 0.0723422 0.997243 23.0372 0.0286546 0.997004 -0.0718495 -1.58552 -0.999453 0.0273869 -0.0185671 55.7899
-0.0133845 0.069393 0.9975 23.7772 0.0233296 0.997339 -0.0690688 -1.62874 -0.999638 0.0223468 -0.0149678 55.7935
-0.00873275 0.0649957 0.997847 24.5167 0.0278173 0.997515 -0.0647306 -1.68238 -0.999575 0.0271922 -0.0105191 55.7848
-0.00490983 0.0661364 0.997798 25.2603 0.0329692 0.997279 -0.0659397 -1.73695 -0.999444 0.0325728 -0.00707693 55.7796
-0.00217379 0.0701943 0.997531 25.9782 0.0330112 0.996995 -0.0700846 -1.78946 -0.999453 0.0327773 -0.00448446 55.7828
0.00121451 0.0716593 0.997428 26.713 0.0287451 0.997015 -0.0716645 -1.83101 -0.999586 0.0287582 -0.00084897 55.7864
0.00496999 0.0704268 0.997505 27.476 0.0269316 0.997146 -0.0705356 -1.88555 -0.999625 0.027215 0.0030591 55.8045
0.00907199 0.0682616 0.997626 28.2061 0.031791 0.997143 -0.0685177 -1.93207 -0.999453 0.0323372 0.00687597 55.8036
0.0123172 0.0678944 0.997617 28.9406 0.0364042 0.997 -0.068302 -1.98729 -0.999261 0.0371587 0.00980858 55.8078
0.0160869 0.0690026 0.997487 29.6987 0.0393812 0.996798 -0.0695901 -2.04126 -0.999095 0.0404017 0.013318 55.8146
0.0189232 0.068865 0.997446 30.436 0.0396654 0.996788 -0.069572 -2.08969 -0.999034 0.0408806 0.0161309 55.832
0.0224153 0.0677045 0.997454 31.1705 0.0408956 0.996807 -0.0685797 -2.13507 -0.998912 0.0423288 0.0195749 55.8474
0.0261001 0.0664427 0.997449 31.9274 0.0435612 0.996765 -0.067537 -2.19279 -0.99871 0.0452128 0.0231214 55.8719
0.0293035 0.0668228 0.997334 32.6557 0.0417911 0.996809 -0.0680154 -2.23702 -0.998697 0.0436728 0.0264174 55.8947
0.0318779 0.0681625 0.997165 33.4098 0.0383098 0.996855 -0.069366 -2.28505 -0.998757 0.0404124 0.0291664 55.9255
0.034837 0.0683578 0.997052 34.1698 0.0399986 0.996763 -0.0697355 -2.33952 -0.998592 0.04231 0.0319901 55.9577
0.0379788 0.0677639 0.996978 34.914 0.03802 0.996878 -0.0692054 -2.38914 -0.998555 0.0405335 0.0352838 55.9856
0.0394771 0.0682903 0.996884 35.6862 0.0362617 0.996907 -0.0697278 -2.44034 -0.998562 0.0389014 0.0368787 56.0259
0.043339 0.0685138 0.996708 36.4281 0.0341162 0.996962 -0.0700147 -2.49414 -0.998478 0.0370383 0.0408699 56.0637
0.0459379 0.0703588 0.996463 37.1827 0.0315848 0.996916 -0.0718468 -2.54333 -0.998445 0.0347736 0.043574 56.1036
0.049255 0.0736339 0.996068 37.932 0.0312174 0.996678 -0.0752227 -2.59953 -0.998298 0.0347998 0.0467927 56.1532
0.0522578 0.0758611 0.995748 38.7066 0.0309104 0.99651 -0.0775414 -2.65541 -0.998155 0.0348311 0.0497305 56.1946
0.0552656 0.0778877 0.995429 39.4766 0.0249318 0.996534 -0.0793584 -2.71253 -0.99816 0.0292037 0.0531322 56.2539
0.0577504 0.0776661 0.995305 40.2317 0.0206189 0.996664 -0.0789685 -2.75917 -0.998118 0.0250826 0.0559563 56.3063
0.0614286 0.0774833 0.995099 41.0153 0.0230456 0.996606 -0.0790233 -2.8256 -0.997846 0.027787 0.0594345 56.3621
0.0652669 0.0785567 0.994771 41.8117 0.0229385 0.996515 -0.0801994 -2.89272 -0.997604 0.028053 0.0632375 56.4196
0.0685284 0.0796027 0.994468 42.5947 0.0184175 0.996541 -0.0810378 -2.94984 -0.997479 0.0238691 0.0668253 56.4867
0.0733628 0.0784883 0.994212 43.3784 0.0171572 0.996651 -0.0799469 -3.00029 -0.997158 0.0229231 0.0717705 56.5541
0.0779386 0.0771035 0.993972 44.174 0.0186388 0.996718 -0.078778 -3.07588 -0.996784 0.0246663 0.0762456 56.6185
0.0823866 0.0816946 0.993246 44.961 0.0146582 0.996427 -0.083172 -3.1297 -0.996493 0.0214114 0.0808947 56.6951
0.0886788 0.0893264 0.992047 45.7651 0.0121795 0.995799 -0.090753 -3.20221 -0.995986 0.0201305 0.0872183 56.7778
0.0962887 0.0946235 0.990846 46.5612 0.0108169 0.995313 -0.0961013 -3.27057 -0.995295 0.0199713 0.0948139 56.8636
0.103318 0.0973186 0.989876 47.3644 0.00566275 0.995128 -0.098426 -3.34317 -0.994632 0.0157746 0.102264 56.9607
0.110612 0.0959468 0.989222 48.1601 0.00301023 0.995292 -0.0968722 -3.41362 -0.993859 0.013693 0.109802 57.067
0.117717 0.093752 0.988612 48.9828 0.00256312 0.995502 -0.0947106 -3.49387 -0.993044 0.0136829 0.116947 57.1726
0.125458 0.0908979 0.987926 49.7857 0.00231146 0.995764 -0.0919126 -3.56808 -0.992096 0.0138147 0.124717 57.2789
0.133097 0.0846721 0.98748 50.6079 0.000568638 0.996337 -0.0855083 -3.64165 -0.991103 0.0119424 0.132561 57.4
0.140242 0.0782684 0.987019 51.4219 -0.00232306 0.996894 -0.0787214 -3.70399 -0.990115 0.00874714 0.139988 57.5241
0.147835 0.0741309 0.98623 52.2274 -0.00180205 0.997205 -0.0746857 -3.7733 -0.989011 0.0092639 0.147555 57.6609
0.155053 0.0761907 0.984964 53.0229 -0.00171034 0.997041 -0.0768557 -3.83755 -0.987905 0.0102321 0.154725 57.7893
0.161348 0.0825623 0.983438 53.8136 -0.00243119 0.996525 -0.0832621 -3.90354 -0.986895 0.0110433 0.160988 57.9248
0.165932 0.0868436 0.982306 54.59 -0.00371293 0.996163 -0.0874415 -3.96735 -0.98613 0.0108621 0.165618 58.0614
0.171518 0.0891253 0.981141 55.3652 -0.00491651 0.995965 -0.0896123 -4.0402 -0.985169 0.0105464 0.171264 58.2159
0.17683 0.0894489 0.980168 56.1245 -0.00738128 0.995954 -0.0895578 -4.10604 -0.984214 0.00860161 0.176775 58.3571
0.181682 0.0861767 0.979574 56.8684 -0.00446066 0.996215 -0.0868133 -4.17564 -0.983347 0.0114029 0.181379 58.5079
0.186583 0.0804993 0.979136 57.6567 -0.0033442 0.996684 -0.0813047 -4.23943 -0.982434 0.0118956 0.186233 58.6611
0.190289 0.0727899 0.979026 58.3943 -0.00410098 0.997298 -0.0733514 -4.30466 -0.98172 0.00994302 0.190074 58.8034
0.192874 0.0698285 0.978736 59.1329 -0.00731023 0.997539 -0.0697294 -4.35891 -0.981197 0.00629418 0.192909 58.9743
0.196539 0.0695395 0.978027 59.8623 -0.00914191 0.997568 -0.0690918 -4.41986 -0.980453 0.0046382 0.196697 59.1199
0.198531 0.0716032 0.977476 60.565 -0.0114163 0.997429 -0.0707462 -4.47013 -0.980028 0.00288614 0.198838 59.2754
0.200166 0.0753325 0.976862 61.2788 -0.0144089 0.997158 -0.0739453 -4.52677 -0.979656 0.000725829 0.200683 59.4375
0.20218 0.080323 0.976049 61.9576 -0.016492 0.996769 -0.0786119 -4.5822 -0.97921 -0.000203221 0.202852 59.5848
0.20366 0.0859672 0.97526 62.6331 -0.0185039 0.996298 -0.0839575 -4.63786 -0.978867 -0.000947339 0.204497 59.7337
0.20572 0.0874817 0.974693 63.3192 -0.0171007 0.996166 -0.0857997 -4.69883 -0.978462 0.000982776 0.206427 59.895
0.206702 0.0874204 0.974491 63.977 -0.0192278 0.996171 -0.0852868 -4.75024 -0.978215 -0.0011084 0.207591 60.0386
0.207584 0.0845847 0.974553 64.64 -0.0184701 0.996416 -0.082548 -4.81567 -0.978043 -0.000864437 0.208402 60.1906
0.208669 0.0819949 0.974543 65.294 -0.0184055 0.996632 -0.0799124 -4.86754 -0.977813 -0.00126169 0.209475 60.3326
0.20848 0.0810697 0.974661 65.9485 -0.0183734 0.996707 -0.0789734 -4.92513 -0.977854 -0.00144347 0.209283 60.482
0.206706 0.0800786 0.97512 66.5825 -0.0180402 0.996787 -0.0780337 -4.98021 -0.978237 -0.00146133 0.207487 60.6189
0.205065 0.0805041 0.975432 67.2096 -0.0186535 0.996752 -0.0783422 -5.03345 -0.978571 -0.00212998 0.205901 60.7464
0.202964 0.0835936 0.975611 67.8107 -0.0196258 0.996496 -0.0813002 -5.08373 -0.97899 -0.00264613 0.203893 60.8811
0.200964 0.087516 0.975682 68.4028 -0.019089 0.996162 -0.0854212 -5.14094 -0.979413 -0.00145819 0.201863 60.9922
0.198516 0.0882235 0.976119 69.0056 -0.0167656 0.9961 -0.0866198 -5.19227 -0.979954 0.000830253 0.199221 61.1154
0.196437 0.0870702 0.976643 69.579 -0.0169065 0.996202 -0.0854134 -5.23913 -0.980371 0.000266739 0.197163 61.2292
0.194329 0.0841741 0.977318 70.1683 -0.0172592 0.996451 -0.0823901 -5.28825 -0.980785 -0.000856937 0.195092 61.3545
0.191739 0.0802795 0.978157 70.7249 -0.0157679 0.996772 -0.0787165 -5.33828 -0.981319 -0.000330386 0.192386 61.457
0.190349 0.0787003 0.978557 71.2803 -0.0124975 0.996895 -0.0777442 -5.38858 -0.981637 0.00256903 0.190741 61.5661
0.187967 0.0804543 0.978875 71.8276 -0.0089077 0.996738 -0.080212 -5.43543 -0.982135 0.00635766 0.18807 61.6694
0.185787 0.0821723 0.979148 72.3574 -0.00469528 0.99656 -0.0827426 -5.47942 -0.982579 0.0107751 0.185534 61.7539
0.183857 0.0845225 0.979312 72.9073 -0.0052654 0.996367 -0.0850059 -5.52244 -0.982939 0.0104725 0.183634 61.8747
0.182432 0.0863773 0.979417 73.4418 -0.00599626 0.996213 -0.0867417 -5.57181 -0.9832 0.00995159 0.182259 61.9862
0.181974 0.0855438 0.979575 73.9832 -0.00413863 0.996266 -0.0862326 -5.61607 -0.983295 0.011638 0.181649 62.0838
0.182676 0.0834995 0.979621 74.5308 0.00134258 0.996365 -0.0851771 -5.66424 -0.983172 0.016875 0.1819 62.1813
0.183994 0.0818547 0.979513 75.0774 0.00672427 0.996398 -0.0845288 -5.70806 -0.982905 0.0221393 0.18278 62.2825
0.186229 0.0809384 0.979167 75.6264 0.00965677 0.996402 -0.0841997 -5.75413 -0.982459 0.025136 0.184777 62.3875
0.189513 0.0808598 0.978543 76.1729 0.00764694 0.996452 -0.0838206 -5.8023 -0.981849 0.0233679 0.188222 62.5067
0.195032 0.0811029 0.977438 76.7308 0.00615314 0.996455 -0.0839085 -5.84735 -0.980778 0.0223792 0.193842 62.6267
0.201717 0.0801386 0.97616 77.2842 0.0078358 0.996483 -0.0834262 -5.89398 -0.979413 0.0244775 0.200379 62.742
0.209217 0.0799546 0.974595 77.8465 0.00584038 0.996532 -0.0830081 -5.93833 -0.977852 0.0230587 0.208025 62.872
0.217685 0.0788109 0.972832 78.414 0.00563884 0.996616 -0.0819994 -5.97847 -0.976003 0.0233357 0.216504 63.0062
0.226329 0.0778048 0.970939 78.9972 0.00323747 0.996739 -0.080627 -6.0296 -0.974046 0.0213916 0.225339 63.1582
0.236001 0.077934 0.968623 79.5676 0.000872305 0.996762 -0.0804105 -6.07371 -0.971753 0.0198219 0.235169 63.3006
0.246027 0.0809948 0.965873 80.1572 -0.00390551 0.996577 -0.0825748 -6.12084 -0.969255 0.0165434 0.245502 63.4748
0.255099 0.0838864 0.963269 80.7449 -0.00751569 0.996372 -0.0847787 -6.1646 -0.966886 0.0143874 0.254804 63.6472
0.266121 0.0861731 0.96008 81.3474 -0.0111441 0.996205 -0.0863265 -6.21048 -0.963875 0.0122741 0.266071 63.8317
0.27668 0.0879271 0.956931 81.9574 -0.0130852 0.996058 -0.0877389 -6.26637 -0.960873 0.011754 0.27674 64.018
0.286832 0.089075 0.953831 82.5707 -0.0165922 0.99598 -0.0880217 -6.31607 -0.957837 0.00942128 0.287157 64.2105
0.296748 0.089431 0.950759 83.1943 -0.017421 0.995947 -0.0882441 -6.36862 -0.954797 0.00962314 0.297103 64.4262
0.307132 0.0901183 0.94739 83.8083 -0.0209942 0.995906 -0.0879272 -6.417 -0.951435 0.0071156 0.307767 64.6314
0.318457 0.0860626 0.944022 84.5142 -0.0208841 0.996265 -0.0837803 -6.46955 -0.947707 0.0069654 0.319065 64.8841
0.328286 0.0781751 0.941338 85.1348 -0.0173777 0.996901 -0.076729 -6.52109 -0.944419 0.00883077 0.328627 65.1085
0.339544 0.0735556 0.93771 85.8203 -0.0156022 0.997241 -0.0725757 -6.57701 -0.940461 0.0100123 0.339755 65.3582
0.3501 0.0699205 0.934099 86.4945 -0.0142377 0.997492 -0.0693294 -6.61949 -0.936604 0.0109728 0.350217 65.6265
0.35881 0.0676997 0.930952 87.1733 -0.0108422 0.997601 -0.0683677 -6.66963 -0.933348 0.0144375 0.358683 65.8868
0.367848 0.0635617 0.927711 87.8681 -0.0042699 0.997766 -0.0666684 -6.70773 -0.929876 0.0205626 0.367297 66.1582
0.374982 0.0535537 0.925484 88.6129 0.0053872 0.998187 -0.0599434 -6.75466 -0.927016 0.0274635 0.374014 66.458
0.381943 0.0481987 0.922928 89.2985 0.0113636 0.998319 -0.0568386 -6.80192 -0.924116 0.0321969 0.380753 66.7389
0.389503 0.0476895 0.91979 90.0262 0.0153784 0.998183 -0.0582663 -6.84422 -0.920897 0.0368398 0.388062 67.0485
0.396621 0.0538064 0.916404 90.7334 0.0169033 0.997683 -0.0658945 -6.89437 -0.917827 0.0416254 0.394792 67.3627
0.404205 0.0591419 0.912754 91.4417 0.0194831 0.997124 -0.0732366 -6.9413 -0.914461 0.0473859 0.40189 67.666
0.410009 0.0606656 0.910062 92.1468 0.018161 0.997045 -0.074646 -6.99451 -0.911901 0.0471332 0.407696 67.9856
0.413702 0.0628496 0.90824 92.8349 0.0110701 0.997193 -0.0740475 -7.04907 -0.910345 0.0406879 0.411845 68.3267
0.418571 0.0658006 0.905797 93.5243 0.00574648 0.99716 -0.075093 -7.10291 -0.908166 0.0366369 0.417004 68.6553
0.422119 0.068963 0.903914 94.2132 0.00382234 0.996958 -0.0778467 -7.16927 -0.906533 0.0363156 0.420571 68.9928
0.426001 0.0728096 0.901788 94.8737 0.00188548 0.996683 -0.081362 -7.22698 -0.904721 0.0363606 0.424451 69.3109
0.429992 0.0759026 0.899636 95.5444 -0.00194887 0.996536 -0.0831465 -7.29078 -0.902831 0.0339991 0.42865 69.6383
0.43339 0.0747321 0.898102 96.1889 -0.00265935 0.996658 -0.0816497 -7.34518 -0.901202 0.0329978 0.432141 69.9708
0.437199 0.0709498 0.896562 96.8382 -0.00146342 0.996938 -0.0781795 -7.41045 -0.899364 0.032868 0.435964 70.2864
0.44094 0.0684125 0.894926 97.4852 -0.00143168 0.997143 -0.075521 -7.46608 -0.897536 0.032019 0.439778 70.6098
0.444219 0.0672857 0.893388 98.105 -0.00238424 0.997261 -0.0739234 -7.52599 -0.895915 0.0307081 0.443163 70.9325
0.448067 0.0689879 0.891334 98.7213 -0.00466752 0.997185 -0.0748343 -7.5766 -0.893988 0.0293704 0.447128 71.2436
0.45136 0.0695795 0.889625 99.3328 -0.00423904 0.997111 -0.0758355 -7.63381 -0.892332 0.0304579 0.450351 71.5544
0.452859 0.0677355 0.889005 99.9332 -0.00170892 0.997174 -0.0751066 -7.68239 -0.891581 0.0324935 0.451695 71.8724
0.454566 0.0665105 0.888226 100.516 -0.000104112 0.997212 -0.0746181 -7.73626 -0.890713 0.0338264 0.453306 72.168
0.456616 0.0664803 0.887177 101.107 -0.00109695 0.997246 -0.0741637 -7.78536 -0.889663 0.0328911 0.455431 72.4781
0.458596 0.0658039 0.886205 101.681 0.000619374 0.997231 -0.0743684 -7.83801 -0.888645 0.0346539 0.457285 72.7782
0.460998 0.0674719 0.884832 102.231 0.000160604 0.997099 -0.0761164 -7.88393 -0.887401 0.0352316 0.45965 73.068
0.463863 0.067593 0.883325 102.8 0.00218696 0.996995 -0.0774396 -7.93663 -0.885904 0.0378532 0.462321 73.3637
0.467105 0.0663305 0.88171 103.337 0.00488583 0.996973 -0.07759 -7.98856 -0.884188 0.0405506 0.465367 73.6468
0.469957 0.0648963 0.880301 103.868 0.00744723 0.996967 -0.0774728 -8.03421 -0.882658 0.0429647 0.468048 73.9333
0.473347 0.0640227 0.878546 104.393 0.00888885 0.996957 -0.0774409 -8.08141 -0.880831 0.0444657 0.471338 74.2148
0.476367 0.063746 0.876933 104.912 0.00931101 0.996947 -0.077528 -8.13018 -0.879197 0.0450969 0.474319 74.5
0.479889 0.0627939 0.875079 105.419 0.0103118 0.996963 -0.0771949 -8.17712 -0.877269 0.0460685 0.477784 74.7828
0.482876 0.0623783 0.873464 105.927 0.0119072 0.9969 -0.0777761 -8.22332 -0.875608 0.0479567 0.480636 75.0682
0.487062 0.0635186 0.871055 106.428 0.0114365 0.996802 -0.0790832 -8.26716 -0.873293 0.0484802 0.484778 75.3464
0.491765 0.063392 0.868417 106.939 0.0137462 0.996657 -0.0805372 -8.31811 -0.87062 0.0515428 0.489249 75.6349
0.496371 0.0667166 0.865543 107.43 0.0118183 0.996431 -0.083583 -8.36554 -0.86803 0.0517174 0.49381 75.9269
0.501631 0.0722941 0.862056 107.91 0.00850439 0.996042 -0.0884793 -8.41533 -0.86504 0.0517152 0.499031 76.2168
0.507365 0.0795664 0.85805 108.391 0.00317963 0.995549 -0.0941967 -8.46343 -0.861725 0.0505204 0.504854 76.5109
0.513402 0.08613 0.853815 108.866 -0.00230165 0.995085 -0.0989969 -8.51157 -0.858145 0.04886 0.511077 76.8164
0.519529 0.0906401 0.849632 109.342 -0.00637392 0.994741 -0.102223 -8.56467 -0.854429 0.0476924 0.517374 77.1254
0.525053 0.0911182 0.846178 109.826 -0.00991413 0.99484 -0.100975 -8.61599 -0.851012 0.0446279 0.523247 77.4445
0.530915 0.0900525 0.842627 110.323 -0.0162005 0.995235 -0.0961544 -8.66776 -0.84727 0.0373988 0.529844 77.7813
0.536419 0.0878728 0.839365 110.814 -0.0225311 0.995701 -0.0898405 -8.72136 -0.843651 0.0292803 0.536093 78.116
0.542755 0.0859671 0.83548 111.315 -0.0289084 0.996071 -0.0837113 -8.77527 -0.839394 0.0212823 0.543107 78.4626
0.548387 0.0841619 0.831979 111.825 -0.0317752 0.996301 -0.0798403 -8.82564 -0.835621 0.0173471 0.549033 78.8178
0.554158 0.0871948 0.827832 112.328 -0.0363464 0.996085 -0.0805861 -8.87236 -0.831618 0.0145687 0.555158 79.1776
0.560714 0.0912619 0.822965 112.846 -0.040759 0.995745 -0.0826517 -8.91762 -0.827006 0.0128008 0.562048 79.5473
0.56678 0.0948686 0.818389 113.371 -0.0436882 0.995411 -0.0851327 -8.96758 -0.82271 0.0124977 0.568324 79.9323
0.572465 0.0971993 0.814147 113.9 -0.0461805 0.995195 -0.0863425 -9.01332 -0.818627 0.0118303 0.574203 80.3158
0.579291 0.0982543 0.809177 114.441 -0.0493002 0.995115 -0.0855376 -9.06452 -0.813628 0.00965861 0.581305 80.7249
0.585696 0.0999218 0.804348 114.987 -0.0547867 0.994983 -0.0837102 -9.11417 -0.808677 0.00496123 0.588232 81.145
0.592019 0.0982566 0.799912 115.542 -0.0554022 0.995154 -0.0812356 -9.16607 -0.804018 0.00377613 0.594593 81.5741
0.600116 0.0962836 0.794097 116.12 -0.0556834 0.99535 -0.0786041 -9.21865 -0.797973 0.0029535 0.602686 82.02
0.607309 0.0962422 0.788615 116.68 -0.0567363 0.995355 -0.0777803 -9.27343 -0.792437 0.00249356 0.609948 82.4688
0.614936 0.098416 0.782412 117.249 -0.060607 0.995145 -0.0775407 -9.32103 -0.786245 0.000262898 0.617915 82.9394
0.622797 0.099118 0.77608 117.83 -0.0619541 0.995076 -0.0773698 -9.37274 -0.779927 0.000104328 0.625871 83.4313
0.629864 0.0998684 0.770259 118.416 -0.0637338 0.995 -0.0768904 -9.42036 -0.774086 -0.000661054 0.63308 83.9304
0.634283 0.0988869 0.766751 118.997 -0.0637416 0.995098 -0.0756073 -9.47307 -0.770469 -0.0009175 0.637477 84.4213
0.638848 0.0974256 0.763139 119.612 -0.0623052 0.995243 -0.0748992 -9.52781 -0.766806 0.000301716 0.641879 84.9422
0.642338 0.0951876 0.760488 120.213 -0.059373 0.995456 -0.0744489 -9.58081 -0.764119 0.00266891 0.64507 85.4524
0.645967 0.0912675 0.75789 120.842 -0.0538089 0.995801 -0.074055 -9.63751 -0.761467 0.00705592 0.648166 85.997
0.649649 0.0847886 0.755491 121.471 -0.0460185 0.996325 -0.0722458 -9.69179 -0.75884 0.0121679 0.651163 86.5294
0.653536 0.0789655 0.752765 122.102 -0.0397896 0.996752 -0.0700154 -9.74826 -0.755849 0.0158054 0.654556 87.0755
0.657086 0.0735045 0.750223 122.738 -0.0349115 0.997134 -0.0671187 -9.80607 -0.753007 0.0179113 0.657769 87.6293
0.660553 0.0715635 0.747361 123.375 -0.0334374 0.997263 -0.0659394 -9.85412 -0.750035 0.0185667 0.661138 88.2078
0.663215 0.0732196 0.744839 123.99 -0.0349503 0.997147 -0.0669019 -9.91276 -0.747613 0.0183379 0.663882 88.7612
0.666586 0.0775625 0.741382 124.664 -0.0400026 0.996861 -0.0683235 -9.96416 -0.744354 0.0158863 0.667596 89.3915
0.669422 0.0809945 0.738454 125.283 -0.045759 0.996647 -0.0678321 -10.0142 -0.741472 0.0116174 0.670883 89.9773
0.672449 0.0788101 0.735936 125.927 -0.0471746 0.996857 -0.0636466 -10.0677 -0.738639 0.00808164 0.674053 90.579
0.675607 0.075816 0.733353 126.576 -0.0494285 0.997118 -0.0575484 -10.1139 -0.735603 0.0026316 0.677408 91.2017
0.679401 0.0697546 0.730444 127.209 -0.04868 0.997563 -0.0499852 -10.1592 -0.732151 -0.00159806 0.681141 91.7965
0.683623 0.0648412 0.726949 127.88 -0.0450085 0.997895 -0.0466826 -10.2011 -0.728446 -0.000805549 0.685103 92.4415
0.688024 0.0623252 0.723006 128.52 -0.0405385 0.99805 -0.0474577 -10.2444 -0.724555 0.00334247 0.689209 93.0423
0.694324 0.0589267 0.717246 129.174 -0.0300902 0.998148 -0.0528762 -10.2901 -0.719034 0.0151311 0.694811 93.6748
0.698683 0.0607873 0.712844 129.819 -0.0247977 0.997843 -0.0607852 -10.3366 -0.715002 0.0247927 0.698683 94.307
0.704206 0.0612654 0.707348 130.473 -0.0221653 0.997681 -0.0643452 -10.391 -0.70965 0.0296337 0.703931 94.958
0.710762 0.0567926 0.701136 131.103 -0.0183665 0.997894 -0.0622116 -10.4325 -0.703193 0.0313402 0.710308 95.6008
0.716824 0.0506569 0.695412 131.759 -0.0141051 0.998207 -0.0581744 -10.4948 -0.697112 0.031892 0.716253 96.2784
0.721741 0.0472565 0.690548 132.386 -0.00853721 0.998199 -0.0593872 -10.5419 -0.692111 0.0369669 0.720844 96.9473
0.726694 0.0499188 0.685145 133.025 -0.00821549 0.997917 -0.0639933 -10.6025 -0.686912 0.0408748 0.725591 97.6202
0.729808 0.0517619 0.681689 133.639 -0.00865193 0.997749 -0.0664983 -10.6507 -0.683597 0.0426331 0.728614 98.2906
0.73351 0.0489706 0.677913 134.282 -0.00660345 0.997868 -0.0649383 -10.7085 -0.679647 0.0431563 0.732269 98.9914
0.736483 0.0425124 0.675119 134.913 -0.00187651 0.998148 -0.0608065 -10.7671 -0.676454 0.0435161 0.735199 99.6749
0.738467 0.0381232 0.673211 135.544 0.000828913 0.998348 -0.0574446 -10.8235 -0.67429 0.042979 0.737215 100.36
0.738845 0.0336993 0.673032 136.172 0.00457717 0.998475 -0.0550192 -10.8755 -0.67386 0.0437313 0.737564 101.052
0.738095 0.0325793 0.67391 136.818 0.00459803 0.998567 -0.0533103 -10.9297 -0.674682 0.0424467 0.736887 101.772
0.738449 0.0327277 0.673515 137.421 0.0040333 0.998589 -0.0529459 -10.9748 -0.674298 0.0418143 0.737275 102.447
0.738154 0.0353611 0.673705 138.059 0.00130728 0.998549 -0.0538437 -11.0267 -0.674631 0.0406256 0.737037 103.151
0.736882 0.0389118 0.6749 138.661 -0.00180228 0.998452 -0.0555985 -11.0725 -0.676019 0.0397532 0.735811 103.84
0.7347 0.0432517 0.677012 139.312 -0.00663534 0.998376 -0.0565816 -11.1275 -0.67836 0.0370783 0.733793 104.558
0.732637 0.0451728 0.67912 139.922 -0.00920507 0.998362 -0.0564773 -11.1767 -0.680558 0.035126 0.731852 105.253
0.73076 0.0474726 0.680982 140.559 -0.0128959 0.998361 -0.0557592 -11.2306 -0.682513 0.0319647 0.730174 105.949
0.727802 0.0468584 0.684184 141.179 -0.0136627 0.998456 -0.0538485 -11.2819 -0.685651 0.0298433 0.727319 106.619
0.725929 0.0454952 0.686263 141.831 -0.0143078 0.998593 -0.051066 -11.3282 -0.687621 0.0272514 0.725558 107.319
0.723595 0.0415673 0.688972 142.46 -0.0101514 0.998718 -0.0495935 -11.3754 -0.69015 0.0288916 0.72309 107.997
0.720485 0.0441467 0.692064 143.109 -0.00953797 0.998508 -0.0537651 -11.4385 -0.693405 0.0321361 0.719831 108.681
0.716744 0.0565181 0.695042 143.709 -0.0178497 0.997871 -0.0627359 -11.481 -0.697108 0.0325593 0.716227 109.312
0.713294 0.062865 0.698039 144.357 -0.021217 0.99745 -0.068149 -11.5406 -0.700543 0.0338 0.712809 109.987
0.70983 0.0609217 0.701734 144.985 -0.0202997 0.997608 -0.0660745 -11.5948 -0.704081 0.0326567 0.709369 110.644
0.706184 0.0595415 0.70552 145.636 -0.0244643 0.997915 -0.0597305 -11.6555 -0.707606 0.0249207 0.706168 111.308
0.702952 0.0572049 0.708933 146.254 -0.0250182 0.998132 -0.0557337 -11.7045 -0.710797 0.0214419 0.70307 111.933
0.699185 0.0577255 0.712607 146.905 -0.0263015 0.998137 -0.0550491 -11.759 -0.714457 0.0197469 0.699401 112.588
0.696446 0.0557457 0.715441 147.544 -0.0231225 0.998204 -0.0552694 -11.8063 -0.717237 0.0219493 0.696483 113.222
0.69254 0.0552611 0.71926 148.185 -0.0205088 0.998167 -0.0569427 -11.8599 -0.721088 0.0246839 0.692403 113.837
0.689999 0.0544417 0.72176 148.85 -0.0159904 0.998071 -0.0599968 -11.9123 -0.723634 0.0298565 0.689538 114.47
0.685665 0.0549894 0.725838 149.477 -0.0149096 0.997994 -0.0615236 -11.9663 -0.727765 0.0313626 0.685109 115.068
0.682001 0.0560333 0.729202 150.15 -0.0148819 0.997917 -0.0627633 -12.0173 -0.7312 0.0319527 0.681415 115.697
0.677547 0.0571852 0.733253 150.808 -0.0166001 0.997908 -0.0624862 -12.0706 -0.735292 0.0301652 0.677078 116.318
0.672559 0.0569066 0.737852 151.477 -0.0156603 0.99791 -0.0626889 -12.131 -0.739878 0.030607 0.672045 116.939
0.667192 0.0602074 0.742449 152.127 -0.018834 0.997773 -0.0639875 -12.1792 -0.744648 0.0287087 0.66684 117.531
0.66104 0.0664341 0.747404 152.809 -0.022304 0.997372 -0.0689262 -12.2467 -0.75002 0.0288929 0.660784 118.142
0.654582 0.0731715 0.752442 153.479 -0.0258603 0.99689 -0.0744459 -12.3013 -0.755549 0.0292726 0.654438 118.749
0.648691 0.0769835 0.757148 154.153 -0.0291267 0.996653 -0.0763809 -12.365 -0.760494 0.0274943 0.648762 119.311
0.641899 0.0714218 0.763456 154.881 -0.0287365 0.997194 -0.069127 -12.4311 -0.766251 0.0224335 0.64215 119.932
0.635219 0.0653358 0.769564 155.604 -0.031212 0.997773 -0.0589474 -12.4751 -0.771701 0.0134249 0.635843 120.535
0.627796 0.0604987 0.776023 156.308 -0.030433 0.99812 -0.0531933 -12.5388 -0.777783 0.00977787 0.628457 121.118
0.621129 0.0623886 0.781221 157.047 -0.0363289 0.998047 -0.0508202 -12.5767 -0.782866 0.00318505 0.622183 121.714
0.611957 0.0643877 0.788266 157.755 -0.0367952 0.997919 -0.0529474 -12.6286 -0.790035 0.00339712 0.613053 122.286
0.60669 0.0628673 0.792448 158.536 -0.027462 0.99793 -0.0581442 -12.6739 -0.794464 0.0135134 0.607161 122.882
0.599218 0.072698 0.797278 159.253 -0.0315796 0.99724 -0.0671965 -12.7404 -0.799963 0.0150876 0.59986 123.417
0.591674 0.0742281 0.802753 159.973 -0.0277263 0.997037 -0.071757 -12.8018 -0.8057 0.0201994 0.591979 123.958
0.584824 0.0697855 0.808153 160.76 -0.0235777 0.997334 -0.0690595 -12.8575 -0.810818 0.0213333 0.58491 124.533
0.578519 0.0632984 0.813209 161.542 -0.0180814 0.997735 -0.0647983 -12.9236 -0.815468 0.0227831 0.578353 125.082
0.570795 0.0633809 0.818642 162.269 -0.0191416 0.997773 -0.0639031 -12.9841 -0.820869 0.0208055 0.570737 125.602
0.563675 0.064198 0.823498 163.047 -0.0193817 0.997729 -0.064514 -13.0402 -0.825769 0.0204042 0.563639 126.151
0.558029 0.0625105 0.827464 163.775 -0.0164853 0.997797 -0.0642608 -13.0996 -0.829658 0.0222184 0.55783 126.63
0.55258 0.0563134 0.831556 164.571 -0.00992869 0.998089 -0.0609934 -13.1612 -0.833401 0.0254475 0.552083 127.169
0.547143 0.0536274 0.83532 165.3 -0.00945022 0.998278 -0.0578993 -13.2173 -0.836986 0.0237853 0.546707 127.66
0.543356 0.0528041 0.83784 166.043 -0.0109092 0.99838 -0.0558471 -13.2672 -0.839431 0.0212047 0.543052 128.146
0.538138 0.0547446 0.841077 166.769 -0.0119763 0.998284 -0.0573144 -13.3243 -0.842772 0.0207701 0.537871 128.619
0.534745 0.0573349 0.843066 167.516 -0.0105301 0.99807 -0.0611973 -13.38 -0.844948 0.0238474 0.534316 129.097
0.531506 0.062932 0.844713 168.229 -0.0111867 0.997671 -0.0672886 -13.4344 -0.84698 0.0263148 0.530973 129.547
0.528624 0.066211 0.84627 168.95 -0.0144113 0.99751 -0.0690417 -13.4878 -0.848734 0.0243013 0.528261 130.004
0.526208 0.0616578 0.848118 169.649 -0.0134249 0.997846 -0.0642136 -13.5414 -0.85025 0.0224038 0.525902 130.444
0.52342 0.0532014 0.850412 170.399 -0.00943214 0.99835 -0.0566509 -13.5975 -0.852023 0.021631 0.523058 130.917
0.520747 0.047631 0.852382 171.127 -0.00436248 0.998578 -0.0531353 -13.6564 -0.8537 0.0239515 0.520214 131.355
0.518288 0.0460453 0.853966 171.816 -0.000128801 0.998554 -0.0537633 -13.6994 -0.855206 0.0277549 0.517544 131.761
0.516517 0.0478985 0.854936 172.518 0.00222827 0.998356 -0.0572799 -13.75 -0.856274 0.0314911 0.515561 132.194
0.514448 0.0551818 0.855744 173.228 0.000358155 0.997914 -0.0645648 -13.805 -0.857521 0.0335218 0.513355 132.635
0.51217 0.0640638 0.856492 173.83 -0.00295243 0.99734 -0.0728335 -13.8476 -0.858879 0.0347744 0.510996 132.99
0.509895 0.0654594 0.857743 174.528 0.000111514 0.997096 -0.0761605 -13.9108 -0.860237 0.0389295 0.508406 133.408
0.507833 0.0597959 0.859378 175.207 -0.000566552 0.997611 -0.0690795 -13.9658 -0.861456 0.0345939 0.506653 133.817
0.504236 0.0519054 0.862004 175.892 -0.00621564 0.998384 -0.0564816 -14.0131 -0.863544 0.0231221 0.503744 134.22
0.50113 0.0473916 0.864073 176.566 -0.012267 0.998788 -0.0476658 -14.0614 -0.865285 0.0132872 0.501104 134.637
0.499076 0.049508 0.865143 177.19 -0.0149224 0.99871 -0.0485431 -14.1057 -0.86643 0.0113167 0.499171 135.011
0.495493 0.0527376 0.86701 177.839 -0.0133656 0.9985 -0.0530974 -14.1489 -0.868509 0.0147213 0.495454 135.394
0.492853 0.054184 0.868424 178.467 -0.0126095 0.998399 -0.0551374 -14.1887 -0.870021 0.0162243 0.492747 135.754
0.490888 0.0533185 0.869589 179.11 -0.0116479 0.998438 -0.0546434 -14.2281 -0.871145 0.0166949 0.490743 136.118
0.487628 0.0524666 0.871474 179.742 -0.0122702 0.998506 -0.0532487 -14.2725 -0.872966 0.0152724 0.487543 136.48
0.485754 0.0517174 0.872564 180.364 -0.0117788 0.998545 -0.052627 -14.313 -0.874017 0.015286 0.485656 136.834
0.482269 0.0518887 0.874485 180.97 -0.0105453 0.998516 -0.0534327 -14.3529 -0.87596 0.0165472 0.482101 137.164
0.47884 0.0535294 0.876269 181.571 -0.00981781 0.998403 -0.0556253 -14.3934 -0.877848 0.0180326 0.478601 137.503
0.474405 0.0557314 0.878541 182.18 -0.0101038 0.998273 -0.0578707 -14.436 -0.880249 0.0185776 0.474149 137.834
0.470352 0.0574871 0.880605 182.765 -0.0101807 0.998163 -0.0597237 -14.4747 -0.88242 0.0191259 0.470073 138.141
0.464898 0.0600351 0.883326 183.365 -0.0101759 0.997995 -0.0624729 -14.5171 -0.885306 0.0200549 0.464577 138.464
0.459627 0.0632918 0.885854 183.95 -0.0098957 0.99776 -0.0661528 -14.5596 -0.888057 0.0216395 0.459224 138.764
0.452498 0.0659052 0.889327 184.546 -0.00808195 0.997528 -0.0698114 -14.6051 -0.891729 0.024402 0.451912 139.06
0.446605 0.0684801 0.892107 185.137 -0.0101451 0.99739 -0.0714831 -14.6527 -0.894674 0.0228742 0.446134 139.364
0.439396 0.0704841 0.895524 185.746 -0.0144116 0.997342 -0.0714267 -14.6957 -0.898178 0.0184787 0.439243 139.667
0.432979 0.071996 0.898524 186.354 -0.017825 0.997294 -0.0713206 -14.7384 -0.901228 0.0148641 0.433091 139.959
0.42658 0.0727517 0.901519 186.974 -0.0179331 0.997244 -0.071991 -14.7892 -0.904272 0.0145429 0.426709 140.265
0.419167 0.0757031 0.904748 187.611 -0.0192389 0.997035 -0.0745117 -14.8409 -0.907705 0.0138265 0.41938 140.56
0.411802 0.080939 0.907672 188.231 -0.0226273 0.996649 -0.0786075 -14.8856 -0.910993 0.0118325 0.412253 140.828
0.403572 0.0849346 0.910997 188.885 -0.0252952 0.996337 -0.0816853 -14.9364 -0.914598 0.00992209 0.404242 141.136
0.396724 0.0876676 0.913742 189.517 -0.0265502 0.996108 -0.0840427 -14.9889 -0.917554 0.00908176 0.397508 141.429
0.389076 0.0898971 0.916809 190.182 -0.0270069 0.995912 -0.0861924 -15.0488 -0.92081 0.0087753 0.389914 141.721
0.382279 0.0920506 0.919451 190.848 -0.0279541 0.995723 -0.0880641 -15.1058 -0.923624 0.0079627 0.383217 141.998
0.374667 0.0924102 0.922543 191.522 -0.025225 0.995668 -0.0894906 -15.1671 -0.926816 0.0102581 0.375375 142.276
0.367521 0.0919265 0.925461 192.222 -0.0234717 0.995703 -0.0895825 -15.2238 -0.929719 0.0112012 0.368099 142.556
0.359854 0.0891985 0.928735 192.943 -0.022144 0.995956 -0.0870746 -15.2898 -0.932746 0.0107683 0.360374 142.834
0.352762 0.0865889 0.931698 193.652 -0.0232329 0.996213 -0.0837882 -15.3456 -0.935425 0.00791118 0.353437 143.101
0.345894 0.0825905 0.934632 194.402 -0.021497 0.996554 -0.0801067 -15.4066 -0.938028 0.00761666 0.346477 143.4
0.339719 0.07818 0.937272 195.154 -0.0187897 0.996905 -0.0763436 -15.4703 -0.94034 0.00832427 0.340136 143.673
0.334967 0.0732871 0.939375 195.9 -0.0187862 0.997292 -0.0711067 -15.5204 -0.942043 0.00617111 0.335437 143.939
0.329601 0.0677481 0.941687 196.688 -0.0172816 0.997688 -0.0657283 -15.5659 -0.943962 0.00539027 0.330009 144.21
0.324655 0.0673341 0.943433 197.482 -0.0128856 0.997685 -0.0667719 -15.6281 -0.945745 0.00952116 0.324771 144.488
0.319153 0.074422 0.944777 198.253 -0.00912717 0.997107 -0.0754609 -15.6832 -0.947659 0.0154604 0.318909 144.751
0.314533 0.0856569 0.945374 199.062 -0.00635576 0.996088 -0.0881373 -15.7422 -0.949225 0.0217135 0.313847 145.019
0.310086 0.0923458 0.946213 199.868 -0.00133158 0.995313 -0.0967013 -15.8073 -0.950708 0.0287258 0.308756 145.274
0.30597 0.0884504 0.947923 200.684 0.00618874 0.995469 -0.0948845 -15.8762 -0.952021 0.0348983 0.304036 145.527
0.301343 0.0805107 0.950111 201.554 0.0129993 0.99599 -0.0885213 -15.955 -0.953427 0.039026 0.299088 145.8
0.295985 0.0750257 0.952242 202.403 0.0175731 0.996314 -0.0839604 -16.0274 -0.955031 0.0415849 0.293576 146.056
0.291891 0.0797299 0.953123 203.269 0.0146139 0.996031 -0.0877947 -16.1115 -0.95634 0.0395553 0.289567 146.319
0.287157 0.0898692 0.953658 204.108 0.00788567 0.995334 -0.096171 -16.179 -0.957851 0.0351364 0.285109 146.586
0.28115 0.0932954 0.955118 204.962 0.00251826 0.995188 -0.0979507 -16.2575 -0.959661 0.029944 0.279562 146.846
0.277314 0.0893382 0.956617 205.856 0.00172642 0.99562 -0.0934812 -16.3377 -0.960778 0.0275751 0.275945 147.109
0.272488 0.0856344 0.958341 206.747 0.000812305 0.996011 -0.0892314 -16.4161 -0.962159 0.025093 0.271332 147.362
0.266408 0.0867049 0.959953 207.603 -0.000863977 0.995967 -0.0897179 -16.4961 -0.96386 0.0230722 0.265408 147.613
0.260354 0.0905924 0.961254 208.455 -0.00436772 0.995689 -0.0926547 -16.5698 -0.965503 0.0199246 0.259628 147.851
0.255641 0.0911372 0.962466 209.374 -0.000423153 0.995557 -0.0941582 -16.6504 -0.966772 0.0236634 0.254544 148.097
0.251747 0.0902305 0.963578 210.296 0.00358687 0.995551 -0.0941616 -16.7368 -0.967787 0.0271611 0.250303 148.332
0.247436 0.08908 0.964801 211.246 0.0061417 0.995601 -0.0934989 -16.8229 -0.968885 0.0290605 0.2458 148.578
0.244581 0.0882771 0.965602 212.165 0.00803289 0.995628 -0.0930568 -16.9036 -0.969596 0.0305165 0.242802 148.807
0.239817 0.0873009 0.966885 213.088 0.00877915 0.995713 -0.0920813 -16.9919 -0.970779 0.0305711 0.238022 149.046
0.237895 0.0859865 0.967477 214 0.00624407 0.995918 -0.0900496 -17.0718 -0.971271 0.0274633 0.236387 149.276
0.234412 0.0838545 0.968514 214.951 0.00683222 0.996106 -0.087897 -17.156 -0.972114 0.0272212 0.232926 149.51
0.232772 0.0839025 0.968905 215.949 0.00403576 0.99618 -0.0872339 -17.2425 -0.972523 0.0242159 0.231545 149.757
0.231282 0.0867049 0.969015 216.777 0.000801096 0.996004 -0.0893109 -17.3206 -0.972887 0.0214323 0.230288 149.968
0.227735 0.0878593 0.969751 217.811 0.000419306 0.995912 -0.0903279 -17.4068 -0.973723 0.0209775 0.226768 150.218
0.225637 0.0877278 0.970253 218.694 0.00181663 0.995898 -0.0904689 -17.4841 -0.97421 0.0221757 0.224552 150.43
0.223545 0.0862303 0.970872 219.597 0.00156516 0.996046 -0.0888265 -17.5753 -0.974692 0.0213763 0.222526 150.642
0.221856 0.0828162 0.971556 220.532 0.0023827 0.996338 -0.0854727 -17.6416 -0.975077 0.0212775 0.220846 150.864
0.220443 0.0791511 0.972183 221.54 0.00502991 0.996597 -0.0822792 -17.7421 -0.975387 0.0230279 0.219294 151.091
0.219634 0.0819105 0.972138 222.448 0.00433141 0.996377 -0.0849315 -17.8112 -0.975573 0.0228646 0.218484 151.3
0.216963 0.0873808 0.972261 223.378 0.00219514 0.99594 -0.0899987 -17.8976 -0.976178 0.0216606 0.21589 151.516
0.214156 0.0908793 0.972563 224.259 0.0034031 0.995587 -0.0937802 -17.9746 -0.976794 0.0233934 0.212902 151.717
0.211665 0.0917553 0.973026 225.151 0.00172665 0.995547 -0.0942546 -18.0594 -0.977341 0.0216305 0.210564 151.922
0.207681 0.0882824 0.974205 226.209 0.000554413 0.995908 -0.0903674 -18.1583 -0.978197 0.0193077 0.206782 152.145
0.205682 0.0823903 0.975144 227.095 0.000183243 0.996446 -0.0842288 -18.2346 -0.978619 0.0175031 0.204936 152.342
0.201338 0.0782726 0.976389 228.059 0.00228327 0.996762 -0.0803766 -18.3186 -0.979519 0.0184123 0.200508 152.544
0.196549 0.0782293 0.977368 228.953 0.000161775 0.996809 -0.079818 -18.3942 -0.980494 0.0158462 0.195909 152.735
0.191784 0.0800152 0.97817 229.913 -0.000324135 0.996676 -0.0814654 -18.4686 -0.981437 0.0153067 0.191172 152.921
0.189247 0.0799573 0.978669 230.788 0.000220128 0.996676 -0.081471 -18.5393 -0.98193 0.0156335 0.1886 153.107
0.184304 0.0797368 0.97963 231.714 -3.1099e-05 0.996704 -0.0811207 -18.6147 -0.98287 0.0149204 0.183699 153.284
0.179425 0.0786361 0.980624 232.629 0.000858678 0.996787 -0.0800894 -18.6914 -0.983771 0.0152121 0.178781 153.453
0.175274 0.0783883 0.981394 233.563 8.35108e-05 0.996824 -0.0796357 -18.7658 -0.98452 0.0140401 0.174711 153.636
0.171798 0.0787231 0.981982 234.482 -0.00131908 0.99682 -0.0796818 -18.8406 -0.985131 0.0123938 0.171355 153.81
0.167326 0.0797466 0.982671 235.417 -0.00444763 0.996774 -0.0801338 -18.9155 -0.985892 0.0090379 0.167141 153.971
0.162934 0.0793936 0.983437 236.364 -0.00628939 0.996821 -0.079432 -18.9906 -0.986617 0.00675697 0.162915 154.15
0.157822 0.0803848 0.98419 237.295 -0.0102881 0.996761 -0.0797617 -19.0635 -0.987414 0.00246271 0.158138 154.31
0.15552 0.0844914 0.984213 238.17 -0.0154187 0.996422 -0.0831031 -19.1364 -0.987713 -0.00225106 0.156267 154.464
0.150996 0.0893567 0.984487 239.114 -0.0183497 0.995988 -0.0875861 -19.2157 -0.988364 -0.00483985 0.15203 154.629
0.1479 0.091735 0.984739 240.004 -0.0204511 0.99576 -0.0896901 -19.2925 -0.988791 -0.00687389 0.149149 154.785
0.143705 0.08945 0.98557 240.931 -0.0215061 0.995954 -0.0872566 -19.3684 -0.989387 -0.0086565 0.145047 154.934
0.140277 0.0853515 0.986427 241.855 -0.0205684 0.996314 -0.083282 -19.4517 -0.989899 -0.00860663 0.141516 155.071
0.138847 0.0829751 0.986832 242.764 -0.0208897 0.996507 -0.0808495 -19.5244 -0.990094 -0.00938894 0.140095 155.196
0.13457 0.0807732 0.987606 243.665 -0.0188554 0.9967 -0.0789478 -19.6012 -0.990725 -0.00799766 0.135649 155.333
0.1313 0.0812283 0.988009 244.595 -0.0185728 0.996664 -0.0794716 -19.6768 -0.991169 -0.00791546 0.132371 155.465
0.12608 0.0829807 0.988543 245.482 -0.0190702 0.996514 -0.0812175 -19.7457 -0.991837 -0.00861181 0.127223 155.595
0.122344 0.0856188 0.988788 246.41 -0.0201249 0.996281 -0.0837775 -19.822 -0.992284 -0.0096496 0.123612 155.712
0.117875 0.0819775 0.989639 247.307 -0.0111278 0.996633 -0.0812315 -19.8911 -0.992966 -0.00143729 0.118391 155.821
0.111999 0.0756455 0.990825 248.217 -0.0080613 0.997135 -0.075216 -19.9605 -0.993676 0.000436801 0.112288 155.927
0.107708 0.0764868 0.991236 249.151 -0.0085567 0.997071 -0.0760072 -20.0326 -0.994146 -0.000295134 0.108047 156.041
0.104451 0.0879561 0.990633 250.044 -0.00697122 0.996122 -0.0877084 -20.1163 -0.994506 0.00225534 0.104659 156.129
0.0976463 0.101754 0.990006 250.901 -0.00684086 0.994805 -0.101572 -20.1916 -0.995198 0.00314568 0.097835 156.224
0.0922463 0.105856 0.990093 251.777 -0.00830746 0.99438 -0.10554 -20.2823 -0.995702 0.00151055 0.0926073 156.32
0.0868776 0.100641 0.991122 252.677 -0.0121231 0.994917 -0.0999641 -20.3624 -0.996145 -0.00333079 0.0876561 156.399
0.0808357 0.0938554 0.992299 253.561 -0.013431 0.995569 -0.0930706 -20.4461 -0.996637 -0.00580412 0.0817381 156.482
0.0756028 0.0897262 0.993093 254.462 -0.0154485 0.995929 -0.0888063 -20.526 -0.997018 -0.00862777 0.0766812 156.573
0.0702947 0.0888867 0.993558 255.356 -0.020013 0.995947 -0.0876845 -20.611 -0.997326 -0.0137204 0.0717887 156.636
0.0621092 0.086874 0.994281 256.231 -0.0238125 0.99605 -0.0855411 -20.689 -0.997785 -0.0183635 0.0639326 156.702
0.0550672 0.0829109 0.995034 257.118 -0.0282468 0.996277 -0.0814512 -20.7593 -0.998083 -0.0236213 0.0572041 156.775
0.0465655 0.0789535 0.99579 258.022 -0.0289318 0.99656 -0.0776616 -20.8267 -0.998496 -0.0251936 0.0486896 156.843
0.0408591 0.0805335 0.995914 258.869 -0.0253476 0.996509 -0.0795416 -20.9026 -0.998843 -0.0219941 0.0427578 156.865
0.034117 0.0846353 0.995828 259.746 -0.0239548 0.996191 -0.0838454 -20.9676 -0.999131 -0.0209943 0.0360145 156.901
0.0281458 0.0868228 0.995826 260.615 -0.0221331 0.996031 -0.0862151 -21.0434 -0.999359 -0.0196141 0.0299557 156.934
0.0221174 0.0853358 0.996107 261.471 -0.0213787 0.996163 -0.0848659 -21.1136 -0.999527 -0.0194185 0.0238569 156.948
0.0151966 0.0823 0.996492 262.365 -0.0226179 0.99638 -0.0819459 -21.1825 -0.999629 -0.0212933 0.0170031 156.983
0.00881709 0.0811835 0.99666 263.215 -0.0190873 0.996531 -0.0810041 -21.2561 -0.999779 -0.0183093 0.0103361 157.009
0.00286139 0.0833924 0.996513 264.07 -0.0164613 0.996386 -0.0833345 -21.3279 -0.999861 -0.0161655 0.0042238 157.018
-0.00111961 0.0874855 0.996165 264.924 -0.0179207 0.996004 -0.0874915 -21.3929 -0.999839 -0.0179499 0.000452667 157.011
-0.00407999 0.0885842 0.99606 265.8 -0.0155934 0.995942 -0.0886375 -21.4684 -0.99987 -0.0158936 -0.0026821 157.016
-0.00770882 0.0863537 0.996235 266.664 -0.0102314 0.996205 -0.0864303 -21.5477 -0.999918 -0.0108592 -0.00679604 157.006
-0.00929737 0.0857986 0.996269 267.548 -0.00774933 0.996276 -0.0858715 -21.615 -0.999927 -0.00851879 -0.00859786 157.007
-0.0117269 0.0822 0.996547 268.418 -0.00521219 0.996597 -0.0822654 -21.6965 -0.999918 -0.0061589 -0.0112586 156.998
-0.0125935 0.0828258 0.996484 269.254 -0.00391109 0.996552 -0.0828809 -21.7572 -0.999913 -0.00494109 -0.0122261 156.99
-0.0142344 0.0824704 0.996492 270.142 -0.00162713 0.99659 -0.0825017 -21.8386 -0.999897 -0.00279578 -0.0140516 156.983
-0.013944 0.0859683 0.9962 270.99 2.01842e-05 0.996297 -0.0859763 -21.9048 -0.999903 -0.00117874 -0.0138941 156.968
-0.0149633 0.085324 0.996241 271.843 0.00388415 0.99635 -0.085275 -21.9841 -0.999881 0.00259356 -0.0152401 156.961
-0.0128352 0.0889785 0.995951 272.691 0.00516213 0.996026 -0.0889186 -22.052 -0.999904 0.00399995 -0.0132435 156.948
-0.0129865 0.087875 0.996047 273.516 0.00725297 0.996113 -0.0877863 -22.1263 -0.999889 0.00608427 -0.0135734 156.946
-0.00991444 0.0887582 0.996004 274.366 0.00871176 0.996023 -0.0886732 -22.2052 -0.999913 0.00779781 -0.0106482 156.933
-0.00828628 0.0868155 0.99619 275.185 0.00994602 0.996182 -0.086732 -22.2802 -0.999916 0.00918944 -0.00911811 156.928
-0.00505762 0.0855952 0.996317 276 0.0105004 0.99628 -0.0855387 -22.3515 -0.999932 0.0100291 -0.00593759 156.926
-0.00336092 0.081707 0.996651 276.794 0.0110522 0.996599 -0.0816655 -22.4195 -0.999933 0.0107407 -0.00425252 156.93
0.00079243 0.0788569 0.996886 277.604 0.0101893 0.996834 -0.0788609 -22.4884 -0.999948 0.0102201 -1.35753e-05 156.935
0.00365327 0.0761864 0.997087 278.392 0.00895592 0.997051 -0.0762165 -22.5555 -0.999953 0.00920827 0.00296018 156.947
0.00744966 0.0766863 0.997027 279.116 0.00359565 0.997047 -0.0767146 -22.6124 -0.999966 0.00415646 0.00715193 156.967
0.0110163 0.0774508 0.996935 279.912 0.00116247 0.996994 -0.0774682 -22.6795 -0.999939 0.00201232 0.0108931 156.988
0.0157636 0.0778452 0.996841 280.646 -0.000405974 0.996965 -0.0778485 -22.7371 -0.999876 0.000822489 0.0157474 157.005
0.0181296 0.0751565 0.997007 281.368 0.000588188 0.99717 -0.0751795 -22.793 -0.999836 0.00194941 0.0180341 157.024
0.0217027 0.0721425 0.997158 282.12 -0.00137168 0.997394 -0.0721297 -22.8519 -0.999764 0.000197631 0.0217451 157.049
0.0246493 0.0700834 0.997236 282.831 -0.00403388 0.997539 -0.0700049 -22.9051 -0.999688 -0.00229716 0.0248713 157.079
0.0288487 0.0709417 0.997063 283.523 -0.00333558 0.99748 -0.0708748 -22.9614 -0.999578 -0.00128114 0.0290127 157.104
0.0338425 0.0724914 0.996795 284.216 -0.00355896 0.997368 -0.0724123 -23.0111 -0.999421 -0.00109693 0.0340114 157.128
0.0361413 0.0744889 0.996567 284.894 -0.00379247 0.997221 -0.0744003 -23.0623 -0.99934 -0.00109052 0.0363233 157.167
0.0390503 0.0770218 0.996264 285.532 -0.0050488 0.997027 -0.0768829 -23.1172 -0.999225 -0.00202764 0.0393231 157.194
0.0433196 0.0772553 0.99607 286.19 -0.0081358 0.997 -0.0769737 -23.1699 -0.999028 -0.00476935 0.0438182 157.23
0.0459906 0.0781628 0.995879 286.813 -0.010652 0.996916 -0.0777522 -23.2175 -0.998885 -0.00703219 0.0466814 157.266
0.0489635 0.0785952 0.995703 287.422 -0.0125736 0.996869 -0.0780689 -23.2658 -0.998722 -0.00869705 0.0497984 157.308
0.0526973 0.0777214 0.995581 288.044 -0.0126734 0.996938 -0.0771565 -23.3172 -0.99853 -0.00855144 0.0535209 157.342
0.0550695 0.0790938 0.995345 288.607 -0.0131106 0.996829 -0.0784863 -23.3613 -0.998397 -0.00872741 0.0559318 157.387
0.0582565 0.0819058 0.994936 289.204 -0.0178407 0.996555 -0.0809944 -23.4105 -0.998142 -0.0130319 0.0595171 157.429
0.0611775 0.0819274 0.994759 289.769 -0.0183055 0.99655 -0.0809491 -23.4568 -0.997959 -0.0132573 0.0624662 157.47
0.0633693 0.0810008 0.994698 290.308 -0.0197779 0.996607 -0.0798963 -23.505 -0.997794 -0.01461 0.0647563 157.51
0.0667704 0.0810372 0.994472 290.877 -0.0214609 0.996582 -0.0797682 -23.5495 -0.997538 -0.0160161 0.0682814 157.554
0.0688308 0.081226 0.994316 291.422 -0.0211446 0.996575 -0.0799468 -23.5971 -0.997404 -0.0155216 0.0703125 157.606
0.0727956 0.0828005 0.993904 291.949 -0.0229013 0.996424 -0.0813331 -23.6404 -0.997084 -0.016841 0.0744316 157.646
0.073878 0.0833392 0.993779 292.476 -0.0230084 0.996379 -0.0818468 -23.6856 -0.997002 -0.0168186 0.075528 157.699
0.0770709 0.0848783 0.993406 292.989 -0.0219907 0.996272 -0.0834171 -23.7301 -0.996783 -0.0154167 0.0786501 157.742
0.0791973 0.0863945 0.993108 293.512 -0.0231779 0.996128 -0.0848088 -23.7752 -0.99659 -0.0163015 0.0808931 157.789
0.080816 0.0877758 0.992857 294.006 -0.0246132 0.995987 -0.0860491 -23.8165 -0.996425 -0.0174832 0.0826521 157.829
0.0813338 0.0892489 0.992683 294.48 -0.0251749 0.995849 -0.0874709 -23.8571 -0.996369 -0.0178763 0.083243 157.878
0.0823775 0.0902345 0.992508 294.955 -0.0256051 0.995756 -0.0884046 -23.8981 -0.996272 -0.0181307 0.0843383 157.926
0.0825212 0.0911248 0.992414 295.439 -0.0250837 0.995685 -0.0893394 -23.9402 -0.996274 -0.017521 0.0844509 157.966
0.0827561 0.0913786 0.992372 295.928 -0.024787 0.995668 -0.0896151 -23.9861 -0.996262 -0.0171817 0.0846626 158.017
0.0810135 0.09098 0.992552 296.424 -0.0270377 0.995659 -0.089058 -24.0243 -0.996346 -0.0196214 0.0831218 158.062
0.0788582 0.0898127 0.992832 296.923 -0.0271896 0.995757 -0.0879177 -24.0651 -0.996515 -0.0200616 0.0809656 158.105
0.0777472 0.0902009 0.992884 297.451 -0.0255493 0.995752 -0.0884608 -24.1129 -0.996646 -0.0184899 0.0797215 158.159
0.0750344 0.0931851 0.992817 297.962 -0.0232818 0.995516 -0.0916789 -24.1574 -0.996909 -0.0162355 0.0768675 158.19
0.0740367 0.0967807 0.992548 298.482 -0.0174289 0.995253 -0.0957444 -24.212 -0.997103 -0.0102104 0.0753721 158.224
0.0723116 0.102009 0.992152 299.021 -0.0149547 0.994755 -0.101187 -24.259 -0.99727 -0.00752041 0.0734578 158.261
0.069515 0.10582 0.991953 299.566 -0.0160386 0.994348 -0.104952 -24.3014 -0.997452 -0.0086138 0.0708193 158.301
0.0675514 0.105794 0.992091 300.105 -0.0161797 0.994348 -0.104933 -24.3435 -0.997585 -0.00896341 0.0688813 158.349
0.0658701 0.103306 0.992466 300.71 -0.0119031 0.994637 -0.102742 -24.4025 -0.997757 -0.00504573 0.0667465 158.374
0.0645369 0.0979089 0.993101 301.275 -0.00254507 0.995188 -0.0979493 -24.4653 -0.997912 0.00379384 0.0644756 158.401
0.062667 0.0968767 0.993322 301.893 -0.000153383 0.995279 -0.0970579 -24.5254 -0.998035 0.00592997 0.062386 158.432
0.0601626 0.100309 0.993136 302.489 -0.00490553 0.994956 -0.100196 -24.5763 -0.998177 0.00115618 0.0603512 158.479
0.0578267 0.10198 0.993104 303.086 -0.00773981 0.994785 -0.101702 -24.6253 -0.998297 -0.00180536 0.0583144 158.519
0.0568289 0.100752 0.993287 303.723 -0.00332342 0.994909 -0.100726 -24.6843 -0.998379 0.00242303 0.0568744 158.55
0.055094 0.0985162 0.993609 304.364 0.00150692 0.995111 -0.0987487 -24.7445 -0.99848 0.00693775 0.0546762 158.577
0.0540383 0.0992559 0.993594 304.995 0.00260418 0.99503 -0.099541 -24.8039 -0.998536 0.00796653 0.0535113 158.606
0.0511441 0.100211 0.993651 305.66 -0.000712891 0.994956 -0.100306 -24.8685 -0.998691 0.00442168 0.0509576 158.653
0.0494179 0.101773 0.993579 306.319 -0.00226353 0.994804 -0.101786 -24.9294 -0.998776 0.00278105 0.0493914 158.701
0.0474685 0.105039 0.993335 306.989 -0.0041572 0.994468 -0.10496 -24.9859 -0.998864 0.000852821 0.0476425 158.728
0.0455544 0.106856 0.99323 307.688 -0.00318489 0.994273 -0.106822 -25.0569 -0.998957 0.00170291 0.0456338 158.769
0.0440279 0.105871 0.993405 308.389 -0.00551472 0.99438 -0.10573 -25.1214 -0.999015 -0.000823271 0.0443643 158.798
0.0416882 0.104976 0.993601 309.093 -0.00906146 0.994464 -0.104687 -25.1927 -0.99909 -0.00463927 0.0424086 158.84
0.0405177 0.106682 0.993467 309.804 -0.00958646 0.99428 -0.106379 -25.2594 -0.999133 -0.00521361 0.0413087 158.876
0.0382019 0.111013 0.993084 310.537 -0.00668737 0.993816 -0.110838 -25.3421 -0.999248 -0.00240689 0.0387081 158.902
0.0357237 0.11697 0.992493 311.255 -0.00571705 0.993134 -0.116839 -25.4171 -0.999346 -0.00150019 0.0361472 158.937
0.0351893 0.120985 0.99203 312.003 -0.00526911 0.992654 -0.120874 -25.4922 -0.999367 -0.000973646 0.0355683 158.96
0.0347928 0.119027 0.992281 312.755 -0.0022715 0.992889 -0.119021 -25.5721 -0.999392 0.0018871 0.0348158 158.983
0.0341808 0.112892 0.993019 313.503 0.00423754 0.993575 -0.113101 -25.6573 -0.999407 0.00807384 0.0334828 158.995
0.0329527 0.110099 0.993374 314.28 0.0073299 0.993861 -0.110396 -25.7444 -0.99943 0.0109192 0.0319434 159.022
0.0314475 0.110558 0.993372 315.064 0.00907407 0.993791 -0.110892 -25.8266 -0.999464 0.0125012 0.030249 159.048
0.0301931 0.112511 0.993192 315.815 0.00963983 0.993566 -0.112846 -25.903 -0.999498 0.0129814 0.0289142 159.075
0.0302197 0.113435 0.993086 316.63 0.0112199 0.993438 -0.113817 -25.9887 -0.99948 0.0145818 0.0287487 159.095
0.029713 0.112532 0.993204 317.439 0.0116193 0.993537 -0.112917 -26.0739 -0.999491 0.0148954 0.0282134 159.12
0.030283 0.110578 0.993406 318.224 0.0126662 0.99374 -0.111001 -26.1568 -0.999461 0.0159441 0.0286929 159.143
0.0318628 0.109805 0.993442 319.074 0.0127669 0.993821 -0.110256 -26.2452 -0.999411 0.0161963 0.0302641 159.167
0.0334405 0.108584 0.993525 319.871 0.0132072 0.993946 -0.109075 -26.3298 -0.999354 0.0167692 0.0318039 159.191
0.0337555 0.107202 0.993664 320.707 0.0130119 0.994099 -0.107691 -26.4089 -0.999346 0.0165647 0.0321614 159.234
0.0359382 0.105468 0.993773 321.56 0.0138422 0.994268 -0.106021 -26.4974 -0.999258 0.0175662 0.0342722 159.259
0.03785 0.104357 0.993819 322.4 0.0154495 0.994352 -0.105001 -26.5821 -0.999164 0.0193283 0.036024 159.297
0.0387552 0.104015 0.99382 323.259 0.016077 0.994374 -0.1047 -26.6673 -0.99912 0.0200353 0.0368649 159.343
0.0417823 0.103751 0.993725 324.043 0.0168192 0.99438 -0.104526 -26.7425 -0.998985 0.0210811 0.0398025 159.361
0.0454656 0.103306 0.99361 325.02 0.018557 0.99438 -0.104235 -26.8383 -0.998794 0.0231775 0.043293 159.407
0.0477131 0.101795 0.993661 325.853 0.0204389 0.994486 -0.102861 -26.9183 -0.998652 0.0252172 0.0453694 159.444
0.0505854 0.101366 0.993562 326.734 0.021592 0.994492 -0.10256 -27.0047 -0.998486 0.0266411 0.0481181 159.487
0.0538993 0.101176 0.993407 327.625 0.022596 0.994475 -0.102511 -27.091 -0.998291 0.0279723 0.0513154 159.541
0.0561815 0.102271 0.993169 328.504 0.0234369 0.994331 -0.103716 -27.1786 -0.998146 0.0291038 0.0534661 159.588
0.0589781 0.102814 0.992951 329.426 0.0223381 0.994297 -0.104281 -27.2708 -0.998009 0.0283309 0.0563451 159.642
0.0629008 0.104163 0.992569 330.323 0.0198691 0.994211 -0.105594 -27.3556 -0.997822 0.0263634 0.0604671 159.7
0.0639831 0.104992 0.992413 331.223 0.0182897 0.99416 -0.106356 -27.4483 -0.997783 0.0249559 0.0616891 159.767
0.0675964 0.105483 0.992121 332.121 0.0155295 0.994164 -0.106758 -27.5371 -0.997592 0.0226236 0.0655638 159.821
0.0682476 0.104414 0.992189 333.034 0.0150254 0.994288 -0.105669 -27.6301 -0.997555 0.0221197 0.0662889 159.895
0.0694681 0.101649 0.992392 333.951 0.0152279 0.994571 -0.102938 -27.7245 -0.997468 0.022263 0.0675431 159.956
0.0712335 0.0990479 0.99253 334.88 0.0165559 0.994803 -0.100463 -27.8138 -0.997322 0.0235886 0.0692234 160.039
0.0723442 0.0988771 0.992466 335.792 0.0175447 0.994794 -0.100388 -27.9013 -0.997225 0.024675 0.0702327 160.096
0.071239 0.0999636 0.992438 336.714 0.018688 0.994657 -0.101529 -27.9989 -0.997284 0.0257794 0.0689903 160.171
0.0735459 0.0998887 0.992277 337.652 0.0177393 0.994683 -0.101446 -28.0848 -0.997134 0.0250633 0.0713829 160.24
0.0728602 0.0979968 0.992516 338.566 0.0155724 0.994928 -0.0993781 -28.1736 -0.997221 0.0226965 0.0709646 160.315
0.0745092 0.0963311 0.992557 339.5 0.0139314 0.995126 -0.0976262 -28.2637 -0.997123 0.0211018 0.072804 160.383
0.0739 0.097105 0.992527 340.395 0.0113682 0.995102 -0.0982033 -28.3512 -0.997201 0.0185405 0.0724341 160.458
0.0747003 0.098436 0.992336 341.326 0.0108378 0.994977 -0.0995139 -28.441 -0.997147 0.0181884 0.0732583 160.524
0.073776 0.0986463 0.992384 342.242 0.0104552 0.994965 -0.0996801 -28.5302 -0.99722 0.0177296 0.0723731 160.607
0.0742749 0.0993185 0.99228 343.179 0.00979925 0.994907 -0.100315 -28.6209 -0.99719 0.0171745 0.0729234 160.685
0.0746118 0.0999036 0.992196 344.08 0.00924659 0.994857 -0.100867 -28.715 -0.99717 0.0167003 0.0733043 160.746
0.0741025 0.0994792 0.992276 345.001 0.00907605 0.994904 -0.10042 -28.8034 -0.997209 0.0164474 0.0728219 160.817
0.0749851 0.0982039 0.992337 345.899 0.0100135 0.995015 -0.0992255 -28.8897 -0.997135 0.0173772 0.0736279 160.878
0.0756034 0.0987215 0.992239 346.819 0.00969232 0.994967 -0.0997314 -28.9859 -0.997091 0.0171571 0.074266 160.965
0.0740535 0.101319 0.992094 347.717 0.00990582 0.994702 -0.102325 -29.0721 -0.997205 0.017405 0.0726575 161.034
0.0765613 0.10212 0.991822 348.603 0.0118252 0.994578 -0.103317 -29.1617 -0.996995 0.0196386 0.0749386 161.099
0.0754829 0.0994377 0.992177 349.49 0.0155316 0.994777 -0.10088 -29.243 -0.997026 0.0230248 0.0735442 161.162
0.0786563 0.0959091 0.992278 350.402 0.0183631 0.995053 -0.097633 -29.3337 -0.996733 0.0259007 0.076506 161.247
0.0803767 0.0982005 0.991915 351.301 0.0232318 0.99468 -0.100357 -29.4223 -0.996494 0.0311103 0.0776678 161.311
0.0834411 0.102732 0.991203 352.178 0.0273707 0.99406 -0.105332 -29.5099 -0.996137 0.0359189 0.0801336 161.372
0.0865683 0.105967 0.990594 353.093 0.0292028 0.99363 -0.108844 -29.6018 -0.995818 0.0383505 0.0829224 161.448
0.0909798 0.105184 0.990282 353.95 0.0332399 0.993532 -0.108583 -29.6947 -0.995298 0.0427958 0.086895 161.52
0.092845 0.105414 0.990085 354.879 0.0344644 0.993444 -0.109003 -29.7896 -0.995084 0.0442431 0.0886032 161.601
0.0968946 0.107451 0.989478 355.742 0.0351276 0.993167 -0.111292 -29.8842 -0.994675 0.0455415 0.092458 161.688
0.100703 0.10727 0.989117 356.644 0.0345301 0.993195 -0.111227 -29.9802 -0.994317 0.0453553 0.096314 161.768
0.103797 0.103538 0.989195 357.557 0.034295 0.993603 -0.107598 -30.0765 -0.994007 0.0450927 0.0995821 161.884
0.107721 0.0995562 0.989184 358.49 0.0335329 0.994044 -0.103697 -30.1755 -0.993616 0.0443406 0.10374 161.996
0.113018 0.0978901 0.988759 359.376 0.0304193 0.994328 -0.101918 -30.2641 -0.993127 0.0415961 0.1094 162.095
0.118313 0.0969788 0.988229 360.241 0.0287667 0.994467 -0.101035 -30.353 -0.99256 0.0403819 0.114869 162.201
0.123565 0.0965263 0.987631 361.155 0.027532 0.994541 -0.100646 -30.4393 -0.991955 0.0396278 0.120233 162.324
0.130704 0.0961933 0.986744 362.043 0.0250338 0.994644 -0.100279 -30.5306 -0.991105 0.0378089 0.127596 162.438
0.137409 0.0972862 0.985725 362.941 0.0232503 0.994574 -0.101401 -30.6197 -0.990242 0.0368518 0.134401 162.561
0.14528 0.0985336 0.984472 363.846 0.0207548 0.994506 -0.102601 -30.7099 -0.989173 0.0353384 0.142437 162.702
0.154167 0.0995405 0.983018 364.74 0.018556 0.994445 -0.103608 -30.8007 -0.987871 0.0342138 0.151463 162.843
0.164917 0.0996677 0.981259 365.655 0.0170113 0.994446 -0.103866 -30.8949 -0.986161 0.0338218 0.162306 163.006
0.172453 0.0999413 0.979935 366.509 0.0158686 0.994429 -0.104212 -30.9829 -0.98489 0.0335218 0.169906 163.161
0.181856 0.0998005 0.978248 367.396 0.0138345 0.994478 -0.104028 -31.0746 -0.983228 0.0324517 0.179471 163.323
0.191582 0.0995756 0.976412 368.313 0.0118874 0.994532 -0.103756 -31.1685 -0.981405 0.0314848 0.189351 163.509
0.199264 0.0991354 0.974918 369.145 0.0106951 0.994591 -0.103322 -31.257 -0.979888 0.0310152 0.197126 163.678
0.206549 0.0987942 0.973436 370.089 0.00941978 0.994642 -0.102945 -31.3545 -0.978391 0.0304328 0.204512 163.89
0.212101 0.0991933 0.9722 370.953 0.00823235 0.994619 -0.103277 -31.4408 -0.977213 0.0299086 0.210143 164.081
0.216851 0.0995309 0.971118 371.83 0.00674156 0.994612 -0.103444 -31.5341 -0.976182 0.0289788 0.215011 164.281
0.221057 0.0993816 0.970184 372.723 0.00625191 0.99463 -0.10331 -31.6242 -0.975241 0.0289029 0.219248 164.492
0.225576 0.0994343 0.969138 373.587 0.00555846 0.99463 -0.103344 -31.7156 -0.97421 0.0286988 0.223812 164.693
0.229427 0.0993123 0.968246 374.493 0.00513001 0.994644 -0.103235 -31.8094 -0.973313 0.0286521 0.227689 164.903
0.233663 0.0996109 0.967202 375.372 0.0048037 0.994608 -0.103594 -31.9033 -0.972306 0.0288522 0.231925 165.117
0.238187 0.0991434 0.966146 376.281 0.00461097 0.994649 -0.103205 -31.9951 -0.971209 0.029037 0.236455 165.356
0.241692 0.0974592 0.965446 377.156 0.00529296 0.994796 -0.101747 -32.0868 -0.970339 0.0297015 0.239918 165.581
0.246687 0.0961497 0.964314 378.054 0.00430505 0.994947 -0.100305 -32.1761 -0.969086 0.0288955 0.245027 165.81
0.250293 0.0939334 0.963603 378.943 0.00484585 0.995148 -0.0982672 -32.2686 -0.968158 0.0292651 0.248624 166.055
0.254435 0.0918517 0.962718 379.831 0.00437985 0.99536 -0.0961235 -32.3573 -0.96708 0.0286738 0.252852 166.288
0.258622 0.0898866 0.961787 380.708 0.00408299 0.995551 -0.09414 -32.4422 -0.96597 0.0282736 0.257104 166.54
0.263709 0.0896638 0.960426 381.574 0.00400322 0.99556 -0.094043 -32.5287 -0.964594 0.0286448 0.262179 166.775
0.267414 0.092839 0.959099 382.447 0.00215585 0.995288 -0.0969431 -32.6176 -0.963579 0.0279917 0.265954 167.044
0.271852 0.0961631 0.957522 383.304 -0.000730118 0.995015 -0.0997212 -32.7015 -0.962339 0.0264103 0.270567 167.28
0.27531 0.0965735 0.956493 384.166 -0.00227581 0.995004 -0.0998069 -32.7921 -0.961353 0.025301 0.274154 167.557
0.278107 0.0929308 0.956044 385.016 -0.00395389 0.995411 -0.0956073 -32.8731 -0.960542 0.022809 0.277199 167.813
0.281258 0.0900626 0.955397 385.866 -0.00699723 0.995752 -0.0918069 -32.9576 -0.959607 0.0191363 0.280693 168.065
0.282321 0.091105 0.954984 386.705 -0.0106155 0.995716 -0.0918526 -33.0405 -0.959261 0.0157943 0.282079 168.335
0.282943 0.0962271 0.954298 387.533 -0.0143105 0.995267 -0.0961153 -33.1243 -0.95903 0.0135386 0.282981 168.592
0.283517 0.100792 0.953656 388.366 -0.0163413 0.994825 -0.100285 -33.204 -0.958828 0.0128485 0.283697 168.848
0.283832 0.101278 0.95351 389.203 -0.0178857 0.994793 -0.100338 -33.2899 -0.958707 0.0114251 0.284166 169.108
0.284187 0.0976567 0.953782 390.029 -0.0201319 0.995188 -0.0958977 -33.373 -0.958558 0.00805145 0.284786 169.372
0.284535 0.0936814 0.954077 390.843 -0.0229821 0.995595 -0.090904 -33.4508 -0.95839 0.00393862 0.285434 169.62
0.284112 0.0913277 0.954432 391.672 -0.0236003 0.995818 -0.0882626 -33.5325 -0.958501 0.00255159 0.285079 169.889
0.283017 0.090855 0.954802 392.488 -0.0236894 0.995862 -0.0877402 -33.6103 -0.958822 0.00221332 0.283998 170.138
0.282876 0.091359 0.954796 393.292 -0.0232813 0.995814 -0.0883863 -33.6839 -0.958874 0.00277353 0.283819 170.391
0.282522 0.0923939 0.954801 394.095 -0.0232237 0.995718 -0.0894815 -33.7544 -0.95898 0.0031065 0.283458 170.639
0.281621 0.0894242 0.95535 394.909 -0.017667 0.995962 -0.0880178 -33.8231 -0.959363 0.00790952 0.282064 170.87
0.281775 0.0874733 0.955485 395.727 -0.0159994 0.996126 -0.0864756 -33.9012 -0.959347 0.00907946 0.282082 171.117
0.28119 0.0890476 0.955512 396.532 -0.0159857 0.995982 -0.0881149 -33.9764 -0.959519 0.00950252 0.281483 171.367
0.280923 0.0933535 0.955179 397.331 -0.0140046 0.995551 -0.0931804 -34.0525 -0.959628 0.0127996 0.280981 171.6
0.280728 0.0981344 0.954757 398.14 -0.0138564 0.99507 -0.0982037 -34.1251 -0.959687 0.0143391 0.280704 171.834
0.281009 0.0974147 0.954748 398.931 -0.014379 0.995151 -0.0973049 -34.1923 -0.959597 0.0136152 0.281047 172.071
0.279622 0.0939489 0.955503 399.761 -0.0136911 0.99549 -0.093874 -34.2752 -0.960013 0.0131673 0.279647 172.329
0.279939 0.0935012 0.955454 400.578 -0.0144939 0.995544 -0.0931779 -34.3503 -0.959908 0.0122359 0.280047 172.567
0.279758 0.0949213 0.955367 401.413 -0.0138447 0.995396 -0.0948443 -34.4268 -0.959971 0.0133067 0.279784 172.825
0.278931 0.0976904 0.955329 402.25 -0.0130072 0.995105 -0.0979601 -34.5085 -0.960223 0.014898 0.278836 173.073
0.280285 0.0987628 0.954823 403.074 -0.0122091 0.994979 -0.0993325 -34.583 -0.959839 0.0161839 0.280084 173.307
0.2797 0.0976477 0.955109 403.944 -0.0123254 0.995098 -0.0981266 -34.6642 -0.960008 0.0156739 0.279533 173.569
0.280486 0.094743 0.955171 404.811 -0.0109064 0.995367 -0.0955274 -34.7435 -0.959796 0.0163767 0.28022 173.828
0.280415 0.0938868 0.955276 405.674 -0.00763328 0.995392 -0.0955888 -34.8306 -0.959849 0.0195126 0.27984 174.091
0.28157 0.0942557 0.9549 406.555 -0.0035583 0.99526 -0.0971902 -34.9129 -0.959534 0.0239681 0.280571 174.343
0.28177 0.0935563 0.95491 407.411 0.000315181 0.995226 -0.0975993 -34.9956 -0.959482 0.0278015 0.280395 174.592
0.284143 0.0920474 0.954353 408.285 0.00334879 0.99528 -0.0969918 -35.074 -0.958776 0.0307555 0.282494 174.846
0.285759 0.0906028 0.954009 409.165 0.00831861 0.995249 -0.0970111 -35.1634 -0.958266 0.0356578 0.283647 175.101
0.286319 0.0890629 0.953986 410.042 0.0126772 0.995231 -0.0967183 -35.2538 -0.958051 0.0397861 0.283824 175.353
0.285781 0.0863219 0.954399 410.912 0.0115001 0.995554 -0.0934877 -35.3322 -0.958226 0.0376926 0.283517 175.63
0.286442 0.0815305 0.954622 411.795 0.00931843 0.996089 -0.087868 -35.4072 -0.958052 0.0340646 0.284562 175.9
0.287624 0.0770199 0.954642 412.667 0.0100208 0.996465 -0.0834133 -35.4896 -0.957691 0.0335579 0.285835 176.171
0.287396 0.0771393 0.9547 413.528 0.0111875 0.996413 -0.0838775 -35.5696 -0.957746 0.0347868 0.285503 176.443
0.288069 0.0807279 0.954201 414.404 0.0102995 0.996121 -0.0873838 -35.6418 -0.957554 0.0350004 0.286121 176.698
0.289374 0.0817596 0.953718 415.266 0.0113524 0.995982 -0.0888273 -35.7226 -0.957149 0.0365313 0.287283 176.958
0.289408 0.0803642 0.953826 416.111 0.013872 0.996013 -0.0881276 -35.8002 -0.957106 0.0387363 0.287139 177.221
0.290201 0.0773317 0.953836 416.976 0.01601 0.996198 -0.0856371 -35.8796 -0.956832 0.0401229 0.28786 177.483
0.290743 0.0759274 0.953784 417.811 0.015893 0.996326 -0.0841587 -35.9536 -0.956669 0.039627 0.288468 177.741
0.289775 0.0765109 0.954032 418.659 0.0143625 0.99634 -0.0842663 -36.0351 -0.956987 0.0381206 0.287615 178.005
0.288753 0.0766077 0.954334 419.499 0.0137601 0.996359 -0.0841445 -36.1098 -0.957305 0.0374288 0.286648 178.264
0.289872 0.0749071 0.95413 420.299 0.0146545 0.996468 -0.0826832 -36.1787 -0.956953 0.0379498 0.28775 178.496
0.287282 0.0718554 0.955147 421.098 0.0161923 0.996675 -0.0798498 -36.2517 -0.957709 0.0384055 0.285163 178.75
0.287192 0.070342 0.955287 421.916 0.0161541 0.996803 -0.0782555 -36.3239 -0.957737 0.0379062 0.285137 178.996
0.286185 0.0698112 0.955628 422.689 0.0171587 0.996809 -0.0779582 -36.3876 -0.958021 0.0387078 0.284074 179.228
0.284107 0.070972 0.956162 423.472 0.0194333 0.996626 -0.0797497 -36.4583 -0.958596 0.0412388 0.281769 179.473
0.283945 0.0757477 0.955844 424.237 0.0184258 0.99626 -0.0844241 -36.5252 -0.958664 0.041584 0.281487 179.688
0.281697 0.081158 0.956065 424.989 0.0165738 0.995856 -0.0894191 -36.5929 -0.95936 0.0410347 0.279185 179.916
0.281203 0.0855485 0.955828 425.739 0.0148077 0.995513 -0.0934569 -36.6633 -0.959534 0.040434 0.278674 180.131
0.278963 0.0866795 0.956382 426.51 0.014402 0.995428 -0.0944193 -36.7358 -0.960194 0.0401133 0.276439 180.357
0.277703 0.0827835 0.957094 427.239 0.0149224 0.995788 -0.0904601 -36.8049 -0.960551 0.0394032 0.275298 180.578
0.27636 0.0785635 0.957838 427.996 0.0162292 0.99613 -0.0863868 -36.8748 -0.960917 0.0394188 0.274015 180.803
0.276077 0.0765211 0.958085 428.73 0.0176013 0.996256 -0.0846417 -36.9447 -0.960975 0.0402311 0.273696 181.014
0.275513 0.0768864 0.958218 429.481 0.0184926 0.996188 -0.0852502 -37.0139 -0.96112 0.0412074 0.273041 181.225
0.274234 0.0785695 0.958448 430.211 0.0188962 0.996024 -0.0870564 -37.0775 -0.961478 0.0419848 0.271659 181.438
0.274355 0.0798877 0.958304 430.941 0.0194061 0.99588 -0.088576 -37.1427 -0.961433 0.0428983 0.271675 181.651
0.274929 0.0799192 0.958137 431.676 0.0198785 0.995854 -0.0887691 -37.2075 -0.961259 0.0434516 0.2722 181.856
0.273941 0.0804716 0.958374 432.404 0.0223949 0.995689 -0.0900062 -37.2774 -0.961486 0.0461191 0.270958 182.074
0.273956 0.0816489 0.95827 433.133 0.0230513 0.995546 -0.0914151 -37.346 -0.961466 0.0471331 0.270854 182.281
0.274547 0.0837143 0.957923 433.839 0.0209076 0.995448 -0.092986 -37.4072 -0.961346 0.0455569 0.271547 182.477
0.274441 0.0830144 0.958014 434.591 0.0219652 0.995466 -0.092552 -37.4808 -0.961353 0.046443 0.271373 182.699
0.274594 0.0821403 0.958045 435.325 0.0226445 0.995516 -0.0918433 -37.5479 -0.961294 0.0469141 0.271503 182.912
0.275438 0.0804296 0.957948 436.053 0.0235353 0.995631 -0.0903606 -37.6175 -0.961031 0.0474344 0.272342 183.123
0.277234 0.0786827 0.957575 436.789 0.0240964 0.995758 -0.0887965 -37.6855 -0.9605 0.0476915 0.274162 183.337
0.278127 0.0769509 0.957457 437.518 0.0237065 0.995932 -0.0869296 -37.7522 -0.960252 0.0468754 0.275172 183.547
0.280309 0.0751006 0.956968 438.247 0.0245875 0.996046 -0.0853694 -37.8182 -0.959595 0.0474592 0.277354 183.764
0.281399 0.0755057 0.956616 438.955 0.0235564 0.996056 -0.0855481 -37.8861 -0.959302 0.0466075 0.27851 183.98
0.283608 0.0772531 0.955823 439.655 0.0214028 0.995992 -0.0868502 -37.9494 -0.958701 0.0450888 0.280818 184.192
0.285113 0.077536 0.955353 440.347 0.0212529 0.995966 -0.0871749 -38.0149 -0.958258 0.0451588 0.282315 184.407
0.287906 0.0773859 0.954527 441.018 0.0200164 0.996026 -0.0867877 -38.0769 -0.95745 0.0440929 0.285212 184.611
0.288485 0.0765369 0.95442 441.686 0.0192834 0.996133 -0.0857106 -38.1391 -0.95729 0.0431307 0.285894 184.823
0.290424 0.0750846 0.953948 442.357 0.0185942 0.996286 -0.0840778 -38.2001 -0.956718 0.0421561 0.287949 185.033
0.291226 0.0748987 0.953718 442.992 0.0175617 0.996344 -0.0836088 -38.2613 -0.956493 0.041098 0.288846 185.232
0.292783 0.0745796 0.953266 443.633 0.0172743 0.996378 -0.0832581 -38.3199 -0.956023 0.0408436 0.290434 185.432
0.29352 0.0744256 0.953051 444.261 0.0179333 0.996361 -0.0833308 -38.3783 -0.955785 0.0415506 0.291117 185.631
0.294566 0.0740659 0.952757 444.873 0.0186127 0.996358 -0.0832099 -38.4322 -0.95545 0.0422441 0.292114 185.824
0.295648 0.0735461 0.952462 445.47 0.0202402 0.996326 -0.0832158 -38.4863 -0.955083 0.0438805 0.293073 186.016
0.296666 0.0736454 0.952137 446.071 0.0199307 0.996327 -0.0832733 -38.5415 -0.954774 0.0436811 0.294108 186.204
0.298393 0.0743477 0.951543 446.649 0.0187866 0.996311 -0.0837368 -38.5956 -0.954258 0.0428628 0.295896 186.386
0.299224 0.0742429 0.95129 447.225 0.018607 0.996325 -0.0836103 -38.6475 -0.954001 0.0427189 0.296743 186.569
0.299851 0.0744499 0.951077 447.783 0.0181538 0.996324 -0.0837153 -38.6972 -0.953813 0.0423678 0.297397 186.753
0.300716 0.0744721 0.950802 448.338 0.0179801 0.996327 -0.0837245 -38.7494 -0.953544 0.0422728 0.298272 186.935
0.301513 0.0740111 0.950585 448.868 0.0170035 0.996407 -0.082972 -38.7965 -0.95331 0.0411804 0.299171 187.107
0.302226 0.0730136 0.950436 449.4 0.0163332 0.996519 -0.0817475 -38.8453 -0.953096 0.0402299 0.299982 187.285
0.302734 0.0721747 0.950338 449.919 0.0154817 0.996625 -0.0806217 -38.8915 -0.95295 0.0391198 0.300594 187.444
0.303525 0.0717405 0.950119 450.431 0.016327 0.996624 -0.0804678 -38.9387 -0.952684 0.0399366 0.301329 187.607
0.304529 0.0723236 0.949753 450.942 0.0171087 0.996537 -0.0813719 -38.9852 -0.952349 0.0410291 0.302237 187.777
0.305272 0.0756509 0.949255 451.414 0.01583 0.996299 -0.0844908 -39.0297 -0.952134 0.0408194 0.302945 187.931
0.306007 0.0785599 0.948783 451.879 0.0145348 0.996088 -0.0871646 -39.075 -0.951919 0.0404633 0.303668 188.087
0.306395 0.0806179 0.948485 452.346 0.013947 0.99592 -0.0891552 -39.1158 -0.951803 0.0405451 0.30402 188.244
0.30756 0.0811071 0.948066 452.785 0.0157557 0.99579 -0.0903012 -39.156 -0.951398 0.0427105 0.304988 188.384
0.308387 0.0808382 0.94782 453.24 0.0164 0.995783 -0.0902649 -39.2004 -0.95112 0.0433808 0.305761 188.532
0.307214 0.0794159 0.948321 453.667 0.0166747 0.99591 -0.088803 -39.242 -0.951494 0.0430945 0.304634 188.675
0.306287 0.0783258 0.948712 454.1 0.0156641 0.99606 -0.0872919 -39.2824 -0.951811 0.0415971 0.303853 188.814
0.305217 0.07754 0.949121 454.51 0.0151352 0.996159 -0.08625 -39.3245 -0.952163 0.0406902 0.302871 188.949
0.304116 0.0767058 0.949542 454.888 0.0156919 0.996215 -0.0855018 -39.3599 -0.952506 0.0409025 0.301761 189.077
0.30258 0.0761149 0.95008 455.272 0.0164405 0.996241 -0.085049 -39.3958 -0.952982 0.0413539 0.300191 189.198
0.301658 0.0758975 0.950391 455.644 0.0157592 0.996293 -0.0845652 -39.4304 -0.953286 0.0404872 0.299343 189.319
0.300561 0.074822 0.950823 456.012 0.0165018 0.996361 -0.0836218 -39.4636 -0.95362 0.0408237 0.298233 189.435
0.299955 0.07406 0.951074 456.373 0.0170344 0.996407 -0.0829625 -39.4953 -0.953801 0.041086 0.297616 189.547
0.298704 0.0733517 0.951523 456.697 0.0174812 0.996454 -0.0823031 -39.529 -0.954186 0.041218 0.296362 189.653
0.297539 0.0728616 0.951925 457.035 0.0175648 0.996497 -0.0817633 -39.5606 -0.954548 0.0410481 0.295217 189.758
0.296453 0.0729827 0.952255 457.334 0.0159941 0.996557 -0.0813573 -39.5874 -0.954914 0.0393491 0.294265 189.86
0.295524 0.0731747 0.952529 457.646 0.0145597 0.996602 -0.0810776 -39.6139 -0.955224 0.0378289 0.293455 189.957
0.294383 0.0733082 0.952872 457.949 0.0150025 0.996576 -0.0813055 -39.6407 -0.95557 0.0382304 0.292275 190.053
0.293708 0.0736729 0.953052 458.23 0.0163901 0.996491 -0.0820818 -39.6641 -0.955755 0.0397287 0.29147 190.138
0.29329 0.074748 0.953097 458.524 0.0167862 0.996382 -0.0833083 -39.6905 -0.955876 0.0404325 0.290975 190.231
0.292894 0.0751961 0.953183 458.799 0.0169431 0.996338 -0.0838068 -39.7146 -0.955995 0.0406964 0.290547 190.315
0.292037 0.0747808 0.953479 459.08 0.0166373 0.996391 -0.0832421 -39.7392 -0.956262 0.0401731 0.289739 190.4
0.292631 0.0743784 0.953328 459.353 0.0161548 0.996444 -0.0827011 -39.7633 -0.956089 0.0396018 0.290389 190.487
0.293029 0.0743194 0.953211 459.622 0.015139 0.996489 -0.0823476 -39.7873 -0.955984 0.0385609 0.290875 190.574
0.294744 0.0743571 0.952679 459.891 0.0137122 0.996536 -0.0820225 -39.8108 -0.955478 0.0372389 0.292703 190.663
0.296018 0.0746334 0.952262 460.152 0.012367 0.99656 -0.0819495 -39.8331 -0.955102 0.0360352 0.294077 190.753
0.29903 0.0745683 0.951326 460.429 0.0118549 0.996575 -0.0818415 -39.8563 -0.95417 0.035751 0.297122 190.842
0.302622 0.0747501 0.950175 460.691 0.0122616 0.996532 -0.0823022 -39.8785 -0.953032 0.0365572 0.300656 190.93
0.308796 0.07424 0.948227 460.963 0.0129991 0.996527 -0.0822548 -39.9032 -0.95104 0.0377261 0.306758 191.023
0.316267 0.0750608 0.945696 461.242 0.0116318 0.996483 -0.0829818 -39.926 -0.948599 0.0372446 0.314282 191.121
0.325062 0.0756814 0.942659 461.505 0.0104216 0.996446 -0.0835933 -39.9527 -0.945635 0.0369971 0.323118 191.225
0.335299 0.0770026 0.93896 461.784 0.00873453 0.996357 -0.0848288 -39.9743 -0.942071 0.0366444 0.333405 191.337
0.347354 0.0767899 0.934585 462.066 0.0092878 0.996311 -0.0853136 -40.0043 -0.937688 0.0383142 0.345359 191.456
0.361569 0.0772239 0.929142 462.346 0.00747066 0.996292 -0.0857121 -40.0262 -0.932315 0.0379322 0.359652 191.579
0.377239 0.0787908 0.922758 462.628 0.00428096 0.996215 -0.0868132 -40.0524 -0.926106 0.0366996 0.375474 191.716
0.394832 0.0805581 0.915215 462.921 0.00046588 0.996131 -0.0878814 -40.0776 -0.918753 0.0351248 0.393267 191.861
0.414032 0.0825145 0.906515 463.204 -0.00162282 0.995948 -0.0899139 -40.1047 -0.910261 0.0357561 0.412488 192.01
0.432593 0.0847148 0.8976 463.479 -0.00251833 0.995686 -0.0927582 -40.1338 -0.901586 0.0378661 0.43094 192.167
0.452013 0.0859224 0.887863 463.753 -0.00339547 0.995509 -0.0946111 -40.1647 -0.892005 0.0397508 0.450275 192.329
0.471356 0.0880726 0.877535 464.005 -0.00865132 0.995415 -0.0952565 -40.1914 -0.881901 0.0373079 0.469957 192.492
0.485264 0.0928938 0.869419 464.265 -0.0147556 0.995069 -0.0980831 -40.2162 -0.874243 0.0347674 0.484242 192.661
0.491905 0.097583 0.865163 464.509 -0.0210481 0.994742 -0.100231 -40.2415 -0.870395 0.0310941 0.491372 192.829
0.491277 0.0998203 0.865265 464.767 -0.0237996 0.994579 -0.101226 -40.2666 -0.870679 0.0291367 0.490989 192.98
0.486061 0.10069 0.868105 465.011 -0.0248744 0.994532 -0.101427 -40.2941 -0.873571 0.0277061 0.485908 193.114
0.477263 0.101152 0.872919 465.257 -0.0245164 0.994499 -0.101836 -40.322 -0.878418 0.0272019 0.477118 193.237
0.463661 0.100919 0.880247 465.494 -0.0220699 0.994499 -0.102393 -40.3472 -0.885738 0.0280488 0.463338 193.356
0.449359 0.100035 0.887733 465.751 -0.0176531 0.994511 -0.103132 -40.3792 -0.893177 0.0306722 0.448659 193.458
0.430929 0.0985698 0.896986 465.939 -0.0126783 0.994579 -0.103203 -40.4011 -0.902297 0.0331011 0.429843 193.554
0.411768 0.0978953 0.906015 466.205 -0.00924225 0.994611 -0.103268 -40.4312 -0.911242 0.0341487 0.410454 193.644
0.389978 0.0981182 0.915582 466.445 -0.00767694 0.994619 -0.103318 -40.4551 -0.920792 0.033263 0.388632 193.731
0.368814 0.0981304 0.924309 466.712 -0.00704262 0.994678 -0.102791 -40.4833 -0.929477 0.0314012 0.367542 193.814
0.348709 0.0973038 0.932166 466.972 -0.00520436 0.994782 -0.101893 -40.5087 -0.937217 0.0306797 0.347396 193.895
0.330263 0.0960765 0.938987 467.242 -0.000844808 0.994836 -0.101494 -40.5375 -0.943889 0.0327264 0.328638 193.965
0.312875 0.0949212 0.945039 467.519 0.00490725 0.994819 -0.101546 -40.5698 -0.949782 0.0364087 0.310788 194.035
0.298388 0.0938227 0.949822 467.775 0.00891617 0.994839 -0.101071 -40.5995 -0.954403 0.0386271 0.296012 194.107
0.283895 0.0939123 0.954245 468.056 0.0090454 0.994886 -0.100603 -40.6263 -0.958813 0.0371922 0.281593 194.177
0.274233 0.0920819 0.957245 468.296 0.00925577 0.995106 -0.0983757 -40.6499 -0.961619 0.0358379 0.272039 194.249
0.264586 0.0893407 0.960215 468.59 0.0118893 0.995322 -0.0958832 -40.6796 -0.964289 0.0367856 0.262286 194.305
0.258063 0.0878523 0.962125 468.828 0.0132502 0.995442 -0.0944484 -40.7021 -0.966037 0.037122 0.255723 194.365
0.254912 0.0878553 0.962965 469.074 0.0145941 0.995401 -0.0946779 -40.729 -0.966854 0.0381881 0.252458 194.431
0.257303 0.0884498 0.962274 469.299 0.0139985 0.995357 -0.0952337 -40.7501 -0.96623 0.0379742 0.25487 194.492
0.263687 0.0875925 0.960623 469.523 0.0154508 0.995357 -0.0950009 -40.771 -0.964485 0.0398929 0.261109 194.56
0.273809 0.0860164 0.95793 469.735 0.0173261 0.99539 -0.0943325 -40.7942 -0.961628 0.0424263 0.271057 194.628
0.285513 0.0851098 0.954588 469.937 0.0160663 0.995484 -0.0935614 -40.8178 -0.95824 0.0420497 0.282856 194.703
0.297923 0.086831 0.950633 470.117 0.0105502 0.995494 -0.0942351 -40.8347 -0.954532 0.0381042 0.295665 194.781
0.312253 0.0889889 0.945822 470.284 0.00475075 0.995444 -0.0952261 -40.8544 -0.949987 0.034228 0.310408 194.854
0.326404 0.0893636 0.940997 470.444 0.000788005 0.995495 -0.0948125 -40.8722 -0.94523 0.0316887 0.324863 194.936
0.341626 0.0876022 0.935744 470.61 -0.00109961 0.995683 -0.092812 -40.8891 -0.939835 0.0306781 0.340248 195.012
0.356321 0.0857009 0.930425 470.75 -2.74122e-06 0.995785 -0.0917201 -40.9047 -0.934364 0.0326792 0.354819 195.083
0.372224 0.0847518 0.924265 470.898 0.0087338 0.995458 -0.0947973 -40.9157 -0.928102 0.0433582 0.369794 195.128
0.387052 0.0874284 0.917904 471.004 0.0138962 0.994828 -0.100615 -40.9407 -0.921953 0.0516986 0.383835 195.189
0.402715 0.08979 0.910911 471.109 0.0116976 0.994591 -0.10321 -40.9514 -0.915251 0.0522197 0.399486 195.263
0.417406 0.0914512 0.904107 471.213 0.0031686 0.994771 -0.102085 -40.959 -0.908715 0.0454755 0.414933 195.333
0.431107 0.0916476 0.897634 471.321 -0.00390622 0.995009 -0.0997134 -40.9663 -0.902292 0.0394808 0.429313 195.41
0.443999 0.0908446 0.89141 471.409 -0.00692241 0.995165 -0.0979705 -40.9754 -0.896 0.0373281 0.442482 195.484
0.455912 0.0899339 0.88547 471.505 -0.00729172 0.995226 -0.0973271 -40.9883 -0.889995 0.037916 0.454391 195.545
0.468493 0.0894433 0.878928 471.594 -0.00812747 0.995256 -0.0969492 -40.9967 -0.88343 0.0382766 0.466998 195.597
0.479614 0.0891289 0.872941 471.673 -0.00874535 0.995264 -0.0968134 -41.0052 -0.877436 0.0387989 0.478122 195.659
0.490265 0.0879606 0.867123 471.746 -0.00882527 0.995344 -0.0959775 -41.0114 -0.871529 0.0394019 0.488759 195.722
0.499853 0.0857853 0.861851 471.82 -0.00801036 0.995498 -0.0944422 -41.0189 -0.866073 0.0403035 0.49829 195.772
0.507965 0.0857685 0.857097 471.878 -0.0102577 0.995562 -0.0935451 -41.0273 -0.861317 0.0387258 0.50659 195.82
0.515391 0.0895918 0.852259 471.938 -0.0168566 0.995388 -0.094444 -41.0371 -0.85679 0.0343093 0.514524 195.871
0.523816 0.0962525 0.846376 471.973 -0.0267305 0.994964 -0.096607 -41.0444 -0.851412 0.0279803 0.523751 195.926
0.530454 0.10137 0.841631 472.019 -0.034063 0.994572 -0.0983216 -41.0472 -0.847029 0.0234866 0.531027 195.969
0.534916 0.100957 0.838852 472.052 -0.0340387 0.994605 -0.0979958 -41.0514 -0.844219 0.0238661 0.535466 196.001
0.541235 0.0960572 0.835367 472.098 -0.0294079 0.995008 -0.0953606 -41.0585 -0.840357 0.0270461 0.541358 196.035
0.547499 0.0907262 0.831874 472.145 -0.0247457 0.995426 -0.0922772 -41.0649 -0.836441 0.0299364 0.54724 196.064
0.551002 0.0887991 0.829766 472.187 -0.0239452 0.995595 -0.0906449 -41.0705 -0.834161 0.0300766 0.550701 196.093
0.555949 0.0902452 0.826303 472.223 -0.0274846 0.995541 -0.0902365 -41.0743 -0.830762 0.0274563 0.55595 196.127
0.560724 0.0933231 0.822727 472.237 -0.033264 0.995365 -0.0902348 -41.0727 -0.827334 0.0232297 0.56123 196.162
0.563766 0.0959298 0.820345 472.263 -0.0373925 0.995178 -0.0906772 -41.0742 -0.825088 0.020446 0.564635 196.196
