1.11022e-16 -2.22045e-16 0 0
0.00326721 4.56632 -0.0235525 4.60297
-0.0317161 9.09912 -0.066291 9.17883
-0.0819517 13.5874 -0.121783 13.6657
-0.172757 18.0428 -0.176285 18.134
-0.267875 22.4516 -0.274405 22.6044
-0.3584 26.802 -0.366183 26.9666
-0.442803 31.082 -0.444847 31.2422
-0.523018 35.272 -0.546402 35.5068
-0.611006 39.3302 -0.630497 39.6174
-0.673187 43.2396 -0.685811 43.5314
-0.695957 46.9775 -0.696838 47.3117
-0.690361 50.6055 -0.664264 50.9595
-0.609462 54.133 -0.556008 54.4413
-0.411112 57.5311 -0.347132 57.8808
-0.0302795 60.8073 0.0556917 61.1696
0.568852 63.9407 0.657494 64.3108
1.40058 66.9039 1.49187 67.321
2.44516 69.7024 2.51361 70.1132
3.69718 72.3001 3.78458 72.723
5.17192 74.7404 5.274 75.191
6.85296 76.9419 6.95174 77.3939
8.7508 78.9059 8.84999 79.3855
10.8235 80.6343 10.9346 81.1418
13.0662 82.1784 13.1929 82.6404
15.5049 83.5264 15.6505 83.9458
18.1013 84.5888 18.2944 84.96
20.8532 85.3395 21.0382 85.6855
23.7041 85.7577 23.9085 86.0661
26.5967 85.9035 26.8241 86.1832
29.5391 85.86 29.796 86.1212
32.4955 85.6697 32.7401 85.8957
35.4739 85.4193 35.7385 85.6043
38.4794 85.1509 38.7755 85.3037
41.5231 84.8401 41.8196 84.9833
44.5916 84.5127 44.9011 84.6248
47.6986 84.1597 48.0092 84.241
50.8513 83.7804 51.2077 83.869
54.0213 83.3701 54.3877 83.4493
57.2365 82.9632 57.6055 83.0569
60.4841 82.5645 60.8709 82.6675
63.8016 82.1266 64.1831 82.2522
67.1153 81.6713 67.5062 81.7566
70.485 81.2487 70.8776 81.3397
73.8891 80.8314 74.2931 80.9306
77.3395 80.4029 77.7662 80.5117
80.8144 79.9819 81.246 80.099
84.3116 79.5606 84.8042 79.6678
87.8431 79.133 88.4076 79.2498
91.4527 78.7121 92.0014 78.8143
95.1091 78.3026 95.6704 78.4031
98.8021 77.9398 99.3758 77.9896
102.538 77.5777 103.161 77.5858
106.283 77.1826 106.955 77.1246
110.002 76.7638 110.661 76.6815
113.691 76.2531 114.354 76.1373
117.341 75.5813 118.012 75.4226
120.904 74.7513 121.574 74.5425
124.438 73.7857 125.118 73.6055
127.883 72.6519 128.529 72.453
131.254 71.3617 131.856 71.1254
134.529 69.9313 135.138 69.6775
137.742 68.3285 138.334 68.0325
140.927 66.5467 141.512 66.2259
144.031 64.5748 144.593 64.2556
147.051 62.4063 147.609 62.0478
149.969 60.0493 150.522 59.6702
152.782 57.5042 153.331 57.0969
155.437 54.7466 155.969 54.3266
157.947 51.7529 158.383 51.3618
160.28 48.6346 160.56 48.211
162.349 45.3533 162.497 44.88
164.18 41.9467 164.223 41.4956
165.831 38.4478 165.778 37.9854
167.335 34.862 167.199 34.3975
168.691 31.2428 168.48 30.7793
169.969 27.5822 169.737 27.0624
171.127 23.9002 170.972 23.4078
172.263 20.2213 172.152 19.7584
173.377 16.5991 173.359 16.1035
174.627 13.0043 174.635 12.4739
175.943 9.44218 175.936 8.9121
177.357 5.91709 177.389 5.26506
178.929 2.43498 178.955 1.81074
180.676 -0.971876 180.65 -1.56589
182.554 -4.25248 182.487 -4.84932
184.561 -7.38468 184.498 -8.02039
186.751 -10.3688 186.681 -11.0149
189.117 -13.1356 189.052 -13.823
191.666 -15.6569 191.603 -16.3639
194.386 -17.9312 194.377 -18.7073
197.226 -19.9808 197.19 -20.7157
200.272 -21.743 200.219 -22.452
203.448 -23.2032 203.463 -23.9206
206.759 -24.3252 206.752 -25.0258
210.184 -25.0682 210.176 -25.7909
213.631 -25.4245 213.668 -26.175
217.117 -25.4075 217.165 -26.1805
220.572 -25.0398 220.633 -25.8571
224.021 -24.3637 224.026 -25.2259
227.43 -23.3729 227.428 -24.2715
230.747 -22.0587 230.776 -22.9764
233.928 -20.4438 234.012 -21.4047
237.02 -18.5268 237.062 -19.563
239.961 -16.3559 239.981 -17.4073
242.78 -13.9846 242.808 -15.0488
245.458 -11.4141 245.481 -12.528
247.997 -8.67439 248.029 -9.77247
250.391 -5.75931 250.439 -6.85696
252.656 -2.68667 252.717 -3.79506
254.807 0.534019 254.874 -0.608006
256.864 3.86241 256.941 2.70944
258.884 7.26327 258.991 6.12758
260.878 10.7183 260.992 9.55674
262.829 14.2226 262.959 13.0381
264.742 17.7459 264.895 16.5681
266.638 21.2661 266.799 20.0957
268.528 24.7861 268.711 23.588
270.375 28.3342 270.615 27.0962
272.22 31.9178 272.543 30.6432
274.125 35.5022 274.469 34.2308
276.051 39.0601 276.406 37.8237
277.99 42.6653 278.377 41.4743
279.913 46.3018 280.293 45.0465
281.776 49.9499 282.232 48.6735
283.563 53.5327 284.05 52.1585
285.357 57.0568 285.903 55.7262
287.076 60.5365 287.637 59.1817
288.712 63.9549 289.342 62.5483
290.294 67.2891 290.97 65.8869
291.871 70.5598 292.636 69.1593
293.538 73.7536 294.361 72.3446
295.351 76.8646 296.226 75.4583
297.262 79.8928 298.239 78.4613
299.368 82.772 300.414 81.3247
301.655 85.4444 302.759 83.97
304.13 87.8737 305.319 86.4127
306.796 90.0097 308.046 88.5464
309.61 91.8153 310.928 90.3277
312.541 93.288 313.925 91.807
315.59 94.4249 317.062 92.8981
318.731 95.2311 320.215 93.7014
321.947 95.719 323.397 94.1215
325.202 95.8751 326.586 94.2086
328.404 95.6725 329.806 93.9202
331.635 95.086 332.9 93.3308
334.756 94.1719 335.923 92.3775
337.637 92.9633 338.806 91.1086
340.363 91.4611 341.592 89.4871
342.964 89.6922 344.185 87.5562
345.403 87.5792 346.577 85.2801
347.592 85.0926 348.732 82.7139
349.463 82.3215 350.558 79.9111
351.003 79.3978 352.038 76.989
352.204 76.4028 353.203 73.9273
353.108 73.3065 354.038 70.845
353.811 70.0966 354.697 67.7046
354.465 66.8891 355.283 64.512
355.047 63.6646 355.772 61.2939
355.5 60.4491 356.186 58.0967
355.867 57.2961 356.537 54.9419
356.198 54.2082 356.828 51.8744
356.526 51.2211 357.15 48.9021
356.961 48.3694 357.565 46.0566
357.539 45.7525 358.101 43.3911
358.275 43.3888 358.806 41.0072
359.267 41.2389 359.747 38.8662
360.572 39.3738 361.021 36.9944
362.156 37.8355 362.559 35.4701
363.974 36.6383 364.345 34.2586
366.08 35.7611 366.407 33.3741
368.547 35.2345 368.754 32.8296
371.148 35.0451 371.259 32.5925
373.9 35.1753 373.962 32.682
376.698 35.6111 376.781 33.075
379.471 36.3228 379.57 33.7296
382.212 37.2945 382.291 34.6273
384.868 38.518 384.984 35.7958
387.364 39.9919 387.512 37.2134
389.702 41.7807 389.889 38.9455
391.803 43.8392 392.045 40.9622
393.689 46.099 393.987 43.187
395.384 48.4743 395.749 45.5138
396.942 50.9283 397.361 47.9493
398.326 53.4501 398.816 50.4875
399.545 56.0526 400.088 53.0713
400.58 58.7289 401.185 55.6938
401.391 61.4866 402.096 58.4378
401.978 64.3331 402.744 61.2891
402.335 67.2503 403.178 64.2063
402.475 70.2597 403.39 67.2433
402.447 73.356 403.413 70.3563
402.342 76.5409 403.346 73.6018
402.229 79.8055 403.272 76.8917
402.075 83.1563 403.157 80.2334
401.928 86.5971 402.98 83.7222
401.722 90.1133 402.777 87.2024
401.456 93.7374 402.548 90.8473
401.169 97.4389 402.33 94.5088
400.835 101.197 402.04 98.2455
400.479 104.981 401.741 102.017
400.087 108.745 401.42 105.754
399.638 112.494 401.053 109.494
399.139 116.227 400.623 113.238
398.603 119.925 400.154 116.939
398.025 123.612 399.648 120.607
397.409 127.315 399.109 124.327
396.829 131.013 398.618 127.993
396.222 134.688 398.095 131.662
395.602 138.282 397.597 135.318
395.033 141.882 397.136 138.949
394.484 145.488 396.665 142.584
393.961 149.092 396.176 146.207
393.457 152.725 395.76 149.875
392.964 156.362 395.34 153.526
392.474 160.012 394.92 157.19
391.988 163.682 394.5 160.874
391.511 167.361 394.1 164.569
391.038 171.04 393.699 168.28
390.574 174.743 393.302 171.984
390.11 178.441 392.898 175.68
389.663 182.148 392.524 179.396
389.244 185.892 392.185 183.147
388.895 189.678 391.94 186.902
388.606 193.461 391.725 190.699
388.393 197.25 391.583 194.487
388.242 201.059 391.493 198.286
388.167 204.844 391.497 202.06
388.165 208.657 391.546 205.86
388.226 212.467 391.656 209.672
388.338 216.277 391.828 213.521
388.518 220.1 392.071 217.329
388.781 223.924 392.382 221.132
389.11 227.762 392.767 224.952
389.52 231.6 393.243 228.752
390.001 235.455 393.79 232.598
390.533 239.323 394.393 236.454
391.126 243.192 395.058 240.3
391.817 247.083 395.826 244.191
392.447 250.991 396.649 248.076
393.193 254.933 397.595 251.961
394.13 258.841 398.666 255.83
395.212 262.726 399.811 259.668
396.381 266.56 401.033 263.47
397.592 270.309 402.336 267.181
398.916 273.988 403.682 270.866
400.262 277.62 405.062 274.498
401.675 281.23 406.498 278.113
403.099 284.836 407.978 281.697
404.553 288.369 409.444 285.223
405.981 291.859 410.928 288.715
407.397 295.286 412.378 292.112
408.788 298.654 413.813 295.455
410.16 301.971 415.244 298.735
411.533 305.249 416.662 301.961
412.91 308.514 418.103 305.205
414.286 311.815 419.538 308.481
415.632 315.158 420.996 311.809
416.955 318.555 422.483 315.154
418.357 321.95 424.092 318.512
419.919 325.361 425.817 321.855
421.62 328.773 427.612 325.191
423.465 332.205 429.546 328.555
425.389 335.648 431.581 331.972
427.394 339.062 433.669 335.293
429.441 342.427 435.817 338.612
431.503 345.736 437.967 341.833
433.556 349.038 440.139 345.079
435.647 352.345 442.32 348.314
437.738 355.674 444.515 351.603
439.859 359.02 446.733 354.903
441.938 362.355 448.921 358.198
444.012 365.708 451.081 361.485
446.074 369.043 453.258 364.77
448.108 372.393 455.413 368.035
450.106 375.749 457.574 371.299
452.078 379.076 459.746 374.557
454.073 382.382 461.925 377.783
456.15 385.672 464.126 381.018
458.225 388.968 466.36 384.238
460.352 392.206 468.619 387.409
462.503 395.388 470.884 390.526
464.569 398.42 473.078 393.501
466.632 401.347 475.254 396.351
468.654 404.222 477.364 399.163
470.658 407.039 479.454 401.9
472.678 409.784 481.54 404.595
474.657 412.487 483.598 407.211
476.593 415.139 485.614 409.797
478.496 417.711 487.567 412.291
480.372 420.213 489.504 414.72
482.195 422.603 491.403 417.036
483.956 424.844 493.218 419.218
485.629 426.924 494.961 421.267
487.191 428.866 496.602 423.173
488.699 430.731 498.167 424.972
490.108 432.492 499.621 426.674
491.375 434.139 500.944 428.254
492.522 435.661 502.145 429.735
493.585 437.089 503.266 431.121
494.602 438.499 504.335 432.481
495.494 439.943 505.281 433.878
496.198 441.456 506.036 435.356
496.643 443.039 506.538 436.901
496.895 444.688 506.842 438.532
496.838 446.434 506.89 440.265
496.587 448.236 506.717 442.06
496.021 450.036 506.275 443.889
495.317 451.881 505.632 445.735
494.383 453.715 504.774 447.598
493.358 455.592 503.812 449.55
492.26 457.525 502.81 451.539
491.139 459.532 501.772 453.578
489.969 461.583 500.682 455.722
488.779 463.722 499.566 457.935
487.528 465.987 498.42 460.194
486.242 468.333 497.221 462.585
484.929 470.75 495.993 465.02
483.595 473.197 494.743 467.505
482.241 475.68 493.459 470.012
480.881 478.18 492.172 472.572
479.507 480.715 490.871 475.185
478.14 483.25 489.572 477.797
476.742 485.777 488.267 480.348
475.327 488.358 486.941 482.995
473.906 490.923 485.624 485.592
472.464 493.499 484.282 488.238
471.031 496.049 482.947 490.85
469.654 498.494 481.645 493.383
468.311 500.884 480.43 495.758
467.003 503.201 479.227 498.106
465.768 505.386 478.088 500.336
464.618 507.421 477.026 502.409
463.563 509.303 476.059 504.305
462.582 511.077 475.14 506.129
461.621 512.828 474.268 507.875
460.699 514.516 473.412 509.593
459.826 516.112 472.613 511.213
459.036 517.583 471.88 512.694
458.313 518.912 471.212 514.04
457.589 520.177 470.54 515.324
456.757 521.359 469.783 516.555
455.798 522.446 468.882 517.679
454.695 523.355 467.833 518.637
453.457 523.963 466.629 519.389
452.01 524.448 465.222 519.956
450.37 524.665 463.635 520.274
448.646 524.629 461.893 520.32
446.854 524.242 460.077 520.031
445.001 523.579 458.187 519.447
443.054 522.715 456.23 518.639
441.07 521.622 454.214 517.614
439.069 520.385 452.161 516.453
437.068 519.08 450.104 515.222
435.132 517.711 448.112 513.924
433.249 516.276 446.178 512.561
431.409 514.773 444.284 511.123
429.654 513.188 442.477 509.629
427.979 511.552 440.707 508.045
426.376 509.873 439.02 506.425
424.896 508.16 437.421 504.761
423.477 506.387 435.881 503.019
422.152 504.604 434.447 501.281
420.895 502.757 433.084 499.477
419.699 500.848 431.76 497.607
418.553 498.879 430.488 495.661
417.436 496.852 429.262 493.68
416.341 494.77 428.046 491.61
415.299 492.613 426.873 489.484
414.283 490.4 425.713 487.296
413.291 488.174 424.599 485.105
412.307 485.928 423.486 482.89
411.321 483.66 422.381 480.639
410.386 481.37 421.328 478.369
409.484 479.07 420.314 476.104
408.606 476.771 419.331 473.8
407.748 474.482 418.387 471.55
406.916 472.194 417.464 469.276
406.106 469.924 416.558 467.044
405.322 467.714 415.678 464.865
404.581 465.613 414.871 462.82
403.881 463.647 414.077 460.885
403.196 461.843 413.351 459.113
402.564 460.074 412.606 457.375
401.947 458.306 411.888 455.641
401.297 456.549 411.139 453.924
400.651 454.77 410.388 452.182
399.997 452.985 409.638 450.432
399.33 451.126 408.865 448.615
398.618 449.218 408.047 446.741
397.822 447.25 407.166 444.817
396.97 445.208 406.214 442.814
396.116 443.117 405.236 440.768
395.211 440.968 404.218 438.669
394.288 438.749 403.165 436.53
393.342 436.498 402.11 434.352
392.359 434.222 401.035 432.136
391.344 431.908 399.929 429.894
390.286 429.532 398.772 427.594
389.178 427.104 397.563 425.247
388.002 424.633 396.289 422.83
386.786 422.154 394.947 420.414
385.529 419.646 393.588 417.966
384.253 417.123 392.222 415.546
382.927 414.576 390.778 413.055
381.591 412.03 389.322 410.588
380.224 409.463 387.843 408.089
378.83 406.889 386.308 405.586
377.404 404.303 384.753 403.081
375.941 401.722 383.157 400.578
374.431 399.137 381.521 398.095
372.878 396.55 379.859 395.598
371.286 393.96 378.14 393.096
369.663 391.368 376.376 390.605
368.012 388.798 374.591 388.128
366.357 386.258 372.746 385.62
364.686 383.684 370.915 383.112
362.991 381.103 369.062 380.61
361.274 378.545 367.184 378.122
359.479 376.08 365.332 375.718
357.743 373.714 363.525 373.449
356.047 371.424 361.718 371.244
354.349 369.168 359.911 369.064
352.663 366.944 358.139 366.935
351.019 364.78 356.384 364.82
349.445 362.679 354.709 362.797
347.97 360.67 353.091 360.842
346.588 358.761 351.599 359.033
345.269 357.005 350.171 357.354
343.988 355.42 348.763 355.79
342.722 353.942 347.42 354.402
341.428 352.599 346.064 353.138
340.132 351.423 344.688 352.059
338.769 350.441 343.255 351.143
337.342 349.681 341.749 350.452
335.777 349.128 340.166 350.003
334.132 348.908 338.501 349.856
332.452 349.031 336.847 350.051
330.798 349.428 335.202 350.52
329.211 350.167 333.649 351.338
327.642 351.098 332.167 352.345
326.095 352.236 330.684 353.574
324.513 353.49 329.196 354.908
322.876 354.863 327.642 356.341
321.135 356.302 325.972 357.843
319.25 357.71 324.154 359.314
317.242 359.002 322.22 360.675
315.094 360.16 320.158 361.912
312.853 361.167 317.941 362.998
310.509 362.008 315.666 363.921
308.069 362.662 313.286 364.668
305.561 363.147 310.78 365.257
302.954 363.438 308.212 365.688
300.313 363.559 305.556 365.932
297.632 363.523 302.868 366.057
294.885 363.381 300.128 366.056
292.104 363.172 297.325 365.988
289.301 362.939 294.516 365.902
286.491 362.678 291.651 365.766
283.694 362.37 288.853 365.605
280.921 362.098 286.074 365.444
278.169 361.857 283.313 365.341
275.447 361.657 280.591 365.259
272.737 361.52 277.864 365.249
270.036 361.455 275.167 365.314
267.328 361.498 272.463 365.505
264.63 361.676 269.762 365.818
261.94 361.98 267.1 366.247
259.251 362.413 264.476 366.798
256.574 362.96 261.835 367.474
253.917 363.655 259.21 368.299
251.288 364.497 256.654 369.25
248.68 365.505 254.124 370.385
246.095 366.667 251.626 371.687
243.563 367.994 249.19 373.157
241.083 369.508 246.811 374.799
238.697 371.175 244.544 376.592
236.432 372.984 242.422 378.516
234.282 374.916 240.412 380.576
232.221 376.965 238.513 382.759
230.284 379.136 236.745 385.018
228.445 381.409 235.082 387.392
226.763 383.789 233.579 389.85
225.24 386.284 232.241 392.418
223.87 388.875 231.049 395.092
222.652 391.577 230.014 397.898
221.61 394.408 229.161 400.766
220.732 397.347 228.483 403.734
220.036 400.375 227.981 406.813
219.493 403.546 227.663 409.984
219.131 406.83 227.529 413.256
218.955 410.176 227.573 416.582
218.961 413.566 227.827 419.947
219.146 416.968 228.268 423.368
219.452 420.39 228.837 426.753
219.83 423.807 229.461 430.172
220.311 427.237 230.174 433.555
220.869 430.685 230.954 436.958
221.441 434.162 231.751 440.372
222.038 437.663 232.554 443.821
222.674 441.192 233.409 447.338
223.325 444.766 234.285 450.885
223.977 448.39 235.163 454.456
224.645 452.053 236.058 458.075
225.326 455.738 236.952 461.721
226.014 459.438 237.875 465.362
226.743 463.131 238.832 468.991
227.489 466.831 239.819 472.635
228.248 470.527 240.807 476.25
229.012 474.215 241.816 479.88
229.762 477.897 242.812 483.518
230.499 481.568 243.804 487.179
231.253 485.238 244.788 490.792
232.01 488.886 245.787 494.423
232.763 492.532 246.777 498
233.546 496.17 247.788 501.584
234.328 499.812 248.784 505.118
235.108 503.42 249.786 508.658
235.908 507.02 250.8 512.184
236.704 510.603 251.844 515.74
237.481 514.162 252.854 519.266
238.249 517.704 253.862 522.783
239.014 521.231 254.857 526.247
239.747 524.742 255.808 529.686
240.437 528.231 256.718 533.118
241.102 531.69 257.609 536.507
241.741 535.133 258.499 539.894
242.359 538.55 259.357 543.259
242.994 541.936 260.229 546.611
243.656 545.296 261.133 549.904
244.308 548.631 262.043 553.144
244.987 551.924 262.978 556.355
245.687 555.19 263.951 559.539
246.402 558.403 264.928 562.673
247.16 561.604 265.952 565.738
247.954 564.748 266.99 568.786
248.8 567.843 268.109 571.8
249.72 570.881 269.266 574.763
250.692 573.875 270.503 577.711
251.723 576.817 271.78 580.568
252.792 579.719 273.076 583.392
253.899 582.619 274.399 586.161
254.999 585.539 275.727 588.984
256.084 588.465 277.025 591.811
257.132 591.413 278.272 594.654
258.142 594.338 279.52 597.501
259.143 597.295 280.745 600.402
260.132 600.228 281.946 603.231
261.124 603.146 283.159 606.069
262.175 606.017 284.413 608.838
263.322 608.844 285.766 611.56
264.593 611.601 287.247 614.183
266.013 614.28 288.868 616.738
267.588 616.882 290.649 619.217
269.324 619.428 292.599 621.625
271.21 621.882 294.674 623.914
273.238 624.255 296.878 626.105
275.373 626.51 299.171 628.185
277.623 628.637 301.588 630.095
279.977 630.609 304.094 631.865
282.454 632.439 306.704 633.481
285.066 634.109 309.442 634.934
287.782 635.684 312.308 636.282
290.615 637.17 315.259 637.53
293.572 638.551 318.322 638.657
296.64 639.898 321.487 639.737
299.816 641.203 324.774 640.795
303.076 642.495 328.1 641.815
306.357 643.766 331.433 642.797
309.675 645.021 334.797 643.776
313 646.244 338.179 644.72
316.341 647.457 341.577 645.66
319.656 648.689 344.98 646.609
322.948 649.961 348.338 647.619
326.167 651.312 351.668 648.704
329.336 652.739 354.964 649.872
332.444 654.206 358.168 651.075
335.401 655.659 361.275 652.265
338.178 657.091 364.228 653.449
340.854 658.52 367.076 654.623
343.392 659.901 369.795 655.776
345.797 661.223 372.328 656.864
348.062 662.47 374.725 657.9
350.228 663.664 376.998 658.875
352.27 664.765 379.134 659.774
354.172 665.744 381.131 660.568
355.867 666.597 382.86 661.269
357.386 667.323 384.423 661.874
358.688 667.945 385.755 662.384
359.785 668.455 386.876 662.8
360.685 668.879 387.809 663.143
361.449 669.24 388.602 663.44
362.202 669.61 389.343 663.781
362.884 670.042 390.027 664.189
363.544 670.583 390.697 664.709
364.21 671.331 391.396 665.409
364.845 672.31 392.105 666.33
365.349 673.552 392.7 667.515
365.693 675.079 393.134 668.934
365.765 676.782 393.318 670.576
365.524 678.539 393.306 672.359
365.089 680.489 393.044 674.35
364.466 682.515 392.606 676.489
363.616 684.611 392.006 678.629
362.501 686.761 391.184 680.919
361.24 688.988 390.188 683.329
359.917 691.337 389.141 685.814
358.517 693.8 388.047 688.387
357.036 696.407 386.891 691.033
355.509 699.116 385.713 693.83
353.904 701.929 384.474 696.767
352.257 704.824 383.247 699.755
350.568 707.796 381.931 703.009
348.841 710.853 380.496 706.348
347.062 713.948 379.021 709.617
345.241 717.127 377.478 713.038
343.396 720.385 375.921 716.537
341.517 723.689 374.351 720.033
339.619 727.061 372.745 723.638
337.698 730.488 371.099 727.324
335.746 733.965 369.329 731.301
333.767 737.501 367.384 735.635
331.787 741.093 365.657 739.541
329.802 744.698 363.663 744.008
327.823 748.253 361.94 747.837
325.883 751.75 360.104 751.933
323.954 755.222 358.329 755.912
322.019 758.699 356.608 759.753
320.038 762.178 354.896 763.471
318.098 765.622 353.26 767.034
316.183 769.057 351.492 770.939
314.25 772.495 349.618 774.985
312.276 775.932 347.851 778.679
310.254 779.359 345.969 782.501
308.123 782.783 344.105 786.036
305.863 786.167 342.031 789.747
303.501 789.503 339.831 793.391
300.971 792.777 337.506 796.932
298.346 795.949 335.06 800.359
295.632 799.047 332.562 803.642
292.854 802.131 330.012 806.884
290.022 805.167 327.356 810.138
287.127 808.147 324.646 813.304
284.119 811.063 321.856 816.374
281.042 813.86 318.982 819.333
277.869 816.546 315.761 822.461
274.647 819.106 312.315 825.574
271.386 821.531 309.483 827.945
268.117 823.814 305.863 830.807
264.867 825.971 302.543 833.29
261.612 828.06 298.876 835.929
258.412 830.065 295.67 838.155
255.271 831.964 292.347 840.372
252.165 833.786 289.221 842.404
249.036 835.465 286.258 844.238
245.677 836.942 283.469 845.931
242.526 838.395 280.673 847.594
239.649 839.782 278.017 849.16
236.954 841.095 275.528 850.636
234.477 842.339 273.234 851.997
232.194 843.529 271.109 853.284
230.093 844.639 269.156 854.482
228.165 845.633 267.314 855.569
226.34 846.487 265.592 856.493
224.56 847.149 263.867 857.22
222.863 847.611 262.233 857.731
221.16 847.853 260.566 858
219.344 847.651 258.853 858
217.614 847.229 257.13 857.658
215.983 846.459 255.459 856.98
214.497 845.377 253.903 855.977
213.166 844.016 252.482 854.694
211.99 842.443 251.225 853.191
210.943 840.674 250.078 851.485
210.015 838.669 249.07 849.592
209.177 836.492 248.136 847.463
208.42 834.203 247.265 845.213
207.685 831.757 246.417 842.8
206.966 829.169 245.584 840.278
206.235 826.5 244.741 837.701
205.491 823.728 243.879 835.005
204.727 820.873 242.968 832.209
203.96 817.947 242.033 829.315
203.189 814.945 241.108 826.375
202.388 811.853 240.12 823.319
201.557 808.685 239.132 820.234
200.707 805.447 238.097 817.038
199.838 802.169 237.044 813.817
198.959 798.853 235.993 810.57
198.078 795.512 234.947 807.284
197.208 792.134 233.882 803.967
196.331 788.727 232.793 800.574
195.394 785.296 231.68 797.192
194.407 781.832 230.51 793.781
193.372 778.362 229.302 790.337
192.268 774.863 228.045 786.873
191.105 771.352 226.702 783.388
189.9 767.803 225.311 779.888
188.697 764.215 223.93 776.331
187.525 760.573 222.599 772.755
186.417 756.875 221.322 769.148
185.391 753.14 220.121 765.457
184.425 749.376 218.985 761.73
183.506 745.586 217.901 757.968
182.631 741.76 216.86 754.187
181.8 737.921 215.847 750.406
180.996 734.046 214.864 746.58
180.235 730.165 213.899 742.713
179.509 726.267 212.941 738.853
178.783 722.358 211.998 735.016
178.061 718.433 211.082 731.141
177.362 714.485 210.201 727.248
176.684 710.485 209.327 723.299
176.012 706.524 208.483 719.359
175.367 702.573 207.654 715.464
174.772 698.664 206.874 711.593
174.209 694.786 206.117 707.764
173.665 690.971 205.401 703.956
173.12 687.194 204.682 700.238
172.61 683.453 203.965 696.534
172.111 679.757 203.244 692.871
171.62 676.075 202.529 689.213
171.117 672.425 201.834 685.601
170.597 668.791 201.111 681.976
170.062 665.158 200.394 678.382
169.508 661.516 199.672 674.769
168.924 657.856 198.931 671.157
168.354 654.165 198.177 667.48
167.787 650.47 197.455 663.835
167.242 646.76 196.745 660.154
166.712 643.034 196.044 656.466
166.162 639.299 195.319 652.73
165.603 635.547 194.62 649.033
165.02 631.781 193.904 645.26
164.408 627.99 193.147 641.457
163.795 624.166 192.395 637.663
163.189 620.333 191.609 633.833
162.586 616.486 190.839 630.062
162.004 612.637 190.071 626.246
161.404 608.796 189.313 622.399
160.758 604.972 188.549 618.579
160.134 601.135 187.755 614.672
159.496 597.273 186.979 610.803
158.84 593.366 186.208 606.973
158.209 589.447 185.433 603.106
157.581 585.515 184.667 599.171
156.943 581.558 183.895 595.21
156.315 577.585 183.114 591.228
155.693 573.602 182.349 587.265
155.098 569.612 181.597 583.33
154.495 565.632 180.844 579.337
153.883 561.636 180.064 575.367
153.275 557.662 179.262 571.346
152.657 553.7 178.499 567.381
152.007 549.736 177.731 563.432
151.335 545.781 176.913 559.491
150.702 541.83 176.135 555.581
150.111 537.863 175.31 551.645
149.566 533.878 174.524 547.679
149.071 529.886 173.744 543.747
148.583 525.892 172.982 539.761
148.098 521.9 172.235 535.845
147.615 517.906 171.49 531.895
147.079 513.925 170.718 527.955
146.557 509.928 169.909 524.013
145.991 505.947 169.129 520.091
145.414 501.984 168.346 516.165
144.839 498.023 167.516 512.198
144.237 494.067 166.689 508.289
143.642 490.087 165.831 504.35
143.094 486.101 165.004 500.405
142.52 482.109 164.172 496.463
141.954 478.12 163.358 492.517
141.409 474.121 162.574 488.573
140.866 470.117 161.779 484.63
140.33 466.129 160.991 480.686
139.803 462.17 160.223 476.834
139.285 458.259 159.464 472.971
138.767 454.381 158.71 469.184
138.265 450.537 157.975 465.394
137.782 446.703 157.249 461.624
137.327 442.89 156.544 457.83
136.905 439.065 155.882 454.07
136.518 435.237 155.258 450.251
136.143 431.414 154.627 446.431
135.825 427.592 154.044 442.604
135.543 423.737 153.519 438.793
135.27 419.908 153.038 434.982
135.036 416.031 152.579 431.118
134.86 412.167 152.165 427.258
134.73 408.319 151.816 423.438
134.658 404.516 151.511 419.637
134.623 400.769 151.229 415.906
134.596 397.08 150.986 412.206
134.623 393.46 150.796 408.632
134.665 389.904 150.62 405.08
134.743 386.395 150.482 401.568
134.849 382.945 150.365 398.135
134.972 379.565 150.287 394.779
135.132 376.245 150.255 391.507
135.334 373.018 150.262 388.286
135.557 369.861 150.3 385.137
135.839 366.777 150.396 382.085
136.226 363.792 150.601 379.117
136.739 360.891 150.928 376.235
137.359 358.081 151.404 373.391
138.112 355.303 151.988 370.584
138.966 352.535 152.682 367.77
139.894 349.806 153.447 364.99
140.896 347.157 154.291 362.293
141.971 344.579 155.204 359.66
143.13 342.085 156.207 357.106
144.392 339.674 157.308 354.658
145.777 337.332 158.539 352.277
147.331 335.074 159.934 349.966
149.057 332.893 161.502 347.718
150.967 330.772 163.267 345.538
153.05 328.763 165.22 343.426
155.287 326.913 167.372 341.441
157.696 325.211 169.648 339.628
160.258 323.696 172.11 337.973
162.973 322.395 174.734 336.526
165.833 321.315 177.494 335.324
168.823 320.456 180.4 334.302
171.915 319.752 183.477 333.422
175.094 319.154 186.594 332.649
178.357 318.621 189.8 331.948
181.671 318.108 193.113 331.257
184.954 317.552 196.512 330.592
188.361 317.015 199.992 329.917
191.811 316.499 203.5 329.221
195.303 315.956 207.007 328.483
198.81 315.371 210.518 327.694
202.32 314.728 214.027 326.853
205.855 314.019 217.571 325.921
209.382 313.21 221.067 324.91
212.874 312.314 224.56 323.786
216.282 311.316 227.938 322.567
219.602 310.212 231.192 321.256
222.829 308.97 234.323 319.839
225.893 307.618 237.309 318.309
228.857 306.133 240.167 316.658
231.705 304.51 242.926 314.878
234.404 302.795 245.52 313.007
236.964 301.022 247.993 311.075
239.357 299.192 250.242 309.135
241.573 297.348 252.373 307.148
243.583 295.531 254.286 305.216
245.364 293.745 255.954 303.33
246.928 292.003 257.401 301.528
248.256 290.313 258.608 299.772
249.318 288.712 259.563 298.116
250.17 287.138 260.327 296.481
250.789 285.6 260.845 294.906
251.166 284.02 261.14 293.297
251.314 282.347 261.23 291.639
251.209 280.686 261.03 289.964
250.772 279.031 260.514 288.319
250 277.363 259.659 286.646
248.863 275.742 258.438 285.051
247.391 274.2 256.874 283.554
245.604 272.718 255.03 282.121
243.607 271.249 252.993 280.75
241.483 269.657 250.839 279.266
239.256 267.931 248.531 277.638
236.942 266.063 246.166 275.887
234.573 264.061 243.722 273.974
232.194 261.911 241.275 271.952
229.829 259.643 238.811 269.797
227.459 257.286 236.316 267.525
225.118 254.818 233.874 265.172
222.795 252.268 231.431 262.711
220.54 249.684 229.068 260.226
218.379 247.15 226.804 257.764
216.332 244.689 224.642 255.363
214.447 242.297 222.666 253.069
212.739 239.986 220.834 250.827
211.155 237.8 219.15 248.73
209.645 235.806 217.557 246.822
208.154 234.063 215.977 245.132
206.643 232.599 214.401 243.723
205.051 231.389 212.741 242.579
203.386 230.454 211.029 241.726
201.569 229.804 209.135 241.149
199.653 229.469 207.155 240.883
197.649 229.449 205.133 240.992
195.695 229.809 203.133 241.436
193.758 230.546 201.207 242.243
191.873 231.576 199.332 243.361
190.008 232.787 197.463 244.655
188.028 234.076 195.516 246.004
185.893 235.39 193.433 247.39
183.61 236.706 191.17 248.801
181.165 238.005 188.74 250.177
178.517 239.254 186.147 251.518
175.727 240.407 183.371 252.776
172.707 241.421 180.457 253.921
169.604 242.358 177.453 255.019
166.445 243.209 174.378 256.007
163.27 243.975 171.217 256.885
160.019 244.71 168.031 257.76
156.737 245.397 164.812 258.603
153.408 246.036 161.56 259.389
150.09 246.635 158.277 260.142
146.806 247.228 155.012 260.853
143.505 247.802 151.761 261.547
140.209 248.367 148.537 262.229
136.935 248.927 145.314 262.906
133.701 249.482 142.143 263.604
130.512 250.041 138.999 264.307
127.369 250.623 135.897 265.055
124.28 251.272 132.844 265.864
121.227 251.988 129.846 266.741
118.236 252.796 126.9 267.707
115.296 253.71 123.998 268.755
112.411 254.794 121.151 269.952
109.55 256.074 118.335 271.317
106.765 257.559 115.628 272.897
104.058 259.195 112.995 274.645
101.451 260.984 110.474 276.527
98.9589 262.93 108.076 278.553
96.5608 265.038 105.759 280.754
94.2333 267.302 103.524 283.088
91.9927 269.682 101.426 285.556
89.8722 272.215 99.4475 288.175
87.8675 274.903 97.5786 290.953
85.9906 277.735 95.8467 293.858
84.244 280.71 94.2391 296.906
82.6191 283.777 92.7707 300.024
81.0797 286.969 91.3888 303.26
79.7843 290.233 90.2784 306.559
78.5686 293.653 89.2138 310.01
77.4715 297.091 88.2661 313.474
76.5076 300.591 87.4608 316.986
75.6843 304.118 86.8104 320.545
74.9937 307.692 86.3054 324.146
74.4485 311.298 85.9533 327.764
74.042 314.936 85.7332 331.421
73.7716 318.595 85.6593 335.115
73.7159 322.262 85.6885 338.781
73.7694 325.908 85.7697 342.485
73.817 329.552 85.9014 346.111
74.0003 333.173 86.091 349.74
74.1725 336.809 86.3174 353.365
74.3447 340.442 86.5728 356.983
74.5144 344.091 86.8763 360.596
74.6629 347.747 87.1727 364.216
74.7361 351.4 87.3975 367.821
74.7693 355.001 87.6108 371.405
74.8145 358.586 87.8294 374.999
74.7469 362.178 88.0135 378.597
74.6868 365.746 88.2039 382.165
74.5557 369.317 88.341 385.731
74.36 372.935 88.4134 389.297
74.1095 376.534 88.4078 392.874
73.8283 380.133 88.362 396.448
73.4764 383.717 88.2432 400.041
73.0623 387.295 88.0782 403.601
72.6356 390.839 87.8787 407.151
72.1237 394.366 87.5817 410.683
71.5856 397.91 87.238 414.211
70.9764 401.435 86.8321 417.753
70.3119 404.96 86.3652 421.29
69.6027 408.45 85.8532 424.808
68.8791 411.948 85.3644 428.355
68.1395 415.453 84.8284 431.882
67.4326 418.981 84.3083 435.398
66.7356 422.502 83.8133 438.94
66.0318 425.991 83.3294 442.481
65.3377 429.458 82.8568 446.009
64.6781 432.971 82.404 449.563
64.0923 436.565 82.0406 453.156
63.5388 440.166 81.7213 456.751
63.0895 443.78 81.514 460.382
62.6877 447.406 81.3598 463.993
62.3954 451.017 81.3116 467.582
62.1799 454.6 81.3189 471.162
62.0161 458.185 81.3705 474.739
61.8789 461.763 81.4472 478.326
61.7823 465.34 81.5443 481.908
61.7112 468.924 81.6909 485.517
61.6697 472.506 81.8709 489.093
61.6955 476.095 82.0801 492.654
61.7294 479.667 82.3357 496.21
61.8229 483.27 82.6329 499.813
61.9248 486.878 82.9213 503.415
62.0565 490.479 83.2584 507.012
62.176 494.118 83.5961 510.637
62.2667 497.774 83.9048 514.301
62.3309 501.484 84.2104 517.987
62.3836 505.245 84.5228 521.684
62.4568 509.016 84.8882 525.382
62.6397 512.801 85.3498 529.122
62.8684 516.638 85.8771 532.918
63.1064 520.457 86.4074 536.695
63.3672 524.259 86.9607 540.45
63.5936 528.082 87.477 544.244
63.8015 531.888 87.9645 547.986
64.0245 535.668 88.4475 551.708
64.2068 539.468 88.8994 555.464
64.3447 543.235 89.2944 559.193
64.4963 546.997 89.711 562.945
64.6319 550.743 90.1061 566.649
64.7492 554.463 90.4837 570.358
64.9146 558.167 90.9106 574.007
65.1037 561.867 91.3653 577.686
65.336 565.517 91.8602 581.287
65.5692 569.19 92.3557 584.902
65.7943 572.864 92.8533 588.55
65.9792 576.522 93.3309 592.214
66.1801 580.172 93.828 595.878
66.3623 583.853 94.3101 599.516
66.5384 587.515 94.7962 603.207
66.6823 591.169 95.2282 606.774
66.7776 594.811 95.6174 610.379
66.8904 598.42 96.0215 613.983
67.0267 602.043 96.4486 617.54
67.1775 605.623 96.8862 621.079
67.323 609.198 97.3163 624.61
67.4505 612.758 97.7362 628.141
67.6536 616.289 98.2516 631.658
67.8783 619.814 98.769 635.135
68.154 623.308 99.3479 638.609
68.437 626.8 99.933 642.059
68.7714 630.258 100.571 645.45
69.2026 633.695 101.293 648.816
69.6007 637.103 101.988 652.161
70.0368 640.489 102.713 655.499
70.5063 643.807 103.467 658.754
70.8928 647.161 104.144 662.053
71.2328 650.443 104.768 665.26
71.5802 653.721 105.375 668.492
71.9882 656.939 105.988 671.738
72.3052 660.204 106.56 674.953
72.6041 663.408 107.103 678.168
72.917 666.635 107.609 681.372
73.2426 669.852 108.127 684.573
73.6373 673.05 108.674 687.729
74.0277 676.284 109.296 690.928
74.4596 679.527 109.988 694.128
74.9507 682.82 110.74 697.346
75.4854 686.101 111.499 700.552
75.997 689.438 112.309 703.854
76.6208 692.818 113.163 707.153
77.2558 696.266 114.058 710.52
77.8609 699.72 114.959 713.908
78.457 703.252 115.865 717.389
79.0467 706.838 116.766 720.915
79.749 710.432 117.671 724.457
80.3778 714.088 118.556 728.004
80.985 717.795 119.491 731.601
81.5685 721.524 120.457 735.231
82.227 725.23 121.452 738.872
82.9716 728.932 122.483 742.497
83.7168 732.638 123.543 746.128
84.4614 736.34 124.671 749.748
85.2059 740.042 125.839 753.319
85.9883 743.735 127.037 756.921
86.8811 747.372 128.251 760.422
87.7702 751.019 129.497 763.956
88.6591 754.658 130.75 767.459
89.5688 758.256 132.008 770.912
90.5295 761.919 133.337 774.44
91.5044 765.495 134.666 777.903
92.5184 769.126 136.042 781.419
93.542 772.703 137.435 784.887
94.6153 776.302 138.852 788.335
95.6872 779.833 140.276 791.743
96.7646 783.369 141.737 795.171
97.858 786.888 143.192 798.511
98.9777 790.364 144.669 801.831
100.103 793.842 146.16 805.157
101.282 797.279 147.687 808.461
102.48 800.701 149.246 811.764
103.707 804.08 150.788 814.993
104.948 807.449 152.364 818.267
106.192 810.798 153.915 821.428
107.467 814.117 155.501 824.603
108.775 817.411 157.105 827.735
110.078 820.69 158.723 830.878
111.337 823.917 160.289 833.951
112.596 827.083 161.866 836.965
113.863 830.153 163.467 839.902
115.118 833.167 165.021 842.759
116.424 836.129 166.61 845.559
117.895 839.037 168.35 848.306
119.448 841.885 170.151 850.948
121.089 844.702 172.1 853.573
122.872 847.291 174.077 856.096
124.724 849.811 176.146 858.581
126.576 852.33 178.283 860.94
128.427 854.849 180.448 863.214
130.277 857.367 182.577 865.352
132.127 859.884 184.682 867.395
133.992 862.015 186.767 869.296
135.815 864.035 188.796 871.093
137.605 865.988 190.805 872.866
139.298 867.836 192.693 874.507
140.919 869.609 194.505 876.082
142.486 871.338 196.231 877.613
143.941 872.954 197.853 879.054
145.3 874.413 199.359 880.354
146.559 875.662 200.737 881.444
147.651 876.418 201.984 882.308
148.686 877.021 203.089 882.94
149.713 877.624 204.106 883.488
150.732 878.228 205.19 883.873
151.743 878.832 206.261 884.159
152.808 879.342 207.459 884.306
154.069 879.517 208.749 884.324
155.413 879.479 210.134 884.224
156.889 879.272 211.57 883.887
158.478 878.882 213.106 883.362
160.135 878.287 214.696 882.637
161.86 877.489 216.36 881.7
163.673 876.563 218.088 880.65
165.594 875.53 219.926 879.479
167.624 874.437 221.836 878.244
169.77 873.29 223.897 876.948
172.036 872.094 226.035 875.646
174.385 870.862 228.296 874.284
176.855 869.589 230.676 872.809
179.401 868.288 233.088 871.314
181.975 866.97 235.506 869.798
184.537 865.64 237.924 868.218
187.062 864.285 240.279 866.62
189.539 862.925 242.565 865.035
191.919 861.611 244.796 863.48
194.207 860.316 246.932 861.95
196.343 858.956 248.949 860.514
198.368 857.888 250.92 859.209
200.275 856.919 252.805 858.023
202.194 856.086 254.676 856.996
204.074 855.496 256.49 856.241
205.96 855.184 258.308 855.767
207.864 855.202 260.148 855.608
209.714 855.529 261.974 855.751
211.499 856.221 263.771 856.268
213.188 857.108 265.51 857.118
214.784 858.522 267.182 858.32
216.227 860.19 268.743 859.828
217.589 862.1 270.261 861.595
218.87 864.194 271.716 863.527
220.036 866.492 273.078 865.672
221.092 868.955 274.382 868.059
222.159 871.551 275.693 870.527
223.261 874.233 277.052 873.091
224.402 877.003 278.431 875.715
225.538 879.835 279.81 878.401
226.647 882.714 281.199 881.195
227.713 885.606 282.55 883.983
228.73 888.499 283.821 886.745
229.74 891.365 285.095 889.487
230.756 894.19 286.367 892.198
231.798 896.976 287.685 894.885
232.862 899.689 288.998 897.44
234.006 902.314 290.399 899.97
235.284 904.78 291.902 902.29
236.717 907.107 293.544 904.463
238.298 909.283 295.343 906.481
240.026 911.28 297.25 908.308
241.9 913.108 299.27 909.936
243.969 914.753 301.421 911.397
246.167 916.201 303.705 912.625
248.519 917.426 306.083 913.632
250.971 918.373 308.565 914.421
253.54 919.16 311.191 914.979
256.24 919.688 313.892 915.276
259.065 919.966 316.694 915.32
262.005 920.093 319.625 915.196
265.033 920.081 322.62 914.924
268.21 920.078 325.708 914.523
271.495 919.927 328.86 914
274.82 919.698 332.073 913.436
278.229 919.336 335.329 912.786
281.675 918.885 338.672 912.06
285.134 918.346 342.049 911.258
288.623 917.729 345.469 910.369
292.133 917.014 348.905 909.418
295.617 916.238 352.341 908.373
299.091 915.358 355.734 907.276
302.533 914.354 359.062 906.095
305.943 913.31 362.42 904.818
309.312 912.191 365.595 903.539
312.68 911.045 368.846 902.144
316.062 909.902 372.115 900.74
319.45 908.753 375.411 899.33
322.84 907.56 378.65 897.894
326.249 906.356 381.941 896.433
329.691 905.14 385.229 894.969
333.195 903.901 388.607 893.456
336.755 902.625 392.067 891.9
340.384 901.328 395.574 890.309
344.065 899.969 399.134 888.666
347.77 898.591 402.698 886.978
351.402 897.221 406.173 885.291
354.975 895.841 409.613 883.601
358.485 894.464 412.959 881.936
361.949 893.084 416.295 880.271
365.336 891.733 419.553 878.643
368.619 890.389 422.715 877.03
371.75 889.112 425.715 875.504
374.682 887.919 428.54 874.073
377.389 886.825 431.14 872.745
379.875 885.837 433.524 871.547
382.178 884.932 435.713 870.44
384.328 884.1 437.737 869.411
386.401 883.311 439.688 868.426
388.377 882.537 441.584 867.482
390.309 881.775 443.47 866.557
392.306 880.994 445.396 865.598
394.378 880.162 447.4 864.595
396.55 879.262 449.496 863.515
398.842 878.315 451.722 862.385
401.26 877.339 454.066 861.208
403.79 876.325 456.511 859.974
406.436 875.291 459.112 858.702
409.217 874.214 461.79 857.377
412.118 873.111 464.548 856.023
415.119 871.96 467.38 854.62
418.218 870.771 470.319 853.173
421.393 869.52 473.384 851.636
424.627 868.193 476.452 850.07
427.915 866.772 479.571 848.398
431.248 865.255 482.779 846.604
434.552 863.69 485.954 844.765
437.807 862.082 489.128 842.841
440.967 860.444 492.045 841.006
444.049 858.817 494.929 839.137
447.069 857.194 497.794 837.247
450.037 855.607 500.596 835.4
452.945 854.081 503.315 833.639
455.778 852.654 505.977 831.973
458.468 851.383 508.508 830.463
460.991 850.198 510.908 829.07
463.427 849.07 513.25 827.72
465.788 847.991 515.495 826.425
468.095 846.951 517.695 825.179
470.367 845.937 519.869 823.971
472.708 844.898 522.095 822.735
475.122 843.8 524.404 821.414
477.587 842.684 526.762 820.105
480.152 841.532 529.248 818.717
482.766 840.339 531.735 817.287
485.445 839.143 534.285 815.855
488.188 837.891 536.88 814.37
490.987 836.623 539.493 812.879
493.803 835.351 542.149 811.387
496.625 834.094 544.862 809.869
499.474 832.81 547.582 808.356
502.358 831.503 550.313 806.822
505.287 830.237 553.085 805.285
508.248 828.948 555.888 803.746
511.244 827.658 558.716 802.188
514.267 826.347 561.549 800.621
517.328 825.031 564.426 799.061
520.388 823.719 567.326 797.5
523.389 822.42 570.158 795.95
526.283 821.19 572.912 794.472
529.057 820.024 575.533 793.055
531.705 818.934 578.042 791.747
534.227 817.916 580.436 790.521
536.657 816.947 582.74 789.34
539.023 815.953 584.984 788.153
541.317 814.866 587.163 786.857
543.532 813.689 589.235 785.485
545.687 812.397 591.246 783.972
547.735 810.972 593.116 782.37
549.629 809.339 594.812 780.541
551.298 807.502 596.292 778.532
552.78 805.465 597.553 776.311
554.025 803.123 598.596 773.883
555.054 800.604 599.342 771.253
555.834 797.891 599.817 768.464
556.486 795.032 600.156 765.588
557.103 792.044 600.438 762.577
557.707 788.951 600.707 759.475
558.314 785.757 600.97 756.236
558.963 782.48 601.259 752.931
559.664 779.132 601.587 749.545
560.383 775.703 601.918 746.078
561.144 772.19 602.282 742.511
561.956 768.606 602.679 738.899
562.794 764.921 603.067 735.18
563.666 761.195 603.484 731.434
564.512 757.439 603.876 727.636
565.36 753.692 604.267 723.851
566.202 749.956 604.654 720.087
567.039 746.21 605.037 716.288
567.914 742.455 605.454 712.446
568.81 738.7 605.899 708.614
569.652 734.949 606.296 704.803
570.504 731.165 606.677 700.985
571.382 727.391 607.096 697.219
572.231 723.646 607.49 693.47
573.054 719.905 607.868 689.699
573.89 716.163 608.261 685.895
574.719 712.405 608.633 682.062
575.527 708.64 608.997 678.24
576.261 704.87 609.275 674.44
576.931 701.064 609.475 670.579
577.576 697.235 609.639 666.734
578.192 693.375 609.775 662.818
578.779 689.496 609.879 658.995
579.346 685.592 609.965 655.098
579.857 681.665 610.002 651.137
580.311 677.721 609.993 647.16
580.759 673.746 609.969 643.153
581.155 669.796 609.906 639.171
581.511 665.866 609.798 635.248
581.823 661.97 609.648 631.366
582.078 658.113 609.435 627.504
582.274 654.275 609.189 623.703
582.438 650.427 608.894 619.865
582.6 646.577 608.618 616.039
582.754 642.694 608.285 612.177
582.851 638.813 607.911 608.336
582.899 634.89 607.495 604.461
582.982 630.95 607.104 600.525
583.073 627.003 606.712 596.583
583.192 623.062 606.34 592.682
583.329 619.143 606.012 588.781
583.475 615.224 605.672 584.901
583.626 611.282 605.336 580.974
583.721 607.341 605.033 577.041
583.834 603.396 604.72 573.094
583.934 599.462 604.387 569.181
584.036 595.563 604.067 565.287
584.162 591.689 603.766 561.39
584.227 587.868 603.455 557.544
584.318 584.024 603.137 553.702
584.499 580.193 602.917 549.839
584.808 576.397 602.796 545.988
585.239 572.636 602.801 542.188
585.797 568.901 602.936 538.407
586.481 565.194 603.16 534.632
587.248 561.508 603.477 530.925
588.03 557.836 603.795 527.214
588.839 554.172 604.122 523.496
589.674 550.509 604.492 519.801
590.516 546.867 604.869 516.125
591.344 543.262 605.232 512.441
592.132 539.699 605.571 508.82
592.828 536.163 605.811 505.249
593.46 532.659 606.001 501.717
594.032 529.277 606.15 498.282
594.555 526.081 606.283 495.043
595.076 523.073 606.425 492.032
595.617 520.255 606.601 489.192
596.166 517.627 606.812 486.516
596.705 515.143 607.03 483.97
597.195 512.833 607.224 481.627
597.576 510.694 607.326 479.461
597.787 508.668 607.297 477.409
597.747 506.65 607.045 475.397
597.515 504.698 606.571 473.473
597.07 502.8 605.911 471.633
596.402 500.998 604.973 469.904
595.439 499.229 603.777 468.231
594.162 497.527 602.304 466.689
592.514 495.901 600.527 465.294
590.636 494.533 598.513 464.168
588.5 493.343 596.293 463.24
586.179 492.279 593.886 462.48
583.739 491.279 591.347 461.8
581.167 490.216 588.672 461.083
578.491 489.084 585.896 460.293
575.724 487.862 583.003 459.423
572.905 486.555 580.042 458.47
570.042 485.191 577.032 457.463
567.169 483.76 574.009 456.393
564.281 482.28 570.959 455.274
561.35 480.77 567.878 454.141
558.406 479.262 564.767 453.013
555.377 477.743 561.6 451.867
552.349 476.23 558.418 450.724
549.309 474.657 555.235 449.53
546.268 473.067 552.071 448.313
543.206 471.46 548.865 447.086
540.123 469.845 545.651 445.867
537.056 468.228 542.398 444.618
534.039 466.621 539.201 443.353
531.07 465.042 536.068 442.145
528.19 463.496 533.024 440.932
525.393 461.985 530.061 439.739
522.696 460.483 527.208 438.542
520.139 459.018 524.506 437.371
517.756 457.609 521.954 436.223
515.545 456.272 519.581 435.132
513.469 454.993 517.369 434.087
511.515 453.792 515.287 433.119
509.647 452.753 513.337 432.282
507.816 451.953 511.429 431.685
506.025 451.375 509.551 431.298
504.164 451.057 507.648 431.19
502.213 450.956 505.751 431.339
500.36 451.175 503.915 431.767
498.532 451.717 502.157 432.514
496.762 452.595 500.493 433.57
495.085 453.803 498.951 434.957
493.513 455.371 497.563 436.711
492.14 457.192 496.373 438.753
490.9 459.329 495.339 441.063
489.697 461.689 494.346 443.608
488.436 464.217 493.328 446.294
487.065 466.91 492.236 449.145
485.59 469.753 491.058 452.163
484.01 472.74 489.816 455.314
482.314 475.837 488.499 458.571
480.567 479.018 487.109 461.974
478.767 482.283 485.695 465.454
476.977 485.484 484.24 468.893
475.15 488.77 482.76 472.455
473.327 492.02 481.276 475.95
471.476 495.303 479.769 479.49
469.568 498.617 478.256 482.993
467.651 501.959 476.72 486.558
465.708 505.334 475.141 490.163
463.769 508.732 473.592 493.756
461.845 512.162 472.062 497.35
459.92 515.621 470.541 500.997
457.939 519.113 469.009 504.631
455.953 522.62 467.476 508.335
453.935 526.117 465.917 512.028
451.929 529.614 464.341 515.749
449.965 533.135 462.754 519.481
448.01 536.687 461.196 523.253
446.054 540.236 459.647 527.023
444.056 543.808 458.09 530.775
442.049 547.418 456.519 534.572
440.038 551.029 454.951 538.361
438.025 554.635 453.343 542.199
435.978 558.237 451.706 545.992
433.919 561.855 450.049 549.807
431.843 565.47 448.394 553.631
429.768 569.108 446.752 557.374
427.668 572.748 445.125 561.082
425.538 576.435 443.432 564.883
423.436 580.101 441.818 568.658
421.319 583.768 440.086 572.551
419.22 587.449 438.386 576.473
417.12 591.135 436.705 580.354
415.005 594.833 435.035 584.19
412.888 598.541 433.336 588.091
410.755 602.262 431.608 591.996
408.649 605.999 429.898 595.917
406.499 609.72 428.143 599.828
404.35 613.458 426.357 603.839
402.22 617.159 424.612 607.736
400.144 620.804 422.876 611.664
398.088 624.376 421.184 615.406
396.094 627.872 419.544 619.084
394.096 631.364 417.898 622.744
392.096 634.841 416.23 626.431
390.122 638.266 414.629 629.951
388.138 641.719 413.017 633.535
386.19 645.182 411.413 637.082
384.289 648.627 409.813 640.67
382.388 652.006 408.232 644.201
380.474 655.357 406.663 647.667
378.504 658.701 405.039 651.15
376.495 662.062 403.423 654.647
374.499 665.373 401.831 658.114
372.495 668.759 400.186 661.678
370.504 672.183 398.571 665.257
368.47 675.625 396.906 668.943
366.423 679.125 395.298 672.658
364.371 682.65 393.642 676.443
362.295 686.176 392.006 680.205
360.227 689.736 390.376 684.002
358.182 693.297 388.853 687.582
356.11 696.851 387.235 691.293
354.086 700.357 386.102 693.987
352.038 703.86 384.769 697.097
350.009 707.354 383.822 699.424
347.983 710.856 382.799 702.019
345.942 714.321 381.278 705.51
343.906 717.779 379.634 709.152
341.89 721.227 378.187 712.336
339.882 724.655 376.568 715.936
337.869 728.103 375.063 719.345
335.866 731.572 373.89 722.002
333.967 735.105 372.257 725.679
332.131 738.707 370.578 729.483
330.109 742.326 368.924 733.299
328.053 745.993 366.867 737.925
325.96 749.695 365.164 741.747
323.882 753.401 363.435 745.609
321.81 757.046 361.865 749.057
319.689 760.664 360.439 752.247
317.596 764.289 358.889 755.537
315.555 767.893 357.116 759.249
313.515 771.526 355.316 763.017
311.451 775.12 353.492 766.753
309.357 778.629 351.657 770.421
307.195 782.05 349.769 774.012
304.937 785.448 347.799 777.585
302.592 788.799 346.096 780.807
300.154 792.111 344.39 783.665
297.624 795.375 342.31 787.019
294.927 798.539 340.189 790.231
292.186 801.679 338.107 793.18
289.192 804.696 335.591 796.599
286.151 807.624 333.029 799.827
283.065 810.476 330.17 803.242
280.007 813.214 327.269 806.471
276.942 815.904 324.085 809.832
273.811 818.494 321.181 812.718
270.606 820.961 318.369 815.322
267.321 823.304 315.437 817.863
264.005 825.568 312.47 820.352
260.658 827.735 309.26 822.903
257.273 829.814 305.999 825.381
253.862 831.809 302.632 827.821
250.447 833.761 299.456 830.089
247.053 835.653 296.21 832.346
243.677 837.477 293.061 834.495
240.296 839.294 289.933 836.63
236.906 841.09 286.821 838.723
233.51 842.896 283.685 840.84
230.131 844.723 280.673 842.927
226.769 846.515 277.538 845.078
223.408 848.268 274.429 847.165
220.026 849.991 271.305 849.235
216.653 851.728 268.226 851.326
213.27 853.442 265.058 853.347
209.881 855.139 261.896 855.364
206.469 856.885 258.726 857.421
203.01 858.62 255.514 859.478
199.503 860.363 252.265 861.573
196.003 862.107 249.025 863.67
192.527 863.893 245.819 865.788
189.07 865.687 242.642 867.89
185.623 867.526 239.461 870.065
182.189 869.363 236.234 872.182
178.751 871.211 233.016 874.265
175.314 873.051 229.765 876.315
171.878 874.938 226.529 878.348
168.464 876.882 223.261 880.497
165.094 878.899 220.075 882.766
161.794 881.04 216.99 885.133
158.554 883.316 213.962 887.722
155.369 885.727 211.098 890.404
152.279 888.277 208.345 893.239
149.259 890.897 205.633 896.149
146.298 893.633 202.981 899.098
143.342 896.378 200.353 902.072
140.42 899.149 197.794 905.084
137.429 901.883 195.189 908.072
134.431 904.585 192.524 911.064
131.43 907.269 189.845 914.038
128.4 909.943 187.117 916.957
125.387 912.606 184.389 919.872
122.446 915.312 181.778 922.857
