1.11022e-16 -2.22045e-16 0 0
0.00326721 4.56632 -0.019749 4.6062
-0.0317161 9.09912 -0.0714262 9.17401
-0.0819517 13.5874 -0.118862 13.668
-0.172757 18.0428 -0.198518 18.1287
-0.267875 22.4516 -0.268522 22.5796
-0.3584 26.802 -0.368165 26.9521
-0.442803 31.082 -0.463632 31.235
-0.523018 35.272 -0.532869 35.4569
-0.611006 39.3302 -0.620662 39.5572
-0.673187 43.2396 -0.671656 43.4498
-0.695957 46.9775 -0.669825 47.2579
-0.690361 50.6055 -0.652613 50.863
-0.609462 54.133 -0.538953 54.3864
-0.411112 57.5311 -0.307369 57.8222
-0.0302795 60.8073 0.0914198 61.1129
0.568852 63.9407 0.698908 64.261
1.40058 66.9039 1.53367 67.2369
2.44516 69.7024 2.56894 70.0383
3.69718 72.3001 3.84099 72.6565
5.17192 74.7404 5.34074 75.101
6.85296 76.9419 7.03439 77.2938
8.7508 78.9059 8.94627 79.3013
10.8235 80.6343 11.016 81.0283
13.0662 82.1784 13.2862 82.527
15.5049 83.5264 15.7586 83.8136
18.1013 84.5888 18.3775 84.8445
20.8532 85.3395 21.1402 85.5505
23.7041 85.7577 23.977 85.9452
26.5967 85.9035 26.9094 86.0412
29.5391 85.86 29.8554 85.9803
32.4955 85.6697 32.8119 85.7556
35.4739 85.4193 35.7951 85.4683
38.4794 85.1509 38.8346 85.1424
41.5231 84.8401 41.8916 84.834
44.5916 84.5127 44.9627 84.4702
47.6986 84.1597 48.0814 84.1028
50.8513 83.7804 51.2736 83.7262
54.0213 83.3701 54.4428 83.3074
57.2365 82.9632 57.6579 82.9045
60.4841 82.5645 60.9217 82.4992
63.8016 82.1266 64.2254 82.0758
67.1153 81.6713 67.5445 81.5762
70.485 81.2487 70.9205 81.1487
73.8891 80.8314 74.3213 80.7347
77.3395 80.4029 77.7811 80.31
80.8144 79.9819 81.2647 79.8851
84.3116 79.5606 84.8297 79.4433
87.8431 79.133 88.4134 79.0249
91.4527 78.7121 92.0247 78.5756
95.1091 78.3026 95.6986 78.1526
98.8021 77.9398 99.4236 77.7268
102.538 77.5777 103.178 77.297
106.283 77.1826 106.958 76.8412
110.002 76.7638 110.682 76.3877
113.691 76.2531 114.382 75.8287
117.341 75.5813 118.011 75.0877
120.904 74.7513 121.582 74.1912
124.438 73.7857 125.089 73.2526
127.883 72.6519 128.498 72.0818
131.254 71.3617 131.855 70.753
134.529 69.9313 135.126 69.3005
137.742 68.3285 138.286 67.6454
140.927 66.5467 141.472 65.8291
144.031 64.5748 144.549 63.8299
147.051 62.4063 147.561 61.6122
149.969 60.0493 150.452 59.214
152.782 57.5042 153.241 56.6398
155.437 54.7466 155.88 53.8347
157.947 51.7529 158.272 50.8726
160.28 48.6346 160.427 47.6952
162.349 45.3533 162.354 44.3613
164.18 41.9467 164.076 40.9522
165.831 38.4478 165.616 37.4413
167.335 34.862 167.026 33.8468
168.691 31.2428 168.284 30.2303
169.969 27.5822 169.529 26.5146
171.127 23.9002 170.747 22.8606
172.263 20.2213 171.913 19.1913
173.377 16.5991 173.101 15.5128
174.627 13.0043 174.345 11.8989
175.943 9.44218 175.641 8.32962
177.357 5.91709 177.058 4.74981
178.929 2.43498 178.601 1.25832
180.676 -0.971876 180.281 -2.14074
182.554 -4.25248 182.123 -5.48591
184.561 -7.38468 184.118 -8.64848
186.751 -10.3688 186.304 -11.6759
189.117 -13.1356 188.622 -14.4756
191.666 -15.6569 191.186 -17.0354
194.386 -17.9312 193.929 -19.3772
197.226 -19.9808 196.772 -21.4291
200.272 -21.743 199.788 -23.1698
203.448 -23.2032 203.052 -24.6634
206.759 -24.3252 206.314 -25.7783
210.184 -25.0682 209.775 -26.5529
213.631 -25.4245 213.173 -26.9517
217.117 -25.4075 216.66 -26.9794
220.572 -25.0398 220.133 -26.684
224.021 -24.3637 223.595 -26.0628
227.43 -23.3729 226.986 -25.1224
230.747 -22.0587 230.318 -23.8587
233.928 -20.4438 233.534 -22.2951
237.02 -18.5268 236.633 -20.4526
239.961 -16.3559 239.581 -18.3396
242.78 -13.9846 242.396 -16.0084
245.458 -11.4141 245.11 -13.4765
247.997 -8.67439 247.658 -10.7689
250.391 -5.75931 250.088 -7.86068
252.656 -2.68667 252.375 -4.81341
254.807 0.534019 254.559 -1.62561
256.864 3.86241 256.65 1.68393
258.884 7.26327 258.724 5.07655
260.878 10.7183 260.755 8.50913
262.829 14.2226 262.717 11.9286
264.742 17.7459 264.695 15.4763
266.638 21.2661 266.62 18.9728
268.528 24.7861 268.561 22.4704
270.375 28.3342 270.488 25.9624
272.22 31.9178 272.431 29.4959
274.125 35.5022 274.396 33.0774
276.051 39.0601 276.367 36.6504
277.99 42.6653 278.343 40.2581
279.913 46.3018 280.32 43.8614
281.776 49.9499 282.243 47.4059
283.563 53.5327 284.123 50.9307
285.357 57.0568 285.977 54.4362
287.076 60.5365 287.748 57.8952
288.712 63.9549 289.493 61.2773
290.294 67.2891 291.157 64.5966
291.871 70.5598 292.849 67.8388
293.538 73.7536 294.607 71.0183
295.351 76.8646 296.488 74.122
297.262 79.8928 298.525 77.1129
299.368 82.772 300.716 79.9653
301.655 85.4444 303.085 82.5918
304.13 87.8737 305.654 84.994
306.796 90.0097 308.412 87.1033
309.61 91.8153 311.299 88.8565
312.541 93.288 314.323 90.3094
315.59 94.4249 317.451 91.3696
318.731 95.2311 320.613 92.1415
321.947 95.719 323.836 92.5293
325.202 95.8751 327.036 92.5785
328.404 95.6725 330.222 92.2569
331.635 95.086 333.34 91.6391
334.756 94.1719 336.343 90.6556
337.637 92.9633 339.242 89.3425
340.363 91.4611 341.998 87.6926
342.964 89.6922 344.574 85.7403
345.403 87.5792 346.941 83.4386
347.592 85.0926 349.065 80.843
349.463 82.3215 350.855 78.0317
351.003 79.3978 352.308 75.0782
352.204 76.4028 353.428 72.0231
353.108 73.3065 354.241 68.9088
353.811 70.0966 354.858 65.7741
354.465 66.8891 355.413 62.5505
355.047 63.6646 355.864 59.3334
355.5 60.4491 356.241 56.1398
355.867 57.2961 356.541 52.988
356.198 54.2082 356.799 49.9188
356.526 51.2211 357.087 46.9191
356.961 48.3694 357.461 44.0731
357.539 45.7525 357.961 41.4067
358.275 43.3888 358.631 39.0172
359.267 41.2389 359.553 36.8527
360.572 39.3738 360.801 34.9702
362.156 37.8355 362.325 33.4138
363.974 36.6383 364.081 32.1766
366.08 35.7611 366.139 31.2594
368.547 35.2345 368.479 30.6793
371.148 35.0451 370.963 30.4123
373.9 35.1753 373.677 30.4692
376.698 35.6111 376.494 30.8203
379.471 36.3228 379.314 31.4425
382.212 37.2945 382.045 32.2945
384.868 38.518 384.734 33.4167
387.364 39.9919 387.306 34.8168
389.702 41.7807 389.706 36.5179
391.803 43.8392 391.91 38.5066
393.689 46.099 393.885 40.6815
395.384 48.4743 395.683 43.0067
396.942 50.9283 397.339 45.4271
398.326 53.4501 398.823 47.9131
399.545 56.0526 400.145 50.4794
400.58 58.7289 401.297 53.091
401.391 61.4866 402.236 55.8175
401.978 64.3331 402.953 58.6511
402.335 67.2503 403.44 61.5701
402.475 70.2597 403.697 64.6083
402.447 73.356 403.777 67.7214
402.342 76.5409 403.77 70.9424
402.229 79.8055 403.734 74.2443
402.075 83.1563 403.67 77.5947
401.928 86.5971 403.56 81.0714
401.722 90.1133 403.413 84.5955
401.456 93.7374 403.253 88.2146
401.169 97.4389 403.091 91.8878
400.835 101.197 402.878 95.6366
400.479 104.981 402.639 99.418
400.087 108.745 402.403 103.16
399.638 112.494 402.089 106.904
399.139 116.227 401.725 110.659
398.603 119.925 401.337 114.367
398.025 123.612 400.889 118.043
397.409 127.315 400.423 121.757
396.829 131.013 400.005 125.449
396.222 134.688 399.554 129.121
395.602 138.282 399.13 132.785
395.033 141.882 398.736 136.428
394.484 145.488 398.343 140.078
393.961 149.092 397.938 143.704
393.457 152.725 397.593 147.383
392.964 156.362 397.249 151.038
392.474 160.012 396.899 154.717
391.988 163.682 396.561 158.399
391.511 167.361 396.241 162.11
391.038 171.04 395.91 165.818
390.574 174.743 395.594 169.533
390.11 178.441 395.276 173.24
389.663 182.148 394.975 176.972
389.244 185.892 394.722 180.73
388.895 189.678 394.555 184.493
388.606 193.461 394.432 188.284
388.393 197.25 394.371 192.073
388.242 201.059 394.367 195.875
388.167 204.844 394.457 199.65
388.165 208.657 394.59 203.463
388.226 212.467 394.802 207.247
388.338 216.277 395.05 211.088
388.518 220.1 395.365 214.879
388.781 223.924 395.776 218.702
389.11 227.762 396.241 222.501
389.52 231.6 396.801 226.309
390.001 235.455 397.44 230.144
390.533 239.323 398.125 233.979
391.126 243.192 398.886 237.82
391.817 247.083 399.734 241.684
392.447 250.991 400.655 245.562
393.193 254.933 401.693 249.422
394.13 258.841 402.848 253.267
395.212 262.726 404.093 257.101
396.381 266.56 405.395 260.868
397.592 270.309 406.783 264.56
398.916 273.988 408.206 268.215
400.262 277.62 409.672 271.812
401.675 281.23 411.187 275.384
403.099 284.836 412.731 278.934
404.553 288.369 414.295 282.446
405.981 291.859 415.841 285.895
407.397 295.286 417.37 289.251
408.788 298.654 418.887 292.568
410.16 301.971 420.387 295.82
411.533 305.249 421.881 299.03
412.91 308.514 423.386 302.26
414.286 311.815 424.898 305.494
415.632 315.158 426.415 308.78
416.955 318.555 427.99 312.113
418.357 321.95 429.671 315.433
419.919 325.361 431.467 318.743
421.62 328.773 433.334 322.037
423.465 332.205 435.363 325.361
425.389 335.648 437.471 328.717
427.394 339.062 439.624 331.983
429.441 342.427 441.866 335.273
431.503 345.736 444.086 338.446
433.556 349.038 446.328 341.642
435.647 352.345 448.59 344.827
437.738 355.674 450.857 348.06
439.859 359.02 453.153 351.309
441.938 362.355 455.414 354.557
444.012 365.708 457.652 357.797
446.074 369.043 459.898 361.016
448.108 372.393 462.13 364.232
450.106 375.749 464.358 367.453
452.078 379.076 466.604 370.663
454.073 382.382 468.857 373.847
456.15 385.672 471.136 377.023
458.225 388.968 473.435 380.196
460.352 392.206 475.753 383.301
462.503 395.388 478.086 386.366
464.569 398.42 480.347 389.277
466.632 401.347 482.591 392.092
468.654 404.222 484.768 394.854
470.658 407.039 486.926 397.553
472.678 409.784 489.071 400.189
474.657 412.487 491.191 402.776
476.593 415.139 493.26 405.304
478.496 417.711 495.274 407.755
480.372 420.213 497.259 410.133
482.195 422.603 499.212 412.413
483.956 424.844 501.077 414.548
485.629 426.924 502.866 416.548
487.191 428.866 504.54 418.403
488.699 430.731 506.152 420.161
490.108 432.492 507.643 421.822
491.375 434.139 508.999 423.379
492.522 435.661 510.243 424.824
493.585 437.089 511.391 426.193
494.602 438.499 512.498 427.522
495.494 439.943 513.474 428.896
496.198 441.456 514.27 430.351
496.643 443.039 514.809 431.883
496.895 444.688 515.149 433.512
496.838 446.434 515.242 435.238
496.587 448.236 515.109 437.038
496.021 450.036 514.708 438.881
495.317 451.881 514.104 440.744
494.383 453.715 513.287 442.633
493.358 455.592 512.385 444.593
492.26 457.525 511.419 446.598
491.139 459.532 510.429 448.677
489.969 461.583 509.377 450.842
488.779 463.722 508.314 453.07
487.528 465.987 507.206 455.381
486.242 468.333 506.056 457.769
484.929 470.75 504.865 460.237
483.595 473.197 503.664 462.748
482.241 475.68 502.434 465.273
480.881 478.18 501.188 467.859
479.507 480.715 499.962 470.47
478.14 483.25 498.704 473.115
476.742 485.777 497.444 475.692
475.327 488.358 496.183 478.337
473.906 490.923 494.933 480.928
472.464 493.499 493.656 483.59
471.031 496.049 492.383 486.204
469.654 498.494 491.136 488.748
468.311 500.884 489.956 491.189
467.003 503.201 488.802 493.559
465.768 505.386 487.708 495.799
464.618 507.421 486.683 497.891
463.563 509.303 485.75 499.816
462.582 511.077 484.883 501.622
461.621 512.828 484.036 503.398
460.699 514.516 483.218 505.137
459.826 516.112 482.448 506.754
459.036 517.583 481.746 508.261
458.313 518.912 481.098 509.605
457.589 520.177 480.449 510.898
456.757 521.359 479.716 512.141
455.798 522.446 478.826 513.292
454.695 523.355 477.79 514.271
453.457 523.963 476.59 515.024
452.01 524.448 475.184 515.597
450.37 524.665 473.599 515.944
448.646 524.629 471.862 515.994
446.854 524.242 470.041 515.718
445.001 523.579 468.146 515.174
443.054 522.715 466.176 514.397
441.07 521.622 464.157 513.415
439.069 520.385 462.086 512.286
437.068 519.08 460.021 511.105
435.132 517.711 457.991 509.822
433.249 516.276 456.037 508.497
431.409 514.773 454.119 507.095
429.654 513.188 452.29 505.635
427.979 511.552 450.501 504.087
426.376 509.873 448.781 502.495
424.896 508.16 447.165 500.862
423.477 506.387 445.595 499.152
422.152 504.604 444.121 497.43
420.895 502.757 442.732 495.653
419.699 500.848 441.384 493.81
418.553 498.879 440.075 491.89
417.436 496.852 438.806 489.918
416.341 494.77 437.562 487.877
415.299 492.613 436.356 485.776
414.283 490.4 435.157 483.608
413.291 488.174 434.011 481.444
412.307 485.928 432.854 479.24
411.321 483.66 431.71 477.015
410.386 481.37 430.617 474.769
409.484 479.07 429.556 472.516
408.606 476.771 428.536 470.241
407.748 474.482 427.56 468.012
406.916 472.194 426.577 465.732
406.106 469.924 425.641 463.538
405.322 467.714 424.726 461.359
404.581 465.613 423.868 459.317
403.881 463.647 423.05 457.409
403.196 461.843 422.285 455.627
402.564 460.074 421.514 453.918
401.947 458.306 420.766 452.199
401.297 456.549 419.988 450.499
400.651 454.77 419.21 448.765
399.997 452.985 418.427 447.036
399.33 451.126 417.623 445.23
398.618 449.218 416.772 443.364
397.822 447.25 415.852 441.458
396.97 445.208 414.864 439.475
396.116 443.117 413.857 437.443
395.211 440.968 412.801 435.365
394.288 438.749 411.707 433.246
393.342 436.498 410.602 431.09
392.359 434.222 409.496 428.891
391.344 431.908 408.348 426.673
390.286 429.532 407.143 424.378
389.178 427.104 405.892 422.05
388.002 424.633 404.569 419.667
386.786 422.154 403.185 417.286
385.529 419.646 401.765 414.859
384.253 417.123 400.349 412.451
382.927 414.576 398.867 409.996
381.591 412.03 397.355 407.546
380.224 409.463 395.821 405.062
378.83 406.889 394.255 402.586
377.404 404.303 392.633 400.103
375.941 401.722 391.007 397.63
374.431 399.137 389.327 395.183
372.878 396.55 387.612 392.707
371.286 393.96 385.843 390.24
369.663 391.368 384.041 387.771
368.012 388.798 382.204 385.317
366.357 386.258 380.316 382.847
364.686 383.684 378.444 380.368
362.991 381.103 376.542 377.889
361.274 378.545 374.616 375.438
359.479 376.08 372.72 373.059
357.743 373.714 370.872 370.811
356.047 371.424 369.037 368.638
354.349 369.168 367.187 366.494
352.663 366.944 365.38 364.381
351.019 364.78 363.592 362.305
349.445 362.679 361.87 360.298
347.97 360.67 360.23 358.378
346.588 358.761 358.702 356.594
345.269 357.005 357.225 354.918
343.988 355.42 355.81 353.399
342.722 353.942 354.452 352.031
341.428 352.599 353.059 350.784
340.132 351.423 351.664 349.719
338.769 350.441 350.21 348.829
337.342 349.681 348.697 348.157
335.777 349.128 347.101 347.741
334.132 348.908 345.432 347.622
332.452 349.031 343.77 347.831
330.798 349.428 342.136 348.314
329.211 350.167 340.592 349.16
327.642 351.098 339.101 350.205
326.095 352.236 337.656 351.444
324.513 353.49 336.173 352.809
322.876 354.863 334.646 354.255
321.135 356.302 332.994 355.791
319.25 357.71 331.198 357.282
317.242 359.002 329.278 358.671
315.094 360.16 327.242 359.934
312.853 361.167 325.049 361.043
310.509 362.008 322.778 362.001
308.069 362.662 320.404 362.792
305.561 363.147 317.913 363.412
302.954 363.438 315.343 363.866
300.313 363.559 312.697 364.153
297.632 363.523 309.99 364.301
294.885 363.381 307.257 364.347
292.104 363.172 304.449 364.319
289.301 362.939 301.635 364.248
286.491 362.678 298.781 364.155
283.694 362.37 295.986 364.024
280.921 362.098 293.192 363.903
278.169 361.857 290.433 363.819
275.447 361.657 287.717 363.768
272.737 361.52 285.012 363.788
270.036 361.455 282.3 363.888
267.328 361.498 279.595 364.103
264.63 361.676 276.908 364.444
261.94 361.98 274.246 364.89
259.251 362.413 271.625 365.471
256.574 362.96 269.001 366.17
253.917 363.655 266.379 367.026
251.288 364.497 263.824 368.002
248.68 365.505 261.311 369.16
246.095 366.667 258.829 370.481
243.563 367.994 256.391 371.977
241.083 369.508 254.035 373.63
238.697 371.175 251.786 375.437
236.432 372.984 249.681 377.383
234.282 374.916 247.683 379.449
232.221 376.965 245.798 381.635
230.284 379.136 244.04 383.908
228.445 381.409 242.393 386.284
226.763 383.789 240.899 388.755
225.24 386.284 239.573 391.326
223.87 388.875 238.397 394
222.652 391.577 237.367 396.81
221.61 394.408 236.514 399.691
220.732 397.347 235.844 402.677
220.036 400.375 235.353 405.729
219.493 403.546 235.036 408.909
219.131 406.83 234.9 412.188
218.955 410.176 234.952 415.518
218.961 413.566 235.206 418.882
219.146 416.968 235.647 422.276
219.452 420.39 236.202 425.651
219.83 423.807 236.834 429.076
220.311 427.237 237.55 432.486
220.869 430.685 238.327 435.868
221.441 434.162 239.106 439.296
222.038 437.663 239.918 442.761
222.674 441.192 240.753 446.249
223.325 444.766 241.62 449.808
223.977 448.39 242.477 453.382
224.645 452.053 243.369 457.012
225.326 455.738 244.243 460.65
226.014 459.438 245.148 464.287
226.743 463.131 246.09 467.917
227.489 466.831 247.059 471.575
228.248 470.527 248.027 475.201
229.012 474.215 249.013 478.85
229.762 477.897 249.986 482.482
230.499 481.568 250.944 486.144
231.253 485.238 251.902 489.771
232.01 488.886 252.873 493.417
232.763 492.532 253.834 497.017
233.546 496.17 254.805 500.586
234.328 499.812 255.773 504.156
235.108 503.42 256.738 507.689
235.908 507.02 257.723 511.229
236.704 510.603 258.721 514.802
237.481 514.162 259.698 518.331
238.249 517.704 260.662 521.852
239.014 521.231 261.619 525.328
239.747 524.742 262.529 528.784
240.437 528.231 263.406 532.216
241.102 531.69 264.243 535.617
241.741 535.133 265.094 539.024
242.359 538.55 265.911 542.392
242.994 541.936 266.731 545.744
243.656 545.296 267.601 549.055
244.308 548.631 268.466 552.312
244.987 551.924 269.366 555.545
245.687 555.19 270.281 558.743
246.402 558.403 271.2 561.88
247.16 561.604 272.175 564.997
247.954 564.748 273.162 568.062
248.8 567.843 274.222 571.087
249.72 570.881 275.331 574.061
250.692 573.875 276.506 577.031
251.723 576.817 277.733 579.907
252.792 579.719 278.98 582.746
253.899 582.619 280.252 585.546
254.999 585.539 281.512 588.396
256.084 588.465 282.751 591.237
257.132 591.413 283.955 594.116
258.142 594.338 285.127 596.977
259.143 597.295 286.283 599.878
260.132 600.228 287.429 602.759
261.124 603.146 288.588 605.627
262.175 606.017 289.773 608.41
263.322 608.844 291.063 611.162
264.593 611.601 292.483 613.827
266.013 614.28 294.059 616.418
267.588 616.882 295.773 618.929
269.324 619.428 297.658 621.384
271.21 621.882 299.671 623.726
273.238 624.255 301.819 625.972
275.373 626.51 304.062 628.105
277.623 628.637 306.424 630.073
279.977 630.609 308.879 631.906
282.454 632.439 311.443 633.587
285.066 634.109 314.147 635.106
287.782 635.684 316.959 636.526
290.615 637.17 319.877 637.845
293.572 638.551 322.895 639.05
296.64 639.898 326.041 640.22
299.816 641.203 329.298 641.36
303.076 642.495 332.566 642.466
306.357 643.766 335.869 643.534
309.675 645.021 339.209 644.606
313 646.244 342.567 645.638
316.341 647.457 345.92 646.669
319.656 648.689 349.289 647.713
322.948 649.961 352.617 648.812
326.167 651.312 355.913 649.988
329.336 652.739 359.154 651.236
332.444 654.206 362.328 652.535
335.401 655.659 365.394 653.808
338.178 657.091 368.312 655.08
340.854 658.52 371.107 656.332
343.392 659.901 373.773 657.554
345.797 661.223 376.275 658.715
348.062 662.47 378.644 659.823
350.228 663.664 380.878 660.865
352.27 664.765 382.997 661.831
354.172 665.744 384.972 662.691
355.867 666.597 386.694 663.448
357.386 667.323 388.237 664.1
358.688 667.945 389.555 664.651
359.785 668.455 390.673 665.108
360.685 668.879 391.592 665.477
361.449 669.24 392.375 665.803
362.202 669.61 393.107 666.166
362.884 670.042 393.781 666.593
363.544 670.583 394.444 667.126
364.21 671.331 395.112 667.845
364.845 672.31 395.775 668.789
365.349 673.552 396.314 670.009
365.693 675.079 396.677 671.446
365.765 676.782 396.788 673.08
365.524 678.539 396.625 674.862
365.089 680.489 396.245 676.838
364.466 682.515 395.714 678.898
363.616 684.611 394.97 681.02
362.501 686.761 394.021 683.242
361.24 688.988 392.948 685.526
359.917 691.337 391.781 687.98
358.517 693.8 390.561 690.492
357.036 696.407 389.305 693.059
355.509 699.116 387.964 695.786
353.904 701.929 386.518 698.696
352.257 704.824 385.046 701.661
350.568 707.796 383.505 704.762
348.841 710.853 381.96 707.901
347.062 713.948 380.348 711.078
345.241 717.127 378.72 714.324
343.396 720.385 376.991 717.796
341.517 723.689 375.268 721.24
339.619 727.061 373.606 724.57
337.698 730.488 371.837 728.165
335.746 733.965 370.046 731.772
333.767 737.501 368.202 735.478
331.787 741.093 366.335 739.294
329.802 744.698 364.466 743.102
327.823 748.253 362.559 746.951
325.883 751.75 360.788 750.53
323.954 755.222 358.671 754.771
322.019 758.699 356.833 758.454
320.038 762.178 354.934 762.167
318.098 765.622 353.08 765.815
316.183 769.057 351.205 769.554
314.25 772.495 349.315 773.236
312.276 775.932 347.441 776.803
310.254 779.359 345.456 780.457
308.123 782.783 343.433 783.992
305.863 786.167 341.275 787.536
303.501 789.503 338.943 791.114
300.971 792.777 336.529 794.522
298.346 795.949 333.907 797.949
295.632 799.047 331.045 801.456
292.854 802.131 327.321 805.815
290.022 805.167 323.289 810.229
287.127 808.147 319.987 813.63
284.119 811.063 316.686 816.824
281.042 813.86 313.331 819.85
277.869 816.546 309.366 823.212
274.647 819.106 306.159 825.747
271.386 821.531 302.671 828.283
268.117 823.814 299.286 830.591
264.867 825.971 295.798 832.856
261.612 828.06 292.493 834.915
258.412 830.065 289.231 836.902
255.271 831.964 286.028 838.783
252.165 833.786 282.9 840.563
249.036 835.465 279.832 842.23
245.677 836.942 276.893 843.81
242.526 838.395 273.97 845.329
239.649 839.782 271.223 846.754
236.954 841.095 268.668 848.068
234.477 842.339 266.325 849.297
232.194 843.529 264.082 850.492
230.093 844.639 262.079 851.583
228.165 845.633 260.173 852.583
226.34 846.487 258.374 853.416
224.56 847.149 256.611 854.057
222.863 847.611 254.942 854.493
221.16 847.853 253.255 854.68
219.344 847.651 251.525 854.592
217.614 847.229 249.816 854.169
215.983 846.459 248.175 853.41
214.497 845.377 246.67 852.344
213.166 844.016 245.302 850.991
211.99 842.443 244.117 849.432
210.943 840.674 243.056 847.669
210.015 838.669 242.159 845.748
209.177 836.492 241.324 843.57
208.42 834.203 240.57 841.282
207.685 831.757 239.857 838.838
206.966 829.169 239.15 836.288
206.235 826.5 238.45 833.661
205.491 823.728 237.729 830.932
204.727 820.873 236.968 828.099
203.96 817.947 236.193 825.171
203.189 814.945 235.414 822.188
202.388 811.853 234.591 819.083
201.557 808.685 233.755 815.964
200.707 805.447 232.909 812.735
199.838 802.169 232.022 809.479
198.959 798.853 231.135 806.15
198.078 795.512 230.258 802.837
197.208 792.134 229.365 799.471
196.331 788.727 228.444 796.019
195.394 785.296 227.503 792.594
194.407 781.832 226.508 789.114
193.372 778.362 225.484 785.656
192.268 774.863 224.393 782.131
191.105 771.352 223.218 778.583
189.9 767.803 222.014 775.019
188.697 764.215 220.8 771.413
187.525 760.573 219.651 767.791
186.417 756.875 218.553 764.111
185.391 753.14 217.528 760.384
184.425 749.376 216.585 756.607
183.506 745.586 215.676 752.8
182.631 741.76 214.821 748.981
181.8 737.921 213.992 745.154
180.996 734.046 213.195 741.279
180.235 730.165 212.417 737.382
179.509 726.267 211.651 733.475
178.783 722.358 210.89 729.59
178.061 718.433 210.164 725.687
177.362 714.485 209.473 721.746
176.684 710.485 208.78 717.751
176.012 706.524 208.13 713.783
175.367 702.573 207.499 709.857
174.772 698.664 206.897 705.939
174.209 694.786 206.331 702.072
173.665 690.971 205.791 698.241
173.12 687.194 205.244 694.492
172.61 683.453 204.704 690.751
172.111 679.757 204.145 687.071
171.62 676.075 203.618 683.369
171.117 672.425 203.097 679.717
170.597 668.791 202.545 676.063
170.062 665.158 202.007 672.427
169.508 661.516 201.456 668.787
168.924 657.856 200.889 665.139
168.354 654.165 200.323 661.442
167.787 650.47 199.77 657.745
167.242 646.76 199.238 654.033
166.712 643.034 198.71 650.311
166.162 639.299 198.165 646.576
165.603 635.547 197.641 642.841
165.02 631.781 197.111 639.055
164.408 627.99 196.529 635.223
163.795 624.166 195.945 631.391
163.189 620.333 195.358 627.551
162.586 616.486 194.755 623.72
162.004 612.637 194.167 619.897
161.404 608.796 193.585 616.022
160.758 604.972 193.019 612.191
160.134 601.135 192.41 608.294
159.496 597.273 191.816 604.377
158.84 593.366 191.226 600.49
158.209 589.447 190.634 596.599
157.581 585.515 190.052 592.633
156.943 581.558 189.457 588.648
156.315 577.585 188.864 584.64
155.693 573.602 188.278 580.658
155.098 569.612 187.707 576.659
154.495 565.632 187.133 572.646
153.883 561.636 186.539 568.659
153.275 557.662 185.934 564.621
152.657 553.7 185.333 560.648
152.007 549.736 184.74 556.642
151.335 545.781 184.114 552.673
150.702 541.83 183.501 548.73
150.111 537.863 182.88 544.744
149.566 533.878 182.265 540.766
149.071 529.886 181.671 536.781
148.583 525.892 181.085 532.769
148.098 521.9 180.519 528.811
147.615 517.906 179.965 524.846
147.079 513.925 179.371 520.84
146.557 509.928 178.766 516.897
145.991 505.947 178.147 512.945
145.414 501.984 177.546 508.973
144.839 498.023 176.903 504.985
144.237 494.067 176.252 501.021
143.642 490.087 175.577 497.054
143.094 486.101 174.947 493.08
142.52 482.109 174.293 489.102
141.954 478.12 173.668 485.122
141.409 474.121 173.06 481.139
140.866 470.117 172.454 477.161
140.33 466.129 171.856 473.178
139.803 462.17 171.272 469.303
139.285 458.259 170.696 465.403
138.767 454.381 170.12 461.548
138.265 450.537 169.562 457.753
137.782 446.703 169.027 453.945
137.327 442.89 168.508 450.155
136.905 439.065 168.015 446.325
136.518 435.237 167.574 442.497
136.143 431.414 167.12 438.644
135.825 427.592 166.72 434.806
135.543 423.737 166.38 430.967
135.27 419.908 166.077 427.135
135.036 416.031 165.808 423.253
134.86 412.167 165.579 419.391
134.73 408.319 165.401 415.536
134.658 404.516 165.289 411.713
134.623 400.769 165.187 407.973
134.596 397.08 165.115 404.293
134.623 393.46 165.099 400.68
134.665 389.904 165.092 397.099
134.743 386.395 165.12 393.583
134.849 382.945 165.177 390.156
134.972 379.565 165.257 386.79
135.132 376.245 165.387 383.516
135.334 373.018 165.54 380.285
135.557 369.861 165.731 377.164
135.839 366.777 165.971 374.092
136.226 363.792 166.319 371.129
136.739 360.891 166.789 368.249
137.359 358.081 167.398 365.424
138.112 355.303 168.121 362.645
138.966 352.535 168.947 359.873
139.894 349.806 169.848 357.118
140.896 347.157 170.817 354.464
141.971 344.579 171.855 351.868
143.13 342.085 172.985 349.361
144.392 339.674 174.201 346.958
145.777 337.332 175.541 344.635
147.331 335.074 177.056 342.382
149.057 332.893 178.734 340.197
150.967 330.772 180.604 338.097
153.05 328.763 182.658 336.07
155.287 326.913 184.887 334.187
157.696 325.211 187.251 332.462
160.258 323.696 189.768 330.929
162.973 322.395 192.462 329.601
165.833 321.315 195.309 328.496
168.823 320.456 198.258 327.604
171.915 319.752 201.359 326.863
175.094 319.154 204.51 326.223
178.357 318.621 207.758 325.66
181.671 318.108 211.094 325.116
184.954 317.552 214.522 324.601
188.361 317.015 218.011 324.083
191.811 316.499 221.558 323.536
195.303 315.956 225.089 322.953
198.81 315.371 228.62 322.315
202.32 314.728 232.153 321.628
205.855 314.019 235.723 320.851
209.382 313.21 239.257 319.993
212.874 312.314 242.766 319.023
216.282 311.316 246.164 317.964
219.602 310.212 249.464 316.796
222.829 308.97 252.663 315.498
225.893 307.618 255.663 314.12
228.857 306.133 258.588 312.592
231.705 304.51 261.408 310.923
234.404 302.795 264.129 309.132
236.964 301.022 266.648 307.329
239.357 299.192 268.972 305.48
241.573 297.348 271.172 303.585
243.583 295.531 273.138 301.74
245.364 293.745 274.895 299.919
246.928 292.003 276.408 298.161
248.256 290.313 277.672 296.47
249.318 288.712 278.702 294.854
250.17 287.138 279.521 293.258
250.789 285.6 280.087 291.701
251.166 284.02 280.445 290.098
251.314 282.347 280.595 288.442
251.209 280.686 280.456 286.766
250.772 279.031 280.004 285.109
250 277.363 279.204 283.402
248.863 275.742 278.038 281.766
247.391 274.2 276.523 280.22
245.604 272.718 274.727 278.732
243.607 271.249 272.722 277.282
241.483 269.657 270.588 275.705
239.256 267.931 268.357 274.018
236.942 266.063 266.037 272.183
234.573 264.061 263.637 270.186
232.194 261.911 261.234 268.073
229.829 259.643 258.84 265.842
227.459 257.286 256.42 263.492
225.118 254.818 254.039 261.053
222.795 252.268 251.673 258.513
220.54 249.684 249.377 255.96
218.379 247.15 247.188 253.423
216.332 244.689 245.097 250.958
214.447 242.297 243.174 248.596
212.739 239.986 241.422 246.303
211.155 237.8 239.791 244.151
209.645 235.806 238.242 242.188
208.154 234.063 236.712 240.442
206.643 232.599 235.172 238.982
205.051 231.389 233.566 237.802
203.386 230.454 231.852 236.871
201.569 229.804 229.974 236.236
199.653 229.469 228.013 235.93
197.649 229.449 225.973 235.967
195.695 229.809 223.959 236.354
193.758 230.546 222.001 237.102
191.873 231.576 220.092 238.165
190.008 232.787 218.178 239.385
188.028 234.076 216.185 240.683
185.893 235.39 214.064 242.003
183.61 236.706 211.761 243.338
181.165 238.005 209.286 244.641
178.517 239.254 206.648 245.904
175.727 240.407 203.848 247.064
172.707 241.421 200.896 248.122
169.604 242.358 197.857 249.125
166.445 243.209 194.75 250.022
163.27 243.975 191.558 250.815
160.019 244.71 188.343 251.59
156.737 245.397 185.106 252.329
153.408 246.036 181.831 253.022
150.09 246.635 178.516 253.672
146.806 247.228 175.222 254.286
143.505 247.802 171.967 254.882
140.209 248.367 168.707 255.462
136.935 248.927 165.48 256.044
133.701 249.482 162.276 256.644
130.512 250.041 159.111 257.254
127.369 250.623 155.996 257.906
124.28 251.272 152.91 258.626
121.227 251.988 149.881 259.413
118.236 252.796 146.902 260.29
115.296 253.71 143.965 261.251
112.411 254.794 141.073 262.353
109.55 256.074 138.224 263.638
106.765 257.559 135.464 265.131
104.058 259.195 132.772 266.793
101.451 260.984 130.19 268.596
98.9589 262.93 127.721 270.55
96.5608 265.038 125.32 272.683
94.2333 267.302 123.011 274.936
91.9927 269.682 120.837 277.335
89.8722 272.215 118.758 279.898
87.8675 274.903 116.795 282.606
85.9906 277.735 114.957 285.459
84.244 280.71 113.245 288.465
82.6191 283.777 111.666 291.521
81.0797 286.969 110.177 294.72
79.7843 290.233 108.949 297.962
78.5686 293.653 107.763 301.38
77.4715 297.091 106.695 304.812
76.5076 300.591 105.754 308.308
75.6843 304.118 104.971 311.833
74.9937 307.692 104.338 315.41
74.4485 311.298 103.855 319.018
74.042 314.936 103.501 322.664
73.7716 318.595 103.293 326.336
73.7159 322.262 103.183 330.029
73.7694 325.908 103.123 333.714
73.817 329.552 103.126 337.355
74.0003 333.173 103.176 340.988
74.1725 336.809 103.264 344.619
74.3447 340.442 103.378 348.234
74.5144 344.091 103.543 351.874
74.6629 347.747 103.701 355.502
74.7361 351.4 103.779 359.108
74.7693 355.001 103.86 362.706
74.8145 358.586 103.941 366.301
74.7469 362.178 103.987 369.892
74.6868 365.746 104.037 373.468
74.5557 369.317 104.033 377.044
74.36 372.935 103.966 380.625
74.1095 376.534 103.815 384.189
73.8283 380.133 103.623 387.762
73.4764 383.717 103.362 391.336
73.0623 387.295 103.051 394.888
72.6356 390.839 102.709 398.427
72.1237 394.366 102.258 401.941
71.5856 397.91 101.776 405.47
70.9764 401.435 101.228 409.001
70.3119 404.96 100.616 412.504
69.6027 408.45 99.9537 416.016
68.8791 411.948 99.3138 419.53
68.1395 415.453 98.6386 423.039
67.4326 418.981 97.9665 426.54
66.7356 422.502 97.3193 430.068
66.0318 425.991 96.6881 433.578
65.3377 429.458 96.0612 437.088
64.6781 432.971 95.4671 440.615
64.0923 436.565 94.9373 444.201
63.5388 440.166 94.4561 447.782
63.0895 443.78 94.0918 451.39
62.6877 447.406 93.7902 454.983
62.3954 451.017 93.5777 458.576
62.1799 454.6 93.426 462.148
62.0161 458.185 93.3183 465.734
61.8789 461.763 93.2367 469.303
61.7823 465.34 93.1724 472.907
61.7112 468.924 93.158 476.508
61.6697 472.506 93.1791 480.08
61.6955 476.095 93.2295 483.658
61.7294 479.667 93.3136 487.221
61.8229 483.27 93.4472 490.837
61.9248 486.878 93.5669 494.441
62.0565 490.479 93.7468 498.055
62.176 494.118 93.9151 501.695
62.2667 497.774 94.0583 505.377
62.3309 501.484 94.1869 509.05
62.3836 505.245 94.331 512.788
62.4568 509.016 94.5207 516.48
62.6397 512.801 94.8139 520.237
62.8684 516.638 95.1575 524.04
63.1064 520.457 95.5109 527.823
63.3672 524.259 95.8773 531.618
63.5936 528.082 96.2096 535.416
63.8015 531.888 96.5166 539.21
64.0245 535.668 96.8244 542.951
64.2068 539.468 97.0939 546.74
64.3447 543.235 97.3083 550.494
64.4963 546.997 97.5373 554.254
64.6319 550.743 97.7472 557.991
64.7492 554.463 97.9436 561.712
64.9146 558.167 98.1828 565.383
65.1037 561.867 98.457 569.069
65.336 565.517 98.772 572.686
65.5692 569.19 99.0877 576.344
65.7943 572.864 99.3926 579.998
65.9792 576.522 99.6788 583.683
66.1801 580.172 99.9884 587.362
66.3623 583.853 100.288 591.017
66.5384 587.515 100.58 594.695
66.6823 591.169 100.828 598.294
66.7776 594.811 101.025 601.922
66.8904 598.42 101.247 605.544
67.0267 602.043 101.482 609.13
67.1775 605.623 101.728 612.681
67.323 609.198 101.971 616.231
67.4505 612.758 102.202 619.78
67.6536 616.289 102.525 623.309
67.8783 619.814 102.854 626.819
68.154 623.308 103.249 630.329
68.437 626.8 103.646 633.802
68.7714 630.258 104.094 637.225
69.2026 633.695 104.629 640.623
69.6007 637.103 105.133 644.019
70.0368 640.489 105.681 647.376
70.5063 643.807 106.242 650.651
70.8928 647.161 106.748 653.988
71.2328 650.443 107.187 657.232
71.5802 653.721 107.607 660.496
71.9882 656.939 108.048 663.758
72.3052 660.204 108.434 667.017
72.6041 663.408 108.785 670.252
72.917 666.635 109.118 673.467
73.2426 669.852 109.456 676.699
73.6373 673.05 109.826 679.898
74.0277 676.284 110.257 683.138
74.4596 679.527 110.762 686.37
74.9507 682.82 111.321 689.618
75.4854 686.101 111.893 692.888
75.997 689.438 112.502 696.22
76.6208 692.818 113.156 699.558
77.2558 696.266 113.86 702.969
77.8609 699.72 114.562 706.419
78.457 703.252 115.252 709.946
79.0467 706.838 115.939 713.519
79.749 710.432 116.631 717.101
80.3778 714.088 117.308 720.703
80.985 717.795 118.029 724.366
81.5685 721.524 118.771 728.039
82.227 725.23 119.542 731.726
82.9716 728.932 120.356 735.425
83.7168 732.638 121.2 739.113
84.4614 736.34 122.101 742.785
85.2059 740.042 123.043 746.423
85.9883 743.735 124.012 750.09
86.8811 747.372 125.011 753.663
87.7702 751.019 126.032 757.27
88.6591 754.658 127.069 760.851
89.5688 758.256 128.111 764.376
90.5295 761.919 129.22 767.985
91.5044 765.495 130.327 771.526
92.5184 769.126 131.487 775.129
93.542 772.703 132.658 778.667
94.6153 776.302 133.867 782.212
95.6872 779.833 135.074 785.687
96.7646 783.369 136.312 789.192
97.858 786.888 137.575 792.651
98.9777 790.364 138.833 796.048
100.103 793.842 140.116 799.462
101.282 797.279 141.443 802.87
102.48 800.701 142.791 806.261
103.707 804.08 144.131 809.571
104.948 807.449 145.496 812.924
106.192 810.798 146.866 816.216
107.467 814.117 148.252 819.47
108.775 817.411 149.667 822.715
110.078 820.69 151.085 825.948
111.337 823.917 152.456 829.102
112.596 827.083 153.842 832.213
113.863 830.153 155.238 835.227
115.118 833.167 156.614 838.187
116.424 836.129 158.032 841.087
117.895 839.037 159.589 843.94
119.448 841.885 161.225 846.702
121.089 844.702 162.982 849.446
122.872 847.291 164.788 852.088
124.724 849.811 166.699 854.704
126.576 852.33 168.677 857.204
128.427 854.849 170.688 859.616
130.277 857.367 172.67 861.892
132.127 859.884 174.637 864.074
133.992 862.015 176.59 866.109
135.815 864.035 178.498 868.049
137.605 865.988 180.38 869.94
139.298 867.836 182.156 871.711
140.919 869.609 183.854 873.393
142.486 871.338 185.481 875.045
143.941 872.954 186.988 876.597
145.3 874.413 188.419 878.001
146.559 875.662 189.715 879.187
147.651 876.418 190.896 880.14
148.686 877.021 191.96 880.84
149.713 877.624 192.939 881.454
150.732 878.228 193.991 881.917
151.743 878.832 195.046 882.273
152.808 879.342 196.231 882.498
154.069 879.517 197.51 882.591
155.413 879.479 198.92 882.548
156.889 879.272 200.378 882.285
158.478 878.882 201.948 881.829
160.135 878.287 203.575 881.166
161.86 877.489 205.292 880.291
163.673 876.563 207.08 879.282
165.594 875.53 208.97 878.163
167.624 874.437 210.928 876.998
169.77 873.29 213.034 875.748
172.036 872.094 215.218 874.474
174.385 870.862 217.517 873.131
176.855 869.589 219.934 871.739
179.401 868.288 222.402 870.329
181.975 866.97 224.897 868.908
184.537 865.64 227.409 867.45
187.062 864.285 229.854 865.999
189.539 862.925 232.26 864.532
191.919 861.611 234.58 863.116
194.207 860.316 236.824 861.716
196.343 858.956 238.955 860.404
198.368 857.888 241.013 859.216
200.275 856.919 242.997 858.147
202.194 856.086 244.934 857.233
204.074 855.496 246.815 856.587
205.96 855.184 248.66 856.224
207.864 855.202 250.516 856.174
209.714 855.529 252.335 856.429
211.499 856.221 254.101 857.052
213.188 857.108 255.785 858.001
214.784 858.522 257.388 859.303
216.227 860.19 258.856 860.891
217.589 862.1 260.272 862.745
218.87 864.194 261.613 864.762
220.036 866.492 262.86 866.995
221.092 868.955 264.031 869.429
222.159 871.551 265.209 871.967
223.261 874.233 266.422 874.574
224.402 877.003 267.675 877.288
225.538 879.835 268.914 880.054
226.647 882.714 270.158 882.901
227.713 885.606 271.362 885.739
228.73 888.499 272.489 888.531
229.74 891.365 273.641 891.364
230.756 894.19 274.78 894.133
231.798 896.976 275.981 896.892
232.862 899.689 277.166 899.51
234.006 902.314 278.453 902.096
235.284 904.78 279.845 904.482
236.717 907.107 281.406 906.755
238.298 909.283 283.098 908.839
240.026 911.28 284.915 910.738
241.9 913.108 286.862 912.449
243.969 914.753 288.948 913.986
246.167 916.201 291.17 915.333
248.519 917.426 293.5 916.429
250.971 918.373 295.973 917.311
253.54 919.16 298.543 917.987
256.24 919.688 301.254 918.384
259.065 919.966 304.057 918.534
262.005 920.093 306.996 918.531
265.033 920.081 309.99 918.375
268.21 920.078 313.106 918.076
271.495 919.927 316.291 917.681
274.82 919.698 319.523 917.234
278.229 919.336 322.813 916.706
281.675 918.885 326.187 916.108
285.134 918.346 329.601 915.423
288.623 917.729 333.046 914.666
292.133 917.014 336.545 913.824
295.617 916.238 340.013 912.896
299.091 915.358 343.46 911.922
302.533 914.354 346.844 910.86
305.943 913.31 350.22 909.712
309.312 912.191 353.488 908.525
312.68 911.045 356.774 907.247
316.062 909.902 360.119 905.946
319.45 908.753 363.444 904.647
322.84 907.56 366.78 903.324
326.249 906.356 370.089 901.988
329.691 905.14 373.47 900.615
333.195 903.901 376.89 899.232
336.755 902.625 380.416 897.8
340.384 901.328 383.993 896.324
344.065 899.969 387.632 894.785
347.77 898.591 391.256 893.22
351.402 897.221 394.816 891.652
354.975 895.841 398.32 890.086
358.485 894.464 401.747 888.534
361.949 893.084 405.14 886.986
365.336 891.733 408.471 885.462
368.619 890.389 411.688 883.959
371.75 889.112 414.753 882.531
374.682 887.919 417.641 881.192
377.389 886.825 420.29 879.957
379.875 885.837 422.714 878.839
382.178 884.932 424.945 877.805
384.328 884.1 427.005 876.844
386.401 883.311 428.999 875.92
388.377 882.537 430.943 875.04
390.309 881.775 432.855 874.176
392.306 880.994 434.826 873.286
394.378 880.162 436.863 872.344
396.55 879.262 438.995 871.338
398.842 878.315 441.269 870.282
401.26 877.339 443.648 869.19
403.79 876.325 446.152 868.036
406.436 875.291 448.784 866.858
409.217 874.214 451.503 865.621
412.118 873.111 454.33 864.357
415.119 871.96 457.211 863.059
418.218 870.771 460.212 861.71
421.393 869.52 463.329 860.285
424.627 868.193 466.474 858.816
427.915 866.772 469.649 857.25
431.248 865.255 472.921 855.565
434.552 863.69 476.173 853.827
437.807 862.082 479.386 852.05
440.967 860.444 482.371 850.311
444.049 858.817 485.381 848.513
447.069 857.194 488.308 846.73
450.037 855.607 491.179 844.992
452.945 854.081 494.009 843.313
455.778 852.654 496.716 841.752
458.468 851.383 499.314 840.337
460.991 850.198 501.764 839.035
463.427 849.07 504.164 837.77
465.788 847.991 506.467 836.553
468.095 846.951 508.717 835.396
470.367 845.937 510.94 834.265
472.708 844.898 513.229 833.106
475.122 843.8 515.586 831.878
477.587 842.684 518.01 830.647
480.152 841.532 520.547 829.359
482.766 840.339 523.118 828.008
485.445 839.143 525.735 826.667
488.188 837.891 528.393 825.277
490.987 836.623 531.084 823.884
493.803 835.351 533.807 822.493
496.625 834.094 536.601 821.08
499.474 832.81 539.388 819.673
502.358 831.503 542.21 818.237
505.287 830.237 545.053 816.808
508.248 828.948 547.932 815.376
511.244 827.658 550.846 813.937
514.267 826.347 553.769 812.477
517.328 825.031 556.73 811.032
520.388 823.719 559.702 809.583
523.389 822.42 562.623 808.151
526.283 821.19 565.448 806.783
529.057 820.024 568.148 805.482
531.705 818.934 570.739 804.271
534.227 817.916 573.193 803.14
536.657 816.947 575.566 802.044
539.023 815.953 577.876 800.956
541.317 814.866 580.116 799.762
543.532 813.689 582.266 798.479
545.687 812.397 584.356 797.062
547.735 810.972 586.308 795.544
549.629 809.339 588.096 793.802
551.298 807.502 589.676 791.861
552.78 805.465 591.06 789.718
554.025 803.123 592.232 787.317
555.054 800.604 593.116 784.735
555.834 797.891 593.736 781.994
556.486 795.032 594.235 779.121
557.103 792.044 594.682 776.12
557.707 788.951 595.127 773.027
558.314 785.757 595.562 769.812
558.963 782.48 596.039 766.519
559.664 779.132 596.565 763.155
560.383 775.703 597.091 759.695
561.144 772.19 597.663 756.158
561.956 768.606 598.264 752.569
562.794 764.921 598.867 748.876
563.666 761.195 599.497 745.141
564.512 757.439 600.114 741.381
565.36 753.692 600.736 737.616
566.202 749.956 601.347 733.882
567.039 746.21 601.96 730.109
567.914 742.455 602.609 726.283
568.81 738.7 603.281 722.5
569.652 734.949 603.918 718.703
570.504 731.165 604.538 714.926
571.382 727.391 605.186 711.178
572.231 723.646 605.824 707.407
573.054 719.905 606.434 703.669
573.89 716.163 607.06 699.884
574.719 712.405 607.669 696.099
575.527 708.64 608.272 692.303
576.261 704.87 608.791 688.515
576.931 701.064 609.24 684.689
577.576 697.235 609.646 680.828
578.192 693.375 610.033 676.963
578.779 689.496 610.384 673.129
579.346 685.592 610.723 669.213
579.857 681.665 611.009 665.278
580.311 677.721 611.266 661.307
580.759 673.746 611.498 657.307
581.155 669.796 611.692 653.342
581.511 665.866 611.847 649.402
581.823 661.97 611.946 645.514
582.078 658.113 611.986 641.653
582.274 654.275 611.991 637.83
582.438 650.427 611.95 633.975
582.6 646.577 611.923 630.137
582.754 642.694 611.845 626.27
582.851 638.813 611.721 622.419
582.899 634.89 611.561 618.516
582.982 630.95 611.431 614.574
583.073 627.003 611.297 610.628
583.192 623.062 611.186 606.703
583.329 619.143 611.126 602.789
583.475 615.224 611.044 598.873
583.626 611.282 610.978 594.937
583.721 607.341 610.921 590.994
583.834 603.396 610.872 587.047
583.934 599.462 610.797 583.122
584.036 595.563 610.742 579.219
584.162 591.689 610.695 575.32
584.227 587.868 610.646 571.454
584.318 584.024 610.585 567.59
584.499 580.193 610.601 563.721
584.808 576.397 610.743 559.892
585.239 572.636 611 556.08
585.797 568.901 611.387 552.339
586.481 565.194 611.857 548.565
587.248 561.508 612.417 544.887
588.03 557.836 612.983 541.188
588.839 554.172 613.576 537.504
589.674 550.509 614.182 533.832
590.516 546.867 614.799 530.174
591.344 543.262 615.417 526.526
592.132 539.699 615.988 522.934
592.828 536.163 616.481 519.386
593.46 532.659 616.901 515.848
594.032 529.277 617.281 512.439
594.555 526.081 617.62 509.214
595.076 523.073 617.974 506.217
595.617 520.255 618.339 503.394
596.166 517.627 618.726 500.739
596.705 515.143 619.114 498.208
597.195 512.833 619.472 495.88
597.576 510.694 619.724 493.727
597.787 508.668 619.822 491.679
597.747 506.65 619.709 489.647
597.515 504.698 619.365 487.698
597.07 502.8 618.81 485.811
596.402 500.998 618.009 484.034
595.439 499.229 616.919 482.282
594.162 497.527 615.544 480.646
592.514 495.901 613.857 479.148
590.636 494.533 611.932 477.886
588.5 493.343 609.764 476.818
586.179 492.279 607.414 475.903
583.739 491.279 604.915 475.055
581.167 490.216 602.285 474.157
578.491 489.084 599.562 473.195
575.724 487.862 596.725 472.139
572.905 486.555 593.825 471.01
570.042 485.191 590.864 469.794
567.169 483.76 587.922 468.546
564.281 482.28 584.941 467.231
561.35 480.77 581.92 465.897
558.406 479.262 578.901 464.583
555.377 477.743 575.768 463.214
552.349 476.23 572.674 461.872
549.309 474.657 569.562 460.479
546.268 473.067 566.486 459.077
543.206 471.46 563.343 457.646
540.123 469.845 560.194 456.224
537.056 468.228 557.042 454.798
534.039 466.621 553.914 453.33
531.07 465.042 550.855 451.92
528.19 463.496 547.89 450.528
525.393 461.985 545.005 449.162
522.696 460.483 542.202 447.786
520.139 459.018 539.552 446.448
517.756 457.609 537.081 445.155
515.545 456.272 534.777 443.931
513.469 454.993 532.622 442.745
511.515 453.792 530.594 441.654
509.647 452.753 528.677 440.706
507.816 451.953 526.804 439.999
506.025 451.375 524.949 439.509
504.164 451.057 523.053 439.288
502.213 450.956 521.147 439.328
500.36 451.175 519.293 439.655
498.532 451.717 517.499 440.292
496.762 452.595 515.771 441.254
495.085 453.803 514.149 442.542
493.513 455.371 512.66 444.205
492.14 457.192 511.343 446.172
490.9 459.329 510.189 448.432
489.697 461.689 509.045 450.907
488.436 464.217 507.895 453.531
487.065 466.91 506.633 456.301
485.59 469.753 505.296 459.24
484.01 472.74 503.882 462.325
482.314 475.837 502.341 465.553
480.567 479.018 500.759 468.86
478.767 482.283 499.165 472.259
476.977 485.484 497.527 475.62
475.15 488.77 495.846 479.095
473.327 492.02 494.151 482.556
471.476 495.303 492.47 485.943
469.568 498.617 490.737 489.429
467.651 501.959 489.086 492.775
465.708 505.334 487.341 496.252
463.769 508.732 485.627 499.717
461.845 512.162 483.928 503.212
459.92 515.621 482.225 506.747
457.939 519.113 480.497 510.345
455.953 522.62 478.77 513.97
453.935 526.117 477.012 517.571
451.929 529.614 475.238 521.226
449.965 533.135 473.458 524.888
448.01 536.687 471.696 528.561
446.054 540.236 469.954 532.258
444.056 543.808 468.178 535.922
442.049 547.418 466.408 539.634
440.038 551.029 464.661 543.291
438.025 554.635 462.852 547.063
435.978 558.237 461.026 550.797
433.919 561.855 459.196 554.513
431.843 565.47 457.368 558.205
429.768 569.108 455.52 561.947
427.668 572.748 453.68 565.646
425.538 576.435 451.816 569.393
423.436 580.101 449.992 573.115
421.319 583.768 448.092 576.921
419.22 587.449 446.244 580.73
417.12 591.135 444.369 584.564
415.005 594.833 442.538 588.311
412.888 598.541 440.682 592.117
410.755 602.262 438.738 596.04
408.649 605.999 436.854 599.896
406.499 609.72 434.948 603.706
404.35 613.458 433.031 607.545
402.22 617.159 430.99 611.568
400.144 620.804 429.145 615.323
398.088 624.376 427.181 619.155
396.094 627.872 425.358 622.792
394.096 631.364 423.567 626.362
392.096 634.841 421.774 629.908
390.122 638.266 419.656 633.389
388.138 641.719 417.928 636.796
386.19 645.182 416.264 640.259
384.289 648.627 414.551 643.748
382.388 652.006 412.833 647.206
380.474 655.357 411.093 650.669
378.504 658.701 409.314 654.109
376.495 662.062 407.558 657.568
374.499 665.373 405.806 661.004
372.495 668.759 404.025 664.484
370.504 672.183 402.239 668.013
368.47 675.625 400.425 671.578
366.423 679.125 398.596 675.21
364.371 682.65 396.758 678.884
362.295 686.176 394.901 682.556
360.227 689.736 393.084 686.243
358.182 693.297 391.34 689.834
356.11 696.851 389.628 693.268
354.086 700.357 387.958 696.667
352.038 703.86 386.232 700.114
350.009 707.354 384.673 703.255
347.983 710.856 383.473 705.7
345.942 714.321 382.863 706.879
343.906 717.779 382.678 707.2
341.89 721.227 382.518 707.473
339.882 724.655 382.223 708.074
337.869 728.103 380.565 711.394
335.866 731.572 378.525 715.513
333.967 735.105 376.697 719.212
332.131 738.707 374.876 722.913
330.109 742.326 373.007 726.778
328.053 745.993 371.06 730.779
325.96 749.695 369.184 734.633
323.882 753.401 367.352 738.397
321.81 757.046 365.466 742.205
319.689 760.664 363.659 745.835
317.596 764.289 361.787 749.43
315.555 767.893 359.796 753.25
313.515 771.526 357.892 756.867
311.451 775.12 355.988 760.422
309.357 778.629 354.583 762.991
307.195 782.05 353.139 765.535
304.937 785.448 351.635 768.149
302.592 788.799 349.647 771.46
300.154 792.111 347.451 774.938
297.624 795.375 345.16 778.379
294.927 798.539 343.385 780.984
292.186 801.679 340.807 784.478
289.192 804.696 338.448 787.518
286.151 807.624 336.108 790.349
283.065 810.476 333.343 793.515
280.007 813.214 330.178 796.912
276.942 815.904 326.209 800.912
273.811 818.494 322.507 804.363
270.606 820.961 319.656 806.822
267.321 823.304 317.194 808.808
264.005 825.568 314.373 811.044
260.658 827.735 310.981 813.587
257.273 829.814 307.776 815.882
253.862 831.809 304.503 818.116
250.447 833.761 301.29 820.27
247.053 835.653 298.144 822.321
243.677 837.477 295.071 824.348
240.296 839.294 292.03 826.312
236.906 841.09 288.795 828.359
233.51 842.896 285.749 830.321
230.131 844.723 282.628 832.363
226.769 846.515 279.475 834.404
223.408 848.268 276.315 836.42
220.026 849.991 273.171 838.397
216.653 851.728 269.98 840.416
213.27 853.442 266.776 842.399
209.881 855.139 263.54 844.348
206.469 856.885 260.284 846.324
203.01 858.62 256.991 848.296
199.503 860.363 253.658 850.292
196.003 862.107 250.336 852.316
192.527 863.893 247.022 854.37
189.07 865.687 243.767 856.403
185.623 867.526 240.51 858.49
182.189 869.363 237.263 860.566
178.751 871.211 233.988 862.678
175.314 873.051 230.747 864.776
171.878 874.938 227.499 866.938
168.464 876.882 224.251 869.178
165.094 878.899 221.112 871.445
161.794 881.04 218.024 873.841
158.554 883.316 215.002 876.38
155.369 885.727 212.071 879.039
152.279 888.277 209.262 881.802
149.259 890.897 206.505 884.644
146.298 893.633 203.841 887.597
143.342 896.378 201.193 890.528
140.42 899.149 198.586 893.501
137.429 901.883 195.929 896.448
134.431 904.585 193.243 899.391
131.43 907.269 190.543 902.332
128.4 909.943 187.815 905.255
125.387 912.606 185.101 908.164
122.446 915.312 182.448 911.127
