0 5.25896e-05 0.00456327 100 6.28931
0 5.15017e-05 0.00275248 200 6.66667
0 4.2754e-05 0.00349666 300 7.19424
0 5.66029e-05 0.00129914 400 7.31261
0 7.25659e-05 0.00396048 500 7.58725
10 3.34749e-05 0.0054878 100 6.21118
10 3.95931e-05 0.00431206 200 6.66667
10 4.11114e-05 0.0046001 300 7.19424
10 5.69441e-05 0.00172842 400 7.29927
10 7.01327e-05 0.00310325 500 7.57576
20 3.04932e-05 0.00692574 100 6.13497
20 4.38096e-05 0.00467454 200 6.66667
20 5.29415e-05 0.00453474 300 7.19424
20 6.089e-05 0.00157031 400 7.29927
20 7.6682e-05 0.00365104 500 7.55287
30 4.90717e-05 0.00718179 100 5.95238
30 4.49512e-05 0.00575517 200 6.68896
30 5.67338e-05 0.00496079 300 7.21154
30 6.26036e-05 0.00202656 400 7.31261
30 7.94316e-05 0.00383698 500 7.54148
40 3.99676e-05 0.00855624 100 5.84795
40 4.56747e-05 0.00769529 200 6.73401
40 5.12119e-05 0.00599949 300 7.24638
40 6.66394e-05 0.00209682 400 7.32601
40 7.99702e-05 0.00312538 500 7.5188
50 2.92969e-05 0.00795222 100 5.84795
50 3.32964e-05 0.0072516 200 6.77966
50 5.12377e-05 0.00497265 300 7.28155
50 6.5318e-05 0.00131123 400 7.36648
50 7.87623e-05 0.00426685 500 7.48503
60 5.21342e-05 0.00778462 100 5.98802
60 4.26375e-05 0.00712063 200 6.89655
60 5.6453e-05 0.00503881 300 7.35294
60 6.39694e-05 0.00209515 400 7.43494
60 8.22576e-05 0.0049522 500 7.42942
70 5.94021e-05 0.00725331 100 6.21118
70 4.48849e-05 0.00667071 200 7.04225
70 5.66638e-05 0.00418006 300 7.4813
70 6.55913e-05 0.00114693 400 7.5188
70 8.84009e-05 0.00557507 500 7.4184
80 7.81252e-05 0.00612547 100 6.45161
80 4.34681e-05 0.00602056 200 7.22022
80 6.01782e-05 0.00325137 300 7.61421
80 6.97e-05 0.00138157 400 7.61905
80 8.79303e-05 0.0066811 500 7.44048
90 8.4432e-05 0.00509843 100 6.71141
90 4.63869e-05 0.00524437 200 7.38007
90 6.64145e-05 0.00232246 300 7.75194
90 7.43354e-05 0.00258646 400 7.72201
90 8.94843e-05 0.00797423 500 7.44048
100 9.00349e-05 0.00352999 100 6.89655
100 5.52969e-05 0.00461665 200 7.5188
100 6.55109e-05 0.00175336 300 7.8329
100 7.77841e-05 0.00248562 400 7.79727
100 9.75389e-05 0.0076557 500 7.34214
110 7.17626e-05 0.00618918 100 6.89655
110 4.97354e-05 0.00758668 200 7.54717
110 5.63825e-05 0.00507915 300 7.89474
110 7.24983e-05 0.0016359 400 7.85855
120 5.23624e-05 0.00749322 100 6.84932
120 4.59349e-05 0.00886901 200 7.57576
120 5.36869e-05 0.00566881 300 7.89474
120 7.61478e-05 0.00225276 400 7.90514
130 5.14437e-05 0.00733313 100 6.84932
130 4.52156e-05 0.00856906 200 7.57576
130 5.89551e-05 0.00518372 300 7.8125
130 7.59028e-05 0.00183034 400 7.92079
140 5.58864e-05 0.00914885 100 6.89655
140 4.7717e-05 0.00907078 200 7.63359
140 5.57921e-05 0.00530371 300 7.75194
140 8.04032e-05 0.00178402 400 7.93651
150 5.34886e-05 0.00956546 100 6.99301
150 5.43181e-05 0.0093634 200 7.66284
150 5.84814e-05 0.00540447 300 7.71208
150 7.68298e-05 0.00159864 400 7.96813
160 5.77743e-05 0.00882582 100 7.04225
160 5.30412e-05 0.00899262 200 7.72201
160 6.00239e-05 0.00483598 300 7.71208
160 8.08745e-05 0.00162254 400 7.98403
170 6.13761e-05 0.00882991 100 7.14286
170 5.66283e-05 0.00774954 200 7.7821
170 6.84187e-05 0.00345551 300 7.73196
170 8.28859e-05 0.0022417 400 8
180 5.85938e-05 0.0085328 100 7.24638
180 6.36645e-05 0.00658318 200 7.84314
180 7.39456e-05 0.00222442 300 7.77202
180 8.74361e-05 0.00334252 400 8
190 5.9201e-05 0.00865389 100 7.40741
190 6.58732e-05 0.00577129 200 7.93651
190 7.63431e-05 0.00106995 300 7.8329
190 9.36741e-05 0.0041478 400 8.03213
200 3.84473e-05 0.0108136 100 7.57576
200 6.12792e-05 0.00669996 200 8.06452
200 7.30807e-05 0.00189079 300 7.91557
200 9.15823e-05 0.00380184 400 8.06452
210 3.08816e-05 0.0125487 100 7.8125
210 5.42083e-05 0.00792596 200 8.16327
210 7.64471e-05 0.00274539 300 7.97872
210 9.06745e-05 0.0029041 400 8.08081
220 5.14437e-05 0.012231 100 8
220 6.5692e-05 0.00682877 200 8.26446
220 8.12682e-05 0.00193123 300 8.02139
220 9.30274e-05 0.00409798 400 8.01603
230 3.65396e-05 0.0130817 100 8.06452
230 5.59932e-05 0.00737725 200 8.29876
230 6.97418e-05 0.00247118 300 8.06452
230 9.71115e-05 0.00428875 400 7.7821
240 5.0034e-05 0.0146733 100 8.13008
240 5.59399e-05 0.00882435 200 8.3682
240 7.01017e-05 0.00353261 300 8.10811
240 9.05265e-05 0.0035268 400 7.57576
250 5.98021e-05 0.0157543 100 8.19672
250 5.23626e-05 0.0092885 200 8.43882
250 7.92379e-05 0.00403139 300 8.17439
260 7.34049e-05 0.0149695 100 8.33333
260 5.54046e-05 0.00874432 200 8.51064
260 8.49813e-05 0.00359684 300 8.26446
270 8.77552e-05 0.0142721 100 8.33333
270 6.45016e-05 0.00846821 200 8.43882
270 8.66332e-05 0.00322992 300 8.31025
280 7.46928e-05 0.0136322 100 8.40336
280 6.38515e-05 0.00822665 200 8.23045
280 8.69385e-05 0.00338528 300 8.33333
290 8.62479e-05 0.0146542 100 8.40336
290 6.14734e-05 0.0089074 200 8.13008
290 8.95061e-05 0.00396443 300 8.33333
300 6.01994e-05 0.0145675 100 8.40336
300 6.41309e-05 0.00813598 200 8.06452
300 9.08284e-05 0.00368396 300 8.31025
310 7.2424e-05 0.014748 100 8.40336
310 7.42933e-05 0.00800778 200 8
310 8.90015e-05 0.00420943 300 8.28729
320 7.14295e-05 0.0128809 100 8.47458
320 8.24684e-05 0.00631495 200 8
320 9.62662e-05 0.00439794 300 8.24176
330 0.000123431 0.00911496 100 8.47458
330 0.000107424 0.00395703 200 8.03213
330 0.000122565 0.0067832 300 8.19672
340 0.00010404 0.00729483 100 8.47458
340 0.000107701 0.00399019 200 8
340 0.000116308 0.00849416 300 8.06452
350 0.000114096 0.00735076 100 8.40336
350 0.000108638 0.00535767 200 8
350 0.000125723 0.0104578 300 7.75194
360 0.000115239 0.00655468 100 8.47458
360 0.000115112 0.00568689 200 8.03213
360 0.000123791 0.0115092 300 7.42574
370 0.000122266 0.00725336 100 8.54701
370 0.000130568 0.00773667 200 8.13008
380 0.000134788 0.00716363 100 8.54701
380 0.000139827 0.00891697 200 8.19672
390 0.000153247 0.00726967 100 8.33333
390 0.000146 0.0097772 200 8.23045
400 0.000148426 0.00800667 100 7.93651
400 0.000142738 0.0102826 200 8.23045
410 0.000148104 0.00797457 100 7.69231
410 0.000145325 0.0112075 200 8.23045
420 0.000126295 0.00755058 100 7.57576
420 0.000129835 0.00917763 200 8.19672
430 0.000144684 0.00869659 100 7.5188
430 0.00013011 0.00959429 200 8.16327
440 0.000121287 0.0084115 100 7.5188
440 0.000132988 0.00962656 200 8.06452
450 0.00012974 0.00818652 100 7.5188
450 0.000123987 0.00925176 200 7.96813
460 0.000119804 0.00757362 100 7.5188
460 0.000125445 0.00922357 200 7.75194
470 0.000112835 0.00828237 100 7.57576
470 0.000147544 0.0103439 200 7.27273
480 0.000113046 0.00849534 100 7.57576
480 0.000149031 0.00977855 200 6.75676
490 0.000134788 0.00920543 100 7.69231
500 0.000146078 0.00963971 100 7.87402
510 0.000139397 0.00906797 100 8.06452
520 0.000142275 0.00914215 100 8.33333
530 0.000147135 0.00862881 100 8.54701
540 0.000162534 0.00837699 100 8.77193
550 0.000159872 0.0087632 100 8.84956
560 0.00012761 0.0093851 100 8.77193
570 0.000136196 0.0101229 100 8.62069
580 0.000142191 0.0096433 100 8.40336
590 0.000147054 0.00957843 100 8
600 0.000188102 0.0088284 100 6.99301
610 0.000189554 0.008078 100 6.06061
