-5.55112e-17 2.22045e-16 0 -2.98023e-08
0.00203758 3.94173 -0.0351474 3.93796
0.00757102 7.90877 -0.0549092 7.89134
0.00678092 11.9043 -0.09195 11.8698
-0.00585175 15.9307 -0.146675 15.905
0.00500609 19.9867 -0.157937 19.9715
-0.00736932 24.0721 -0.162821 24.0508
0.00196227 28.1947 -0.185618 28.1541
0.00682708 32.3353 -0.209435 32.292
0.0121194 36.5079 -0.21504 36.4416
0.0194295 40.7044 -0.234317 40.6416
0.0262236 44.9282 -0.248727 44.8594
0.0335922 49.1796 -0.240584 49.0956
0.0253698 53.4572 -0.276555 53.3566
0.0132291 57.7455 -0.312521 57.6319
0.00276421 62.028 -0.355171 61.9196
-0.00595393 66.2894 -0.381331 66.2196
-0.0270227 70.53 -0.419079 70.4564
-0.0467759 74.7424 -0.457576 74.6627
-0.0528733 78.935 -0.479606 78.8692
-0.0483881 83.0972 -0.489996 82.9959
-0.0751804 87.2502 -0.513411 87.1818
-0.111047 91.3752 -0.53606 91.3527
-0.169705 95.4608 -0.567291 95.5264
-0.234406 99.5151 -0.603578 99.6049
-0.28676 103.546 -0.638883 103.652
-0.334309 107.565 -0.676075 107.738
-0.394315 111.577 -0.688561 111.629
-0.42959 115.56 -0.709724 115.836
-0.430614 119.561 -0.71494 119.749
-0.456074 123.624 -0.704483 123.861
-0.47085 127.692 -0.687854 127.873
-0.470125 131.756 -0.649491 131.891
-0.46612 135.815 -0.600085 135.876
-0.464181 139.863 -0.554425 139.89
-0.474702 143.91 -0.535734 143.963
-0.484415 147.954 -0.506358 148.046
-0.497985 151.992 -0.472153 152.073
-0.518837 156.033 -0.465071 156.126
-0.490889 160.079 -0.432613 160.167
-0.47678 164.13 -0.424748 164.204
-0.449484 168.2 -0.417578 168.294
-0.411154 172.284 -0.415826 172.485
-0.358878 176.409 -0.410336 176.612
-0.313655 180.542 -0.394343 180.908
-0.318656 184.704 -0.41421 185.056
-0.308933 188.9 -0.42492 189.368
-0.300756 193.121 -0.418688 193.598
-0.295505 197.381 -0.394023 197.794
-0.332199 201.657 -0.410375 202.112
-0.348136 205.97 -0.410779 206.427
-0.342964 210.323 -0.382565 210.822
-0.357581 214.714 -0.387734 215.167
-0.360488 219.142 -0.384361 219.584
-0.375507 223.589 -0.384722 224.076
-0.378527 228.06 -0.396834 228.523
-0.37457 232.542 -0.399069 233.032
-0.378408 237.045 -0.399792 237.585
-0.382092 241.571 -0.402219 242.079
-0.377078 246.123 -0.394862 246.666
-0.365894 250.696 -0.390632 251.193
-0.356528 255.288 -0.377846 255.794
-0.3408 259.9 -0.368461 260.467
-0.325374 264.511 -0.348308 265.099
-0.317394 269.138 -0.306982 269.667
-0.31404 273.765 -0.276477 274.379
-0.306203 278.395 -0.244605 279.034
-0.27649 283.05 -0.184236 283.706
-0.230158 287.7 -0.106695 288.422
-0.192693 292.369 -0.0441375 293.158
-0.168171 297.072 0.0442745 297.818
-0.143657 301.821 0.0668012 302.622
-0.111308 306.609 0.123261 307.414
-0.0932494 311.433 0.174447 312.174
-0.107981 316.295 0.225338 317.071
-0.10397 321.182 0.2255 322.02
-0.0964844 326.068 0.257441 326.908
-0.0744272 330.951 0.277642 331.795
-0.0543496 335.802 0.298931 336.682
-0.0425701 340.629 0.330274 341.545
-0.0351466 345.453 0.324069 346.345
-0.0415633 350.253 0.327405 351.181
-0.0750661 355.038 0.308581 355.951
-0.109101 359.812 0.273774 360.74
-0.141995 364.587 0.260371 365.463
-0.185891 369.387 0.247029 370.276
-0.237813 374.225 0.251359 375.034
-0.270401 378.993 0.247948 379.831
-0.296087 383.841 0.27066 384.651
-0.316454 388.686 0.293872 389.55
-0.32379 393.558 0.327762 394.385
