0 5.60993e-05 0.00405284 100 12.1951
0 8.69371e-05 0.00243643 200 15.3846
0 7.36225e-05 0.00610865 300 17.5439
0 7.63238e-05 0.0101776 400 19.1388
0 7.83555e-05 0.014338 500 20.3252
0 7.45613e-05 0.0182884 600 21.1268
0 6.93976e-05 0.021529 700 21.8069
0 6.16548e-05 0.0241594 800 22.2841
10 6.53277e-05 0.00462008 100 12.987
10 7.69341e-05 0.00337621 200 16.129
10 7.59604e-05 0.00674326 300 18.1818
10 7.91045e-05 0.010737 400 19.7044
10 7.94557e-05 0.0149595 500 20.8333
10 7.5282e-05 0.0188059 600 21.5827
10 7.06936e-05 0.021962 700 22.2222
10 6.23042e-05 0.0245126 800 22.6629
20 6.92259e-05 0.00511925 100 13.8889
20 7.54082e-05 0.00338739 200 16.9492
20 7.69996e-05 0.00650224 300 18.8679
20 7.69654e-05 0.0105461 400 20.3046
20 7.96535e-05 0.014543 500 21.3675
20 7.29036e-05 0.0182266 600 22.1402
20 6.95097e-05 0.0214746 700 22.6537
20 6.03227e-05 0.0238489 800 23.1214
30 0.000101957 0.00285651 100 14.9254
30 9.03663e-05 0.00463288 200 17.8571
30 8.31535e-05 0.0087315 300 19.6078
30 7.99478e-05 0.0128378 400 21.0526
30 8.55715e-05 0.016889 500 22.0264
30 7.90636e-05 0.020776 600 22.6415
30 7.16953e-05 0.0238169 700 23.1788
30 6.24983e-05 0.0262079 800 23.5294
40 0.000115136 0.00257261 100 16.129
40 0.0001009 0.00694905 200 18.8679
40 9.55202e-05 0.0109944 300 20.4082
40 8.68718e-05 0.0151564 400 21.7391
40 8.69154e-05 0.01923 500 22.6244
40 8.25642e-05 0.0229573 600 23.166
40 6.99147e-05 0.0257842 700 23.6486
40 6.28669e-05 0.0278958 800 23.9521
50 0.000144684 0.00417811 100 17.2414
50 0.00010569 0.00850029 200 19.802
50 9.88328e-05 0.0123 300 21.2766
50 8.87137e-05 0.0162611 400 22.4719
50 9.22765e-05 0.0203503 500 23.1481
50 8.01331e-05 0.0238482 600 23.7154
50 7.29239e-05 0.0267151 700 24.055
50 6.35567e-05 0.0286268 800 24.3161
60 0.00012761 0.00330432 100 18.5185
60 0.00010004 0.00768339 200 20.6186
60 9.077e-05 0.011288 300 21.8978
60 8.66915e-05 0.0154373 400 22.9885
60 8.5733e-05 0.0191 500 23.6967
60 8.04467e-05 0.0227201 600 24.0964
60 6.79445e-05 0.0252597 700 24.4755
60 6.13001e-05 0.0270826 800 24.6914
70 0.000136633 0.00284562 100 19.2308
70 0.0001009 0.00595324 200 21.2766
70 9.03898e-05 0.00979778 300 22.5564
70 8.71116e-05 0.0139193 400 23.5294
70 8.5499e-05 0.0176511 500 24.1546
70 7.28854e-05 0.0211284 600 24.4898
70 6.38526e-05 0.0235328 700 24.8227
70 5.92442e-05 0.0252946 800 25
80 8.73467e-05 0.00124196 100 20.4082
80 7.95997e-05 0.00439709 200 21.978
80 8.09579e-05 0.00828159 300 23.2558
80 8.21544e-05 0.0124794 400 24.0964
80 7.6626e-05 0.0162617 500 24.5098
80 7.01434e-05 0.0192509 600 24.8963
80 6.12299e-05 0.0215788 700 25.0896
80 5.76696e-05 0.0232022 800 25.3165
90 9.29022e-05 0.0029372 100 21.2766
90 8.9438e-05 0.00595554 200 22.4719
90 8.45124e-05 0.00961991 300 23.8095
90 8.8259e-05 0.0135922 400 24.5399
90 7.69055e-05 0.0172391 500 24.8756
90 6.86156e-05 0.0199218 600 25.2101
90 6.04861e-05 0.0220526 700 25.3623
90 5.76017e-05 0.0237269 800 25.4777
100 9.98298e-05 0.00257202 100 21.7391
100 8.81626e-05 0.0059265 200 23.2558
100 8.02017e-05 0.009767 300 24.3902
100 8.34771e-05 0.014033 400 24.8447
100 7.43707e-05 0.0172867 500 25.2525
100 6.52252e-05 0.020005 600 25.4237
100 5.88713e-05 0.0218466 700 25.5474
100 5.76017e-05 0.023395 800 25.7235
110 6.30999e-05 0.00087396 100 22.2222
110 7.73205e-05 0.00401861 200 23.8095
110 7.55056e-05 0.00818333 300 24.7934
110 7.98919e-05 0.0122076 400 25.1572
110 7.20183e-05 0.0153945 500 25.5102
110 6.1906e-05 0.0179043 600 25.641
110 5.73724e-05 0.0196569 700 25.8303
110 5.68791e-05 0.0216032 800 25.89
120 6.01994e-05 0.00253027 100 22.7273
120 6.74823e-05 0.00329982 200 24.0964
120 7.37124e-05 0.00748179 300 25.2101
120 7.52619e-05 0.0108025 400 25.4777
120 6.86203e-05 0.0138898 500 25.7732
120 5.73513e-05 0.016158 600 25.8621
120 5.56281e-05 0.0181247 700 25.9259
120 5.55834e-05 0.0204672 800 25.974
130 6.45937e-05 0.00412879 100 23.2558
130 6.36645e-05 0.00340169 200 24.6914
130 7.67239e-05 0.00775134 300 25.4237
130 6.73844e-05 0.0107718 400 25.641
130 6.44115e-05 0.013078 500 25.9067
130 5.70561e-05 0.0153106 600 25.974
130 5.52946e-05 0.0172373 700 26.1194
130 5.50546e-05 0.0197753 800 26.1438
140 9.54341e-05 0.00262159 100 23.8095
140 8.14137e-05 0.00671803 200 25
140 9.20453e-05 0.0108146 300 25.641
140 7.96209e-05 0.013948 400 25.974
140 6.99216e-05 0.0163444 500 26.0417
140 5.95499e-05 0.0181264 600 26.087
140 5.74572e-05 0.0197257 700 26.2172
140 5.80047e-05 0.0217853 800 26.2295
150 0.000100306 0.00255563 100 23.8095
150 7.76667e-05 0.00627939 200 25.641
150 8.73186e-05 0.0101066 300 25.8621
150 7.19101e-05 0.0131037 400 26.1438
150 6.5709e-05 0.0152883 500 26.178
150 5.86137e-05 0.0171439 600 26.2009
150 5.76221e-05 0.0190405 700 26.3158
150 5.83186e-05 0.0215535 800 26.3158
160 9.82651e-05 0.00178002 100 25
160 8.6145e-05 0.00775962 200 25.974
160 8.15773e-05 0.010374 300 26.087
160 7.08242e-05 0.0128114 400 26.3158
160 6.06122e-05 0.0145925 500 26.3158
160 5.65429e-05 0.0162195 600 26.3158
160 5.74529e-05 0.0182349 700 26.4151
160 5.76211e-05 0.0208144 800 26.4026
170 8.93704e-05 0.00307704 100 25.641
170 8.81288e-05 0.00867682 200 26.3158
170 7.7804e-05 0.0107252 300 26.3158
170 7.27139e-05 0.012621 400 26.3158
170 5.93319e-05 0.0139842 500 26.455
170 5.73282e-05 0.0157222 600 26.4317
170 5.6784e-05 0.0180341 700 26.4151
170 5.74722e-05 0.0207492 800 26.4901
180 7.17626e-05 0.00561475 100 25.641
180 8.45738e-05 0.00962464 200 26.3158
180 6.96468e-05 0.00987986 300 26.5487
180 6.20897e-05 0.0109644 400 26.4901
180 5.6693e-05 0.0126942 500 26.455
180 5.65605e-05 0.014739 600 26.5487
180 5.79128e-05 0.0173302 700 26.5152
180 5.92191e-05 0.0207546 800 26.4901
190 6.83595e-05 0.00788631 100 26.3158
190 8.68685e-05 0.00908763 200 26.3158
190 6.66733e-05 0.0100689 300 26.5487
190 6.12317e-05 0.010784 400 26.4901
190 5.6186e-05 0.0125237 500 26.455
190 5.68758e-05 0.0147921 600 26.5487
190 5.7177e-05 0.0177103 700 26.5152
190 6.20675e-05 0.0212688 800 26.4901
200 8.0233e-05 0.0114352 100 26.3158
200 8.02708e-05 0.010085 200 26.3158
200 7.26991e-05 0.0105112 300 26.5487
200 5.78915e-05 0.0111564 400 26.4901
200 5.90014e-05 0.0132525 500 26.455
200 5.91873e-05 0.016266 600 26.4317
200 6.01472e-05 0.0192783 700 26.5152
200 6.83134e-05 0.0233659 800 26.4026
210 0.000102307 0.012996 100 25.641
210 7.14717e-05 0.0108759 200 26.3158
210 6.49014e-05 0.00975331 300 26.3158
210 5.68131e-05 0.0104703 400 26.4901
210 5.56916e-05 0.0126352 500 26.455
210 5.67417e-05 0.015608 600 26.4317
210 5.83231e-05 0.0189337 700 26.4151
210 6.70217e-05 0.0229678 800 26.4026
220 0.000117999 0.0116218 100 25.641
220 7.82782e-05 0.00976357 200 26.3158
220 6.61347e-05 0.00961244 300 26.3158
220 5.84423e-05 0.0110476 400 26.3158
220 5.88719e-05 0.0136353 500 26.455
220 5.91537e-05 0.0164967 600 26.4317
220 6.35929e-05 0.0202819 700 26.4151
220 6.86888e-05 0.0243803 800 26.3158
230 9.31585e-05 0.00979813 100 25.641
230 6.89243e-05 0.00884118 200 26.3158
230 5.7222e-05 0.00808015 300 26.3158
230 5.8404e-05 0.0105269 400 26.3158
230 5.84002e-05 0.0137582 500 26.455
230 5.93493e-05 0.0170799 600 26.4317
230 6.45274e-05 0.021069 700 26.4151
230 6.91512e-05 0.0247939 800 26.3158
240 6.93979e-05 0.00891308 100 25.641
240 5.74642e-05 0.00663728 200 25.974
240 5.4979e-05 0.00734569 300 26.3158
240 6.16199e-05 0.010659 400 26.3158
240 5.86772e-05 0.0145971 500 26.3158
240 6.0318e-05 0.0179369 600 26.4317
240 6.88908e-05 0.0223121 700 26.3158
240 6.70523e-05 0.0252899 800 26.2295
250 5.94021e-05 0.00801045 100 25.641
250 5.55657e-05 0.00598143 200 25.974
250 5.37855e-05 0.00828008 300 26.3158
250 6.10977e-05 0.0120582 400 26.3158
250 5.8253e-05 0.0158565 500 26.3158
250 6.41345e-05 0.0195521 600 26.3158
250 6.89225e-05 0.0234889 700 26.3158
250 6.65894e-05 0.0261144 800 26.2295
260 6.45937e-05 0.00702603 100 25.641
260 5.30973e-05 0.00581099 200 25.974
260 6.30378e-05 0.00938971 300 26.3158
260 6.04971e-05 0.0135763 400 26.3158
260 6.10434e-05 0.017022 500 26.3158
260 6.58569e-05 0.0210065 600 26.3158
260 6.95832e-05 0.0244908 700 26.3158
260 6.57671e-05 0.0269152 800 26.1438
270 5.75676e-05 0.00855577 100 25.641
270 6.1667e-05 0.00703907 200 25.974
270 6.703e-05 0.0110034 300 26.3158
270 6.60554e-05 0.0152055 400 26.3158
270 6.43745e-05 0.0185227 500 26.3158
270 6.95697e-05 0.0224917 600 26.3158
270 7.0262e-05 0.0256719 700 26.2172
270 6.62977e-05 0.0277719 800 26.1438
280 5.16749e-05 0.00638538 100 25.641
280 7.04215e-05 0.00927824 200 25.974
280 6.46151e-05 0.0133019 300 26.3158
280 6.61005e-05 0.0174417 400 26.3158
280 6.55127e-05 0.0206545 500 26.3158
280 7.48097e-05 0.0246227 600 26.3158
280 6.92115e-05 0.0268792 700 26.2172
280 6.60386e-05 0.0292445 800 26.0586
290 5.28158e-05 0.00524377 100 25.641
290 5.99019e-05 0.00938238 200 25.974
290 7.04786e-05 0.0135248 300 26.3158
290 6.14261e-05 0.0173733 400 26.3158
290 6.8034e-05 0.0208498 500 26.3158
290 7.26213e-05 0.0246398 600 26.2009
290 6.75638e-05 0.0265163 700 26.1194
290 6.67236e-05 0.0288384 800 26.0586
300 5.50266e-05 0.0059038 100 25.641
300 7.82402e-05 0.0102355 200 25.974
300 6.8901e-05 0.0144435 300 26.3158
300 6.26393e-05 0.0177895 400 26.3158
300 7.08836e-05 0.0215314 500 26.3158
300 7.04779e-05 0.0247625 600 26.2009
300 6.75818e-05 0.0264005 700 26.1194
300 6.72688e-05 0.0287463 800 26.0586
310 0.000100306 0.00982302 100 25.641
310 8.54154e-05 0.0143457 200 25.974
310 7.8718e-05 0.0184054 300 26.087
310 6.82306e-05 0.0210729 400 26.3158
310 7.44796e-05 0.0248485 500 26.178
310 7.0979e-05 0.0268776 600 26.2009
310 6.78011e-05 0.0284142 700 26.0223
310 6.71356e-05 0.0303116 800 26.0586
320 8.48545e-05 0.010389 100 25.641
320 7.39717e-05 0.0147059 200 25.974
320 7.0441e-05 0.01847 300 26.087
320 6.85574e-05 0.0210036 400 26.3158
320 7.82642e-05 0.0248786 500 26.178
320 7.14163e-05 0.0261305 600 26.087
320 6.81341e-05 0.0279353 700 26.0223
320 6.8103e-05 0.0299156 800 26.0586
330 0.00010254 0.0117764 100 25.641
330 8.39726e-05 0.0162983 200 25.974
330 7.46765e-05 0.0191961 300 26.087
330 7.12019e-05 0.0225285 400 26.1438
330 7.91067e-05 0.0254405 500 26.178
330 7.12259e-05 0.0263791 600 26.087
330 6.88024e-05 0.0282001 700 26.0223
330 6.95301e-05 0.0303061 800 26.0586
340 9.49331e-05 0.0132317 100 25.641
340 8.69371e-05 0.0166573 200 25.974
340 6.64743e-05 0.0189792 300 26.087
340 7.62945e-05 0.0225261 400 26.1438
340 7.49902e-05 0.0245091 500 26.178
340 7.04121e-05 0.0253329 600 25.974
340 6.80805e-05 0.0270495 700 26.0223
340 6.92777e-05 0.0292292 800 26.0586
350 8.32948e-05 0.00960056 100 25.641
350 6.59636e-05 0.0130337 200 25.974
350 6.41212e-05 0.0155779 300 26.087
350 7.9471e-05 0.0198249 400 26.1438
350 7.90645e-05 0.0214493 500 26.0417
350 7.1509e-05 0.0229451 600 25.974
350 7.20205e-05 0.0253254 700 25.9259
350 7.14078e-05 0.0277106 800 26.1438
360 6.76584e-05 0.0129364 100 25.641
360 6.36645e-05 0.0153217 200 25.974
360 6.88241e-05 0.0175503 300 26.087
360 7.82235e-05 0.0211477 400 26.1438
360 7.73076e-05 0.021777 500 26.0417
360 7.16062e-05 0.0235505 600 25.8621
360 7.11466e-05 0.0255171 700 26.0223
360 7.13086e-05 0.027889 800 26.1438
370 6.65928e-05 0.0142138 100 25.641
370 6.09867e-05 0.0146192 200 25.974
370 7.05726e-05 0.0181897 300 26.087
370 7.79659e-05 0.0210065 400 25.974
370 7.43899e-05 0.0211367 500 25.9067
370 7.40352e-05 0.0231868 600 25.8621
370 7.37568e-05 0.0253745 700 26.0223
370 7.20703e-05 0.027899 800 26.1438
380 5.94021e-05 0.0128572 100 25.641
380 6.18119e-05 0.0138015 200 25.974
380 7.27719e-05 0.0180532 300 26.087
380 8.61396e-05 0.0194983 400 25.974
380 7.63641e-05 0.0202242 500 25.9067
380 7.43166e-05 0.0224208 600 25.8621
380 7.49452e-05 0.0249188 700 26.0223
380 7.25728e-05 0.0277349 800 26.1438
390 6.157e-05 0.0124709 100 25.641
390 6.30057e-05 0.0141276 200 25.974
390 8.5277e-05 0.0186784 300 26.087
390 8.40997e-05 0.0190378 400 25.974
390 7.57999e-05 0.0202135 500 25.7732
390 7.56595e-05 0.0223088 600 25.8621
390 7.55436e-05 0.0249062 700 26.0223
390 7.23387e-05 0.0278374 800 26.1438
400 5.9201e-05 0.0110642 100 25.641
400 6.83163e-05 0.0141171 200 25.974
400 8.50281e-05 0.0179138 300 25.8621
400 8.44181e-05 0.0177928 400 25.8065
400 7.96295e-05 0.0196225 500 25.7732
400 7.73567e-05 0.0221193 600 25.8621
400 7.71125e-05 0.0248141 700 26.1194
400 7.35852e-05 0.027861 800 26.2295
410 7.90354e-05 0.0117219 100 25.641
410 7.63118e-05 0.0174365 200 25.974
410 8.80438e-05 0.0190896 300 25.8621
410 8.41528e-05 0.0187027 400 25.8065
410 8.044e-05 0.0208115 500 25.7732
410 7.89294e-05 0.0232292 600 25.974
410 7.64722e-05 0.0260444 700 26.1194
410 7.30106e-05 0.0289522 800 26.2295
420 7.12625e-05 0.0118761 100 25.641
420 8.73475e-05 0.0178196 200 25.641
420 0.000103059 0.0178754 300 25.8621
420 8.56798e-05 0.0183676 400 25.641
420 8.25528e-05 0.0205436 500 25.7732
420 8.1429e-05 0.0232268 600 25.974
420 7.79757e-05 0.0263353 700 26.1194
420 7.644e-05 0.0296565 800 26.1438
430 6.71277e-05 0.014005 100 25.641
430 0.000100841 0.0200724 200 25.641
430 0.000104158 0.0178456 300 25.641
430 8.4568e-05 0.0185983 400 25.641
430 8.4658e-05 0.0207222 500 25.7732
430 8.08615e-05 0.0233471 600 25.974
430 7.63767e-05 0.0264654 700 26.1194
430 7.45339e-05 0.0294987 800 26.1438
440 9.14798e-05 0.0194766 100 25.641
440 0.000100367 0.0215553 200 25.641
440 9.76597e-05 0.0189516 300 25.641
440 8.67344e-05 0.0195992 400 25.641
440 8.35864e-05 0.0215983 500 25.7732
440 7.96854e-05 0.0238526 600 26.087
440 7.47956e-05 0.0267709 700 26.1194
440 7.3329e-05 0.0294867 800 26.1438
450 9.161e-05 0.0216957 100 25
450 0.000115499 0.0188082 200 25.641
450 9.8551e-05 0.0161746 300 25.641
450 8.93582e-05 0.0180906 400 25.641
450 8.71237e-05 0.0206924 500 25.7732
450 8.18874e-05 0.023597 600 26.087
450 7.77788e-05 0.0268097 700 26.1194
450 7.42333e-05 0.0297519 800 26.0586
460 0.000109074 0.0230125 100 25
460 0.000125706 0.0181396 200 25.3165
460 9.12504e-05 0.0163868 300 25.4237
460 9.01966e-05 0.0179511 400 25.641
460 8.54543e-05 0.0205154 500 25.9067
460 8.1013e-05 0.0235812 600 26.087
460 7.66661e-05 0.0268574 700 26.1194
460 7.01598e-05 0.0297266 800 25.974
470 0.000142693 0.0242922 100 25
470 0.000130545 0.0165409 200 25.3165
470 9.98596e-05 0.0162728 300 25.4237
470 9.33713e-05 0.0184907 400 25.641
470 8.86111e-05 0.0212008 500 25.9067
470 8.10538e-05 0.0244264 600 26.087
470 7.93373e-05 0.0275469 700 26.1194
470 7.13765e-05 0.0305667 800 25.89
480 0.000126011 0.0158019 100 25
480 0.00012535 0.0121054 200 25.3165
480 9.96471e-05 0.0140785 300 25.4237
480 9.57513e-05 0.0169658 400 25.641
480 8.60218e-05 0.0199992 500 26.0417
480 7.94106e-05 0.0234121 600 26.087
480 7.72008e-05 0.0265445 700 26.1194
480 6.81823e-05 0.0296972 800 25.8065
490 0.000145997 0.012546 100 25
490 0.000114723 0.0100394 200 25.3165
490 9.87524e-05 0.0125745 300 25.4237
490 9.051e-05 0.0155208 400 25.8065
490 8.54543e-05 0.0189313 500 26.0417
490 7.95731e-05 0.0222381 600 26.2009
490 7.07177e-05 0.0254539 700 26.0223
490 6.47218e-05 0.028291 800 25.7235
500 0.000171736 0.00963216 100 25
500 9.96816e-05 0.00785481 200 25
500 9.36151e-05 0.0103727 300 25.4237
500 8.54621e-05 0.0133525 400 25.8065
500 7.74309e-05 0.0168315 500 26.0417
500 7.56463e-05 0.0200477 600 26.2009
500 6.69704e-05 0.0230642 700 25.9259
500 6.46526e-05 0.026009 800 25.5591
510 0.000181062 0.00212632 100 25
510 9.64911e-05 0.00497773 200 25
510 8.76668e-05 0.00821855 300 25.4237
510 8.42767e-05 0.0113342 400 25.974
510 7.4223e-05 0.0149016 500 26.178
510 7.0764e-05 0.0183271 600 26.087
510 6.31821e-05 0.0212486 700 25.8303
510 6.23132e-05 0.0242653 800 25.3968
520 0.000144684 0.00197396 100 24.3902
520 9.43674e-05 0.00464806 200 25
520 8.60963e-05 0.00750357 300 25.641
520 8.43474e-05 0.0109374 400 25.974
520 7.26645e-05 0.0141876 500 26.178
520 7.06469e-05 0.0174824 600 26.087
520 5.98064e-05 0.0204746 700 25.7353
520 6.3357e-05 0.0241156 800 25.2366
530 6.80098e-05 0.0078707 100 24.3902
530 6.68166e-05 0.0092206 200 25
530 6.61748e-05 0.00984897 300 25.641
530 6.5648e-05 0.0109363 400 25.974
530 6.21506e-05 0.0131847 500 26.178
530 5.49266e-05 0.0153366 600 26.087
530 5.55668e-05 0.0184162 700 25.641
530 6.16638e-05 0.0225975 800 25.0784
540 5.45916e-05 0.0121102 100 24.3902
540 5.5189e-05 0.0112036 200 25.3165
540 6.01121e-05 0.0108992 300 25.8621
540 5.999e-05 0.0114072 400 26.1438
540 5.98202e-05 0.0132578 500 26.178
540 5.57109e-05 0.015231 600 25.974
540 5.79086e-05 0.018673 700 25.4545
540 6.17031e-05 0.0225003 800 24.8447
550 5.6943e-05 0.014831 100 24.3902
550 5.92013e-05 0.0132066 200 25.3165
550 6.18927e-05 0.0124157 300 26.087
550 5.96537e-05 0.0129873 400 26.3158
550 5.98202e-05 0.0143401 500 26.178
550 5.54845e-05 0.016662 600 25.8621
550 5.91147e-05 0.0202311 700 25.3623
550 6.07781e-05 0.0237819 800 24.4648
560 7.05901e-05 0.0124962 100 24.3902
560 7.27529e-05 0.0109484 200 25.641
560 7.0045e-05 0.010934 300 26.087
560 6.38295e-05 0.0124911 400 26.3158
560 6.11761e-05 0.0143686 500 26.178
560 5.67651e-05 0.0173099 600 25.7511
560 6.24148e-05 0.0218048 700 25.1799
560 6.26888e-05 0.0244314 800 24.024
570 8.19966e-05 0.0102914 100 25
570 7.52895e-05 0.00922876 200 25.974
570 7.07226e-05 0.00941329 300 26.3158
570 6.4109e-05 0.0117493 400 26.3158
570 5.69532e-05 0.0136823 500 26.178
570 5.3781e-05 0.0167765 600 25.641
570 6.40808e-05 0.021484 700 25
570 6.43695e-05 0.0237403 800 23.5988
580 8.48545e-05 0.00771759 100 25
580 8.15965e-05 0.00769416 200 25.974
580 6.96468e-05 0.00919362 300 26.3158
580 6.93786e-05 0.0117634 400 26.4901
580 5.82857e-05 0.0142136 500 26.0417
580 6.11957e-05 0.0177462 600 25.5319
580 6.62617e-05 0.0221498 700 24.735
580 6.52494e-05 0.023569 800 23.0548
590 7.90354e-05 0.00916341 100 25.641
590 7.56449e-05 0.0081811 200 26.3158
590 6.44714e-05 0.00908141 300 26.5487
590 6.31251e-05 0.011017 400 26.3158
590 5.59734e-05 0.0134848 500 26.0417
590 6.03235e-05 0.0176518 600 25.3165
590 6.30471e-05 0.0215694 700 24.3056
590 6.45834e-05 0.0215522 800 22.6629
600 8.05296e-05 0.0111652 100 25.641
600 7.20118e-05 0.00935154 200 26.3158
600 6.22129e-05 0.0105452 300 26.5487
600 5.92023e-05 0.0115919 400 26.3158
600 5.61521e-05 0.0148439 500 25.7732
600 6.34908e-05 0.0198106 600 25.1046
600 6.21216e-05 0.0220707 700 23.8095
600 6.59284e-05 0.0202963 800 22.2222
610 7.48523e-05 0.0107567 100 25.641
610 6.28162e-05 0.00863382 200 26.6667
610 6.16783e-05 0.0101931 300 26.5487
610 5.54323e-05 0.0112623 400 26.1438
610 5.25184e-05 0.0143903 500 25.641
610 6.24759e-05 0.0197706 600 24.7934
610 6.37267e-05 0.0213089 700 23.1788
610 6.15247e-05 0.0176568 800 21.7984
620 6.64136e-05 0.0100458 100 26.3158
620 5.99019e-05 0.00899106 200 26.6667
620 6.01561e-05 0.0100136 300 26.5487
620 5.41128e-05 0.0117925 400 25.974
620 5.99953e-05 0.0157367 500 25.3807
620 6.34334e-05 0.0203539 600 24.3902
620 6.78621e-05 0.0208423 700 22.6537
620 5.80111e-05 0.0159791 800 21.5054
630 6.97407e-05 0.0097985 100 26.3158
630 5.81858e-05 0.00902636 200 26.6667
630 5.51954e-05 0.00890711 300 26.3158
630 5.54458e-05 0.011624 400 25.8065
630 6.20968e-05 0.0163417 500 25
630 6.08266e-05 0.0196583 600 23.9044
630 6.45123e-05 0.0188378 700 22.082
630 5.89131e-05 0.0137079 800 21.164
640 6.17633e-05 0.00841863 100 26.3158
640 5.67335e-05 0.00942344 200 26.6667
640 6.15493e-05 0.00929508 300 26.087
640 5.61535e-05 0.0124857 400 25.4777
640 6.25712e-05 0.0189097 500 24.7525
640 5.99159e-05 0.0202148 600 23.166
640 6.37496e-05 0.0174533 700 21.5385
640 5.85737e-05 0.0120532 800 20.7254
650 6.05942e-05 0.0100832 100 26.3158
650 6.3383e-05 0.0108058 200 26.3158
650 5.14699e-05 0.0104405 300 25.8621
650 5.8988e-05 0.0148861 400 25.1572
650 6.40253e-05 0.0197305 500 24.2718
650 6.45873e-05 0.0199795 600 22.4719
650 5.8892e-05 0.0157068 700 21.0843
650 5.98824e-05 0.0116643 800 20.3046
660 5.60993e-05 0.00960362 100 26.3158
660 5.5243e-05 0.00904321 200 25.974
660 5.54826e-05 0.0109753 300 25.641
660 6.27463e-05 0.0157369 400 24.8447
660 6.51258e-05 0.0199221 500 23.8095
660 6.55393e-05 0.0192314 600 21.8182
660 5.75756e-05 0.0143674 700 20.7715
660 5.5694e-05 0.01132 800 19.8511
670 5.50266e-05 0.0114126 100 25.641
670 5.53508e-05 0.00916086 200 25.974
670 5.83226e-05 0.0128968 300 25.2101
670 6.92711e-05 0.0183835 400 24.3902
670 6.13473e-05 0.020111 500 23.0415
670 6.40259e-05 0.018159 600 21.2014
670 5.77739e-05 0.0130673 700 20.3488
670 5.22736e-05 0.0111837 800 19.4175
680 6.21482e-05 0.012947 100 25.641
680 5.74123e-05 0.0108072 200 25.641
680 6.64743e-05 0.0143208 300 24.7934
680 6.74286e-05 0.0213862 400 23.9521
680 6.36892e-05 0.0207385 500 22.2222
680 6.16433e-05 0.0169398 600 20.6897
680 5.73512e-05 0.0123938 700 19.8864
680 4.63009e-05 0.0114612 800 19.0931
690 7.4373e-05 0.00921693 100 25.641
690 5.17903e-05 0.00940512 200 25.3165
690 6.50034e-05 0.014441 300 24.3902
690 6.87203e-05 0.0200209 400 23.5294
690 6.936e-05 0.0186468 500 21.4592
690 5.91929e-05 0.01362 600 20.202
690 6.69486e-05 0.0104962 700 19.4444
700 6.29107e-05 0.00737709 100 25
700 5.17327e-05 0.0102938 200 24.6914
700 6.85541e-05 0.016642 300 24
700 6.63593e-05 0.0201946 400 22.8571
700 6.94494e-05 0.0177153 500 20.8333
700 5.77312e-05 0.0125507 600 19.8675
700 6.11065e-05 0.0106512 700 18.9702
710 6.17633e-05 0.00653011 100 25
710 7.27119e-05 0.0123739 200 24.3902
710 7.39814e-05 0.021353 300 23.622
710 6.48256e-05 0.0201068 400 21.978
710 6.80971e-05 0.0166243 500 20.1613
710 6.19007e-05 0.011724 600 19.4175
710 5.31997e-05 0.0107372 700 18.5676
720 6.78343e-05 0.00702629 100 24.3902
720 7.38103e-05 0.013143 200 23.8095
720 6.97038e-05 0.0218764 300 23.0769
720 6.47336e-05 0.0193161 400 21.164
720 6.12851e-05 0.0144039 500 19.6078
720 6.14657e-05 0.0108274 600 18.9873
730 0.000101722 0.0116184 100 23.8095
730 8.7518e-05 0.0191292 200 23.5294
730 7.02339e-05 0.0237458 300 22.5564
730 6.32666e-05 0.0200747 400 20.3046
730 5.75695e-05 0.0147614 500 19.2308
730 6.30143e-05 0.0121869 600 18.5185
740 9.48074e-05 0.0136876 100 23.8095
740 8.86346e-05 0.0222811 200 22.9885
740 6.75026e-05 0.0236139 300 21.7391
740 6.7174e-05 0.0189391 400 19.7044
740 6.01303e-05 0.0137458 500 18.8679
740 5.91369e-05 0.0119426 600 18.0723
750 0.0001541 0.0166032 100 23.2558
750 9.30314e-05 0.0284195 200 22.4719
750 7.02716e-05 0.0233129 300 20.8333
750 7.41648e-05 0.0171747 400 19.0476
750 6.50965e-05 0.0121336 500 18.5185
750 5.48783e-05 0.0114914 600 17.7515
760 8.41491e-05 0.0152595 100 22.7273
760 8.552e-05 0.0266346 200 21.978
760 8.64035e-05 0.0201517 300 20
760 7.40743e-05 0.0122822 400 18.6047
760 7.65512e-05 0.00879413 500 18.0505
770 0.000108856 0.0248273 100 22.2222
770 8.08995e-05 0.0278853 200 21.5054
770 8.09252e-05 0.0196537 300 19.2308
770 6.56253e-05 0.0123754 400 18.1818
770 7.59005e-05 0.0104874 500 17.6056
780 0.000111346 0.0266282 100 21.7391
780 9.45567e-05 0.0252045 200 20.8333
780 8.86436e-05 0.0166486 300 18.5185
780 7.02431e-05 0.00966427 400 17.8571
780 7.27825e-05 0.00932304 500 17.2414
790 9.49331e-05 0.0351367 100 21.2766
790 9.72296e-05 0.0215435 200 19.802
790 0.000100257 0.011684 300 17.9641
790 9.07321e-05 0.00583016 400 17.5439
790 7.93656e-05 0.00773703 500 16.8919
800 0.000128448 0.0359661 100 20.8333
800 0.000117925 0.0217492 200 18.8679
800 0.000105485 0.00906288 300 17.4419
800 9.64493e-05 0.00496478 400 17.1674
800 7.57936e-05 0.00762405 500 16.6667
810 0.000152233 0.029411 100 20.4082
810 0.000123264 0.0159379 200 18.018
810 9.97269e-05 0.00427509 300 17.1429
810 0.000106195 0.00567939 400 16.8067
820 0.000155257 0.0276422 100 19.6078
820 0.000127752 0.0115527 200 17.2414
820 9.40809e-05 0.00301363 300 16.8539
820 8.95581e-05 0.00585447 400 16.3934
830 9.19996e-05 0.0208053 100 18.5185
830 0.000143197 0.00755953 200 16.6667
830 0.000104602 0.00434959 300 16.5746
830 9.39124e-05 0.0058326 400 16.129
840 0.000146323 0.0109391 100 17.2414
840 0.000145878 0.00847615 200 16.129
840 0.000116718 0.00993278 300 16.3043
840 9.57046e-05 0.00532941 400 15.873
850 0.000122169 0.00468298 100 16.3934
850 9.27748e-05 0.00553707 200 15.873
850 9.56865e-05 0.00812567 300 15.9574
860 0.000128169 0.00190987 100 15.625
860 7.74746e-05 0.00617627 200 15.625
860 0.000102375 0.00823953 300 15.625
870 0.000119405 0.00368719 100 14.9254
870 6.11818e-05 0.00563283 200 15.5039
870 8.75912e-05 0.00664605 300 15.3846
880 0.000181391 0.00645781 100 14.7059
880 0.000108884 0.00958328 200 15.5039
880 9.65273e-05 0.00772515 300 15.3061
890 0.000143692 0.00438587 100 14.7059
890 0.00010004 0.00723363 200 15.625
890 8.50592e-05 0.00445238 300 15.3061
900 0.000124776 0.00541231 100 14.9254
900 8.08627e-05 0.00697571 200 15.625
900 6.57127e-05 0.00273781 300 15.3061
910 6.38512e-05 0.00458531 100 14.9254
910 8.33313e-05 0.00589417 200 15.5039
920 5.45916e-05 0.00289377 100 15.3846
920 8.91041e-05 0.00474251 200 15.5039
930 2.48976e-05 0.00191396 100 15.625
930 8.45738e-05 0.00415983 200 15.5039
940 1.95313e-05 0.00231255 100 15.873
940 7.09275e-05 0.00387479 200 15.3846
950 5.39325e-05 0.00365351 100 16.129
950 6.36177e-05 0.00505501 200 15.3846
960 4.9314e-05 0.00457427 100 16.129
960 5.45372e-05 0.00622904 200 15.3846
970 8.30081e-05 0.00458546 100 15.873
970 5.74123e-05 0.00511932 200 15.3846
980 0.000137155 0.00570631 100 15.625
990 0.000205952 0.00757211 100 15.1515
1000 0.000117797 0.00599777 100 14.7059
1010 8.35805e-05 0.00857642 100 14.4928
1020 5.81855e-05 0.0113084 100 14.4928
1030 5.34886e-05 0.0102189 100 14.7059
