1.11022e-16 2.22045e-16 0 -2.98023e-08
-0.0078317 1.68922 -0.00809161 1.6755
-0.0296935 3.39028 -0.0235046 3.35212
-0.070081 5.15046 -0.0522213 5.10036
-0.123858 6.98963 -0.117249 6.92669
-0.184475 8.97838 -0.190628 8.9072
-0.253794 11.0642 -0.273062 10.9944
-0.296212 13.3352 -0.344886 13.2514
-0.34512 15.7488 -0.441298 15.664
-0.368644 18.2881 -0.534053 18.2055
-0.406558 20.9906 -0.635863 20.9067
-0.450731 23.8492 -0.760019 23.7461
-0.505576 26.7949 -0.842209 26.6587
-0.567916 29.8173 -0.921287 29.648
-0.634186 32.9025 -1.01151 32.6859
-0.704629 36.0673 -1.11815 35.8563
-0.763742 39.277 -1.22836 39.0745
-0.840559 42.5065 -1.33444 42.3101
-0.944805 45.7073 -1.46481 45.517
-1.05011 48.9346 -1.58112 48.7309
-1.1429 52.1595 -1.70082 51.9382
-1.24879 55.3725 -1.78682 55.1674
-1.35218 58.6006 -1.89594 58.3757
-1.44456 61.8474 -2.00857 61.6487
-1.52809 65.0853 -2.12215 64.888
-1.62351 68.3497 -2.26008 68.1115
-1.69757 71.606 -2.3694 71.3513
-1.78443 74.8429 -2.46586 74.5882
-1.89275 78.0446 -2.55975 77.7611
-2.00925 81.241 -2.68799 80.9991
-2.11814 84.3815 -2.81365 84.15
-2.22492 87.4107 -2.9218 87.1849
-2.34477 90.2656 -3.04 90.0809
-2.48672 92.9158 -3.17862 92.7183
-2.64959 95.3521 -3.33611 95.143
-2.82759 97.5331 -3.49428 97.3147
-2.99255 99.4374 -3.66106 99.1862
-3.1324 101.12 -3.77599 100.853
-3.19672 102.604 -3.82317 102.335
-3.18267 103.907 -3.78528 103.648
-3.06183 105.116 -3.66028 104.857
-2.81389 106.241 -3.40864 105.989
-2.43175 107.285 -3.01952 107.001
-1.92149 108.235 -2.51085 107.942
-1.28282 109.05 -1.86357 108.762
-0.530716 109.791 -1.11615 109.48
0.374458 110.404 -0.196323 110.072
1.40813 110.857 0.8621 110.546
2.53314 111.185 1.99274 110.866
3.78382 111.364 3.23769 111.031
5.17344 111.49 4.6292 111.153
6.72852 111.518 6.1893 111.181
8.44766 111.482 7.90733 111.159
10.3653 111.412 9.82476 111.092
12.4406 111.377 11.9052 111.067
14.6583 111.336 14.0764 111.053
16.981 111.294 16.4289 111.016
19.3715 111.225 18.8235 110.972
21.8275 111.169 21.2863 110.935
24.3382 111.128 23.8003 110.888
26.8655 111.087 26.3362 110.839
29.3403 111.019 28.8219 110.793
31.8244 110.95 31.326 110.738
34.2556 110.896 33.7771 110.707
36.6557 110.832 36.1913 110.664
39.0235 110.76 38.5646 110.596
41.3483 110.662 40.8853 110.517
43.6256 110.563 43.179 110.435
45.7787 110.472 45.3144 110.355
47.8711 110.382 47.4174 110.272
49.9395 110.289 49.5077 110.191
51.9717 110.195 51.4966 110.122
53.9664 110.084 53.4949 110.025
55.9687 109.923 55.55 109.872
58.0125 109.725 57.5754 109.71
60.1424 109.503 59.6901 109.511
62.3294 109.265 61.8797 109.287
64.5634 109.014 64.1002 109.059
66.8058 108.791 66.3409 108.823
69.0248 108.567 68.5762 108.591
71.2741 108.316 70.8441 108.342
73.5516 108.056 73.1085 108.093
75.8789 107.783 75.4471 107.823
78.2494 107.483 77.7883 107.531
80.6562 107.159 80.2062 107.204
83.1284 106.823 82.6664 106.874
85.6502 106.499 85.1867 106.559
88.1956 106.18 87.737 106.249
90.7563 105.879 90.3183 105.963
93.3471 105.574 92.8929 105.674
95.9365 105.268 95.4758 105.383
98.4988 104.97 98.0285 105.109
101.043 104.696 100.558 104.865
103.536 104.414 103.057 104.606
105.991 104.117 105.49 104.325
108.401 103.83 107.915 104.051
110.757 103.531 110.276 103.768
113.078 103.211 112.592 103.451
115.357 102.887 114.883 103.139
117.639 102.533 117.177 102.8
119.873 102.178 119.416 102.458
122.079 101.812 121.639 102.088
124.273 101.408 123.821 101.697
126.425 100.975 125.987 101.275
128.537 100.456 128.1 100.766
130.618 99.8568 130.195 100.173
132.668 99.2161 132.249 99.5499
134.687 98.5535 134.269 98.8994
136.66 97.9265 136.241 98.2957
138.607 97.3143 138.185 97.7134
140.503 96.7389 140.074 97.155
142.369 96.2044 141.935 96.6434
144.202 95.6956 143.766 96.1616
145.98 95.2441 145.565 95.7173
147.725 94.8416 147.308 95.3355
149.451 94.4979 149.014 95.0253
151.16 94.251 150.711 94.8159
152.854 94.1421 152.394 94.7518
154.533 94.1327 154.048 94.7706
156.197 94.1207 155.711 94.7745
157.821 94.0073 157.326 94.6699
159.401 93.8382 158.901 94.5048
160.939 93.5782 160.426 94.261
162.418 93.2763 161.918 93.9552
163.854 92.9387 163.349 93.6075
165.278 92.6226 164.757 93.2845
166.675 92.2996 166.154 92.9643
168.125 91.9461 167.586 92.6119
169.639 91.5263 169.072 92.2006
171.214 91.0624 170.675 91.7319
172.837 90.5691 172.272 91.2391
174.481 90.0352 173.923 90.7184
176.116 89.5135 175.551 90.212
177.737 89.009 177.177 89.7155
179.316 88.5396 178.768 89.2494
180.808 88.1232 180.269 88.8371
182.186 87.7535 181.65 88.4675
183.432 87.482 182.899 88.1943
184.623 87.2937 184.099 88.0197
185.804 87.2316 185.277 87.9682
186.952 87.2978 186.423 88.0537
188.069 87.4519 187.55 88.2235
189.155 87.7286 188.632 88.5145
190.234 88.1572 189.705 88.9617
191.32 88.7816 190.79 89.604
192.411 89.6005 191.872 90.4246
193.454 90.6845 192.902 91.5033
194.438 91.9889 193.887 92.7996
195.378 93.549 194.814 94.3426
196.271 95.3271 195.695 96.114
197.137 97.2774 196.562 98.0591
197.95 99.411 197.375 100.18
198.716 101.703 198.144 102.46
199.517 104.092 198.954 104.854
200.371 106.591 199.81 107.338
201.252 109.17 200.683 109.897
202.151 111.754 201.581 112.482
203.059 114.351 202.491 115.092
203.984 117 203.397 117.691
204.858 119.562 204.284 120.27
205.735 122.179 205.162 122.889
206.599 124.79 206.02 125.493
207.441 127.377 206.859 128.031
208.243 129.908 207.68 130.58
208.997 132.35 208.445 133.003
209.687 134.654 209.139 135.299
210.316 136.813 209.773 137.463
210.853 138.781 210.317 139.425
211.315 140.528 210.786 141.173
211.724 142.072 211.196 142.715
212.088 143.49 211.572 144.113
212.419 144.849 211.911 145.476
212.645 146.171 212.139 146.788
212.735 147.467 212.235 148.074
212.655 148.728 212.141 149.317
212.395 149.931 211.873 150.511
211.968 151.061 211.436 151.611
211.328 152.041 210.825 152.594
210.57 152.9 210.058 153.438
209.69 153.61 209.147 154.128
208.71 154.128 208.167 154.647
207.629 154.447 207.128 154.975
206.514 154.664 206.032 155.187
205.343 154.84 204.863 155.379
204.055 154.916 203.599 155.469
202.653 155.003 202.198 155.569
201.071 155.005 200.607 155.585
199.318 154.934 198.852 155.523
197.401 154.857 196.932 155.452
195.317 154.772 194.845 155.379
193.07 154.75 192.588 155.361
190.669 154.809 190.175 155.418
188.123 154.966 187.627 155.538
185.505 155.21 185.033 155.761
182.877 155.503 182.402 156.036
180.229 155.806 179.786 156.308
177.558 156.111 177.106 156.593
174.881 156.428 174.442 156.888
172.211 156.746 171.794 157.166
169.532 157.058 169.119 157.452
166.857 157.367 166.441 157.728
164.166 157.688 163.766 158.024
161.544 158.015 161.115 158.337
158.917 158.348 158.494 158.64
156.307 158.686 155.864 158.961
153.702 159.029 153.265 159.273
151.074 159.379 150.634 159.604
148.418 159.744 147.959 159.936
145.726 160.132 145.25 160.299
143.007 160.517 142.531 160.65
140.245 160.895 139.751 161.012
137.441 161.249 136.942 161.335
134.595 161.56 134.097 161.622
131.711 161.841 131.218 161.885
128.789 162.129 128.297 162.159
125.847 162.402 125.362 162.424
122.923 162.663 122.418 162.678
120.011 162.917 119.503 162.917
117.096 163.165 116.597 163.159
114.183 163.418 113.708 163.39
111.271 163.676 110.777 163.637
108.36 163.93 107.881 163.893
105.445 164.185 104.949 164.151
102.541 164.435 102.048 164.397
99.6444 164.672 99.1572 164.621
96.7447 164.928 96.2582 164.871
93.8493 165.223 93.3519 165.163
90.9521 165.53 90.4468 165.466
88.0654 165.851 87.5418 165.77
85.1505 166.192 84.6248 166.104
82.2426 166.531 81.7195 166.427
79.3118 166.863 78.7971 166.747
76.3933 167.202 75.8658 167.078
73.4387 167.539 72.9111 167.41
70.4852 167.863 69.9546 167.724
67.5198 168.168 66.9953 168.02
64.5408 168.442 64.0104 168.292
61.5404 168.697 61.0028 168.54
58.5372 168.941 57.9962 168.785
55.5339 169.185 54.9652 169.031
52.5433 169.42 51.974 169.261
49.5719 169.64 48.9965 169.475
46.6355 169.84 46.0816 169.664
43.7101 170.017 43.1829 169.845
40.8234 170.177 40.2749 169.998
37.953 170.328 37.4098 170.151
35.1329 170.473 34.5981 170.312
32.3853 170.603 31.8482 170.45
29.7044 170.713 29.1547 170.561
27.0934 170.807 26.548 170.66
24.5832 170.877 24.0366 170.736
22.2093 170.938 21.6385 170.825
19.9443 171.028 19.3762 170.93
17.748 171.142 17.1761 171.054
15.6068 171.273 15.0296 171.186
13.5455 171.404 12.9653 171.317
11.5681 171.54 11.0059 171.455
9.70917 171.687 9.14805 171.601
7.99864 171.854 7.43108 171.756
6.43263 172.024 5.87309 171.916
4.99536 172.228 4.45226 172.111
3.67436 172.461 3.11896 172.338
2.47555 172.739 1.92858 172.62
1.3941 173.061 0.855031 172.927
0.435287 173.449 -0.0944466 173.313
-0.481995 173.905 -0.999966 173.755
-1.32486 174.457 -1.82836 174.29
-2.06539 175.092 -2.55166 174.904
-2.7621 175.809 -3.25225 175.617
-3.40846 176.72 -3.89277 176.513
-3.99476 177.764 -4.48075 177.536
-4.50601 178.952 -5.00882 178.726
-4.93092 180.367 -5.43575 180.1
-5.21269 181.953 -5.72452 181.694
-5.35152 183.715 -5.8593 183.45
-5.39232 185.626 -5.8937 185.352
-5.38794 187.683 -5.86815 187.426
-5.37215 189.872 -5.83949 189.589
-5.38659 192.193 -5.85208 191.903
-5.40602 194.585 -5.86633 194.291
-5.44044 197.018 -5.912 196.724
-5.47598 199.456 -5.96882 199.173
-5.51484 201.934 -6.02626 201.665
-5.56006 204.407 -6.08391 204.137
-5.6168 206.864 -6.15752 206.607
-5.69211 209.294 -6.23539 209.035
-5.77568 211.678 -6.32437 211.425
-5.86077 213.99 -6.41252 213.717
-5.9409 216.159 -6.49735 215.896
-6.02328 218.169 -6.5748 217.889
-6.11459 220.001 -6.67343 219.708
-6.20908 221.641 -6.75656 221.326
-6.29008 223.095 -6.84818 222.766
-6.32374 224.427 -6.8792 224.101
-6.27433 225.732 -6.83492 225.411
-6.13226 226.985 -6.69104 226.668
-5.84254 228.167 -6.39675 227.868
-5.39245 229.278 -5.93578 228.972
-4.84275 230.276 -5.37238 229.999
-4.1627 231.193 -4.68497 230.902
-3.33917 232.032 -3.86149 231.726
-2.39757 232.795 -2.91608 232.5
-1.27852 233.345 -1.77248 233.096
0.00239807 233.849 -0.498367 233.603
1.45182 234.167 0.953139 233.931
3.06334 234.395 2.5557 234.176
4.8184 234.522 4.32228 234.328
6.71886 234.529 6.22829 234.345
8.77187 234.477 8.26366 234.3
10.9501 234.354 10.4545 234.201
13.2837 234.243 12.7594 234.106
15.6982 234.114 15.1257 233.992
18.1098 234.011 17.5482 233.909
20.5389 233.937 19.9361 233.841
23.0004 233.896 22.3615 233.798
25.4545 233.896 24.8413 233.777
27.9277 233.889 27.3185 233.758
30.4079 233.872 29.7805 233.729
32.8821 233.854 32.2717 233.702
35.3385 233.829 34.7484 233.659
37.7795 233.79 37.1875 233.604
40.1794 233.727 39.6008 233.519
42.5523 233.662 41.9939 233.446
44.9078 233.596 44.3443 233.378
47.2269 233.521 46.6537 233.29
49.5228 233.435 48.9493 233.202
51.8031 233.37 51.2219 233.125
54.0499 233.307 53.4586 233.055
56.2806 233.227 55.6913 232.965
58.4456 233.148 57.8506 232.875
60.62 233.087 60.0282 232.811
62.7505 233.038 62.1592 232.766
64.8463 232.998 64.2835 232.728
66.9079 232.934 66.3374 232.665
68.9275 232.867 68.3484 232.609
70.8877 232.815 70.3094 232.551
72.8258 232.758 72.2435 232.494
74.7379 232.699 74.1507 232.442
76.6184 232.622 76.0341 232.38
78.4878 232.513 77.9089 232.281
80.4154 232.376 79.861 232.163
82.4231 232.188 81.8622 231.997
84.5244 231.97 83.9536 231.795
86.7091 231.7 86.1526 231.528
89.0241 231.38 88.473 231.22
91.4678 231.021 90.9044 230.873
94.0246 230.649 93.4549 230.511
96.7043 230.258 96.1354 230.139
99.5003 229.89 98.9115 229.78
102.391 229.569 101.794 229.467
105.358 229.285 104.759 229.186
108.345 229.013 107.774 228.93
111.363 228.735 110.788 228.671
114.373 228.478 113.811 228.425
117.36 228.229 116.819 228.189
120.339 228.001 119.782 227.974
123.309 227.797 122.735 227.792
126.241 227.623 125.665 227.63
129.152 227.477 128.57 227.493
132.013 227.319 131.429 227.353
134.854 227.155 134.263 227.206
137.658 226.984 137.079 227.048
140.442 226.781 139.882 226.855
143.209 226.535 142.683 226.616
145.977 226.238 145.441 226.332
148.746 225.863 148.21 225.981
151.519 225.402 151.004 225.538
154.266 224.859 153.788 225.005
157.018 224.208 156.496 224.37
159.77 223.495 159.276 223.669
162.519 222.782 162.029 222.969
165.293 222.111 164.807 222.32
168.052 221.507 167.57 221.731
170.813 220.973 170.325 221.213
173.565 220.491 173.071 220.744
176.246 220.043 175.766 220.32
178.819 219.634 178.337 219.905
181.257 219.252 180.769 219.521
183.679 218.884 183.209 219.141
186.087 218.498 185.636 218.742
188.455 218.1 187.998 218.333
190.804 217.716 190.362 217.95
193.141 217.374 192.705 217.616
195.432 217.055 194.991 217.303
197.728 216.759 197.29 217.001
199.972 216.486 199.504 216.741
202.099 216.238 201.622 216.506
204.042 215.996 203.53 216.277
205.75 215.775 205.261 216.07
207.241 215.583 206.742 215.912
208.613 215.38 208.103 215.74
209.946 215.165 209.405 215.559
211.132 214.943 210.592 215.361
212.137 214.745 211.581 215.183
213.062 214.535 212.5 215.008
213.959 214.314 213.398 214.818
214.824 214.089 214.279 214.608
215.688 213.835 215.139 214.368
216.575 213.527 216.028 214.076
217.491 213.158 216.956 213.716
218.457 212.701 217.91 213.26
219.481 212.125 218.936 212.671
220.512 211.371 219.99 211.904
221.551 210.459 221.022 210.984
222.556 209.363 222.016 209.874
223.474 208.083 222.961 208.576
224.313 206.641 223.792 207.112
225.045 205.038 224.503 205.505
225.611 203.26 225.057 203.707
225.97 201.35 225.426 201.773
226.11 199.367 225.554 199.785
226.043 197.305 225.475 197.734
225.808 195.16 225.238 195.582
225.43 192.957 224.875 193.391
224.917 190.708 224.367 191.134
224.27 188.432 223.735 188.874
223.515 186.122 222.986 186.579
222.66 183.771 222.14 184.241
221.783 181.391 221.277 181.874
220.892 178.999 220.386 179.478
220.021 176.587 219.523 177.085
219.223 174.2 218.746 174.695
218.482 171.835 218.02 172.326
217.818 169.569 217.385 170.081
217.217 167.459 216.802 168.019
216.651 165.492 216.23 166.058
216.111 163.683 215.678 164.229
215.578 162.017 215.135 162.536
214.999 160.43 214.55 160.945
214.345 158.976 213.878 159.471
213.574 157.663 213.089 158.143
212.661 156.533 212.169 157.02
211.583 155.56 211.08 156.051
210.427 154.805 209.884 155.303
209.163 154.246 208.611 154.755
207.764 153.857 207.224 154.389
206.281 153.652 205.724 154.182
204.678 153.573 204.133 154.104
202.976 153.576 202.44 154.103
201.14 153.65 200.611 154.166
199.176 153.795 198.644 154.322
197.094 154.001 196.58 154.518
194.884 154.206 194.385 154.725
192.56 154.428 192.067 154.924
190.124 154.677 189.608 155.151
187.577 154.947 187.057 155.383
184.929 155.251 184.458 155.669
182.198 155.595 181.74 155.979
179.402 155.945 178.967 156.309
176.57 156.287 176.114 156.616
173.734 156.624 173.326 156.955
170.901 156.954 170.481 157.273
168.081 157.295 167.663 157.608
165.285 157.641 164.868 157.94
162.507 157.988 162.088 158.273
159.747 158.333 159.345 158.587
156.985 158.681 156.567 158.92
154.216 159.032 153.777 159.262
151.439 159.4 150.999 159.617
148.641 159.793 148.208 159.979
145.814 160.206 145.379 160.365
142.964 160.61 142.539 160.739
140.057 160.997 139.616 161.089
137.092 161.348 136.637 161.413
134.059 161.649 133.61 161.702
130.994 161.935 130.551 161.963
127.859 162.234 127.428 162.248
124.684 162.52 124.236 162.521
121.492 162.799 121.046 162.777
118.297 163.082 117.862 163.023
115.103 163.378 114.679 163.288
111.913 163.673 111.462 163.577
108.724 163.967 108.256 163.858
105.532 164.254 105.061 164.132
102.343 164.538 101.866 164.397
99.1616 164.826 98.6889 164.68
95.9595 165.165 95.4827 165.005
92.7469 165.548 92.2536 165.376
89.5265 165.956 89.0216 165.773
86.2979 166.382 85.7916 166.184
83.0336 166.817 82.5336 166.607
79.737 167.239 79.2413 167.02
76.4272 167.63 75.9368 167.399
73.0503 167.986 72.5667 167.752
69.6409 168.315 69.1551 168.068
66.1944 168.637 65.7119 168.387
62.7103 168.932 62.212 168.685
59.2144 169.2 58.7187 168.947
55.7346 169.447 55.2216 169.193
52.272 169.682 51.7378 169.435
48.8335 169.903 48.3115 169.648
45.4319 170.116 44.9088 169.849
42.0516 170.315 41.5381 170.039
38.7425 170.483 38.2256 170.211
35.5353 170.63 35.0155 170.363
32.4609 170.758 31.9355 170.48
29.527 170.863 28.9843 170.581
26.7363 170.955 26.1905 170.671
24.0966 171.032 23.5513 170.746
21.5995 171.132 21.0379 170.846
19.3166 171.345 18.6529 170.993
17.2018 171.658 16.3578 171.223
15.0898 171.971 14.2028 171.535
12.9804 172.284 12.1236 171.893
10.8724 172.596 10.1253 172.268
8.83819 172.908 8.29438 172.594
7.13235 173.177 6.60551 172.868
5.61129 173.387 5.08372 173.074
4.30937 173.544 3.78669 173.236
3.23742 173.652 2.71493 173.355
2.37584 173.73 1.84884 173.434
1.67955 173.799 1.15169 173.498
1.05692 173.86 0.528695 173.564
0.465217 173.909 -0.0623959 173.611
-0.12803 173.962 -0.661836 173.665
-0.72023 174.003 -1.24843 173.704
-1.33059 174.024 -1.8682 173.735
-2.08043 174.055 -2.60283 173.766
-2.99758 174.095 -3.50448 173.802
-4.09864 174.121 -4.61051 173.836
-5.41652 174.168 -5.93172 173.874
-6.93604 174.228 -7.45962 173.937
-8.60936 174.34 -9.14378 174.074
-10.464 174.413 -10.9962 174.149
-12.4942 174.495 -13.0451 174.246
-14.6626 174.544 -15.1951 174.291
-17.0285 174.613 -17.5572 174.365
-19.5155 174.657 -20.0596 174.406
-22.1532 174.695 -22.7184 174.459
-24.8917 174.737 -25.455 174.508
-27.7285 174.788 -28.2669 174.573
-30.6688 174.869 -31.2279 174.661
-33.6711 174.97 -34.218 174.766
-36.7347 175.075 -37.249 174.877
-39.8436 175.166 -40.3483 174.955
-43.0012 175.253 -43.5186 175.046
-46.1849 175.352 -46.6807 175.143
-49.3744 175.443 -49.8558 175.24
-52.5574 175.526 -53.0322 175.311
-55.7576 175.616 -56.1865 175.393
-58.9259 175.703 -59.3433 175.46
-62.1301 175.805 -62.5477 175.577
-65.3281 175.907 -65.7477 175.674
-68.5377 176.003 -68.9699 175.758
-71.7492 176.081 -72.1704 175.844
-74.9765 176.146 -75.3786 175.908
-78.2088 176.218 -78.6246 175.978
-81.4471 176.258 -81.8549 176.013
-84.6922 176.291 -85.0886 176.047
-87.9368 176.289 -88.3353 176.045
-91.2113 176.258 -91.609 176.03
-94.4844 176.205 -94.8705 175.986
-97.757 176.122 -98.1554 175.93
-101.045 176.004 -101.485 175.836
-104.339 175.862 -104.782 175.728
-107.64 175.695 -108.094 175.585
-110.949 175.52 -111.396 175.449
-114.268 175.326 -114.7 175.288
-117.599 175.123 -118.014 175.087
-120.943 174.923 -121.36 174.911
-124.294 174.719 -124.709 174.725
-127.663 174.506 -128.088 174.52
-131.049 174.295 -131.493 174.31
-134.443 174.072 -134.89 174.096
-137.847 173.848 -138.301 173.878
-141.262 173.635 -141.707 173.665
-144.675 173.415 -145.11 173.467
-148.093 173.189 -148.509 173.252
-151.507 172.967 -151.915 173.041
-154.902 172.728 -155.32 172.812
-158.293 172.495 -158.718 172.594
-161.632 172.25 -162.054 172.364
-164.975 172.023 -165.407 172.148
-168.236 171.803 -168.652 171.953
-171.502 171.597 -171.897 171.764
-174.668 171.36 -175.038 171.538
-177.746 171.133 -178.117 171.31
-180.803 170.903 -181.162 171.093
-183.779 170.688 -184.144 170.879
-186.702 170.476 -187.073 170.673
-189.566 170.268 -189.948 170.477
-192.391 170.071 -192.761 170.293
-195.15 169.858 -195.515 170.092
-197.876 169.626 -198.231 169.86
-200.552 169.372 -200.909 169.613
-203.199 169.064 -203.521 169.322
-205.787 168.703 -206.114 168.961
-208.326 168.29 -208.637 168.552
-210.824 167.882 -211.128 168.174
-213.258 167.488 -213.568 167.795
-215.584 167.156 -215.918 167.475
-217.826 166.951 -218.175 167.282
-219.977 166.84 -220.344 167.181
-222.031 166.826 -222.406 167.167
-223.989 166.913 -224.339 167.252
-225.825 167.088 -226.198 167.428
-227.55 167.326 -227.9 167.664
-229.178 167.609 -229.518 167.951
-230.693 167.92 -231.01 168.25
-232.122 168.192 -232.425 168.51
-233.454 168.409 -233.743 168.713
-234.669 168.528 -234.941 168.815
-235.787 168.548 -236.035 168.821
-236.809 168.432 -237.043 168.676
-237.749 168.202 -237.947 168.433
-238.622 167.871 -238.805 168.097
-239.423 167.439 -239.594 167.673
-240.168 166.948 -240.327 167.183
-240.837 166.406 -240.992 166.659
-241.484 165.802 -241.642 166.076
-242.133 165.205 -242.286 165.47
-242.761 164.565 -242.913 164.857
-243.373 163.846 -243.529 164.142
-243.957 163.041 -244.108 163.367
-244.491 162.132 -244.651 162.452
-244.988 161.117 -245.144 161.456
-245.419 159.925 -245.559 160.285
-245.815 158.552 -245.962 158.933
-246.2 156.992 -246.352 157.355
-246.614 155.23 -246.759 155.596
-246.968 153.214 -247.109 153.592
-247.267 150.944 -247.409 151.358
-247.521 148.452 -247.657 148.84
-247.763 145.749 -247.9 146.148
-248.018 142.841 -248.147 143.25
-248.277 139.721 -248.401 140.098
-248.523 136.389 -248.66 136.751
-248.773 132.87 -248.922 133.268
-249.016 129.336 -249.171 129.747
-249.218 125.815 -249.384 126.209
-249.398 122.286 -249.568 122.683
-249.565 118.755 -249.727 119.184
-249.697 115.238 -249.866 115.685
-249.82 111.742 -249.992 112.199
-249.943 108.268 -250.114 108.722
-250.045 104.815 -250.222 105.281
-250.125 101.387 -250.302 101.887
-250.189 97.986 -250.363 98.4757
-250.244 94.5988 -250.435 95.1042
-250.306 91.2592 -250.488 91.777
-250.4 87.9367 -250.577 88.4372
-250.55 84.6452 -250.73 85.1311
-250.69 81.3567 -250.872 81.7959
-250.847 78.1038 -251.026 78.5375
-251.02 74.8245 -251.193 75.2015
-251.181 71.5496 -251.348 71.9663
-251.353 68.2994 -251.513 68.723
-251.504 65.0681 -251.669 65.4831
-251.635 61.8525 -251.793 62.2967
-251.748 58.6619 -251.904 59.1043
-251.845 55.4898 -251.993 55.9735
-251.936 52.3437 -252.088 52.793
-252.031 49.2201 -252.203 49.6704
-252.144 46.1167 -252.307 46.5625
-252.285 43.0392 -252.462 43.4856
-252.448 39.988 -252.616 40.4985
-252.625 36.9564 -252.799 37.4909
-252.811 33.9548 -252.961 34.51
-252.984 30.9781 -253.135 31.5673
-253.098 28.0289 -253.242 28.6423
-253.116 25.1012 -253.243 25.7291
-253.041 22.2034 -253.18 22.8676
-252.848 19.3242 -252.989 20.0202
-252.488 16.4809 -252.628 17.1756
-251.944 13.6505 -252.087 14.3762
-251.206 10.8462 -251.361 11.588
-250.269 8.06443 -250.417 8.8225
-249.119 5.31483 -249.269 6.06617
-247.746 2.61686 -247.911 3.36966
-246.166 -0.0179689 -246.357 0.764187
-244.406 -2.61994 -244.608 -1.82766
-242.507 -5.20161 -242.731 -4.40718
-240.544 -7.80521 -240.785 -7.00027
-238.528 -10.4414 -238.76 -9.65014
-236.483 -13.1027 -236.724 -12.3267
-234.463 -15.7783 -234.69 -15.0099
-232.509 -18.4819 -232.707 -17.7209
-230.632 -21.2116 -230.834 -20.4517
-228.85 -23.9731 -229.049 -23.2162
-227.12 -26.7315 -227.299 -25.9826
-225.42 -29.4668 -225.606 -28.6991
-223.757 -32.1753 -223.953 -31.3905
-222.113 -34.8529 -222.313 -34.0462
-220.503 -37.4878 -220.699 -36.669
-218.946 -40.02 -219.142 -39.2148
-217.474 -42.3504 -217.653 -41.5447
-216.082 -44.4499 -216.285 -43.6538
-214.778 -46.3102 -214.978 -45.5223
-213.57 -47.9634 -213.825 -47.136
-212.47 -49.4066 -212.703 -48.5969
-211.403 -50.7036 -211.651 -49.9143
-210.35 -51.8666 -210.618 -51.0725
-209.329 -52.8822 -209.583 -52.0929
-208.342 -53.7128 -208.614 -52.932
-207.434 -54.3148 -207.721 -53.5175
-206.639 -54.7508 -206.941 -53.9629
-205.847 -55.1124 -206.159 -54.3226
-205.046 -55.3769 -205.345 -54.5888
-204.238 -55.5721 -204.532 -54.7812
-203.34 -55.72 -203.665 -54.9387
-202.344 -55.8126 -202.682 -55.0242
-201.23 -55.8319 -201.54 -55.0334
-199.967 -55.7279 -200.287 -54.9192
-198.512 -55.5157 -198.866 -54.7261
-196.896 -55.178 -197.239 -54.3997
-195.101 -54.6753 -195.417 -53.9129
-193.145 -53.98 -193.444 -53.2304
-191.089 -53.0596 -191.411 -52.3469
-188.96 -51.8707 -189.27 -51.1739
-186.748 -50.4576 -187.035 -49.7768
-184.447 -48.8822 -184.711 -48.2299
-181.997 -47.2117 -182.271 -46.6114
-179.498 -45.5321 -179.718 -44.9376
-176.845 -43.7646 -177.049 -43.1838
-174.079 -41.9513 -174.294 -41.3875
-171.183 -40.0941 -171.395 -39.5671
-168.182 -38.2522 -168.381 -37.7382
-165.081 -36.4374 -165.267 -35.9609
-161.937 -34.6644 -162.118 -34.2237
-158.731 -32.961 -158.908 -32.5461
-155.499 -31.3261 -155.655 -30.9317
-152.285 -29.7545 -152.436 -29.3779
-149.069 -28.1828 -149.209 -27.8415
-145.858 -26.6122 -146.007 -26.3039
-142.641 -25.057 -142.783 -24.7798
-139.402 -23.4863 -139.53 -23.2385
-136.173 -21.9347 -136.299 -21.7122
-132.945 -20.3771 -133.07 -20.1792
-129.755 -18.8493 -129.884 -18.6649
-126.595 -17.3118 -126.718 -17.1439
-123.482 -15.7772 -123.577 -15.6187
-120.382 -14.2753 -120.465 -14.1204
-117.291 -12.8787 -117.387 -12.7339
-114.141 -11.5875 -114.22 -11.4542
-110.986 -10.3998 -111.06 -10.2776
-107.824 -9.2434 -107.917 -9.13666
-104.64 -8.12476 -104.751 -8.00488
-101.445 -7.02064 -101.547 -6.90419
-98.2668 -5.92768 -98.3586 -5.80297
-95.057 -4.92431 -95.1623 -4.81099
-91.8162 -3.98815 -91.9283 -3.88811
-88.5603 -3.13917 -88.6774 -3.05489
-85.2757 -2.35766 -85.38 -2.28051
-81.9842 -1.6428 -82.0885 -1.58668
-78.6956 -0.95672 -78.7809 -0.903473
-75.4228 -0.30068 -75.5106 -0.24915
-72.1664 0.319994 -72.2474 0.370095
-68.9285 0.923302 -69.0175 0.969997
-65.7005 1.50044 -65.7867 1.55789
-62.4896 2.04798 -62.5574 2.11287
-59.2953 2.57747 -59.3618 2.62965
-56.129 3.09171 -56.2023 3.14775
-52.9885 3.57544 -53.0369 3.63981
-49.8684 4.04034 -49.9009 4.10815
-46.7763 4.46429 -46.7921 4.54198
-43.7122 4.8569 -43.7524 4.94762
-40.6664 5.22332 -40.6961 5.3212
-37.6893 5.56496 -37.7205 5.66599
-34.7862 5.88849 -34.8264 5.99331
-31.9967 6.19001 -32.0228 6.28757
-29.2969 6.46557 -29.3262 6.55553
-26.721 6.72078 -26.7573 6.80456
-24.3202 6.95413 -24.3359 7.04748
-22.0893 7.15957 -22.1014 7.2451
-20.0167 7.36264 -20.0276 7.43914
-18.1068 7.55145 -18.1038 7.63403
-16.3377 7.70208 -16.333 7.79858
-14.7261 7.81968 -14.6963 7.93303
-13.3135 7.93015 -13.2961 8.06092
-12.1283 8.02202 -12.102 8.15158
-11.1392 8.10066 -11.1137 8.229
-10.2874 8.19505 -10.2604 8.33714
-9.51822 8.30992 -9.49266 8.46107
-8.78925 8.47818 -8.75991 8.63518
-8.14918 8.66932 -8.10913 8.82905
-7.82944 8.76998 -7.78278 8.92283
-7.79925 8.78746 -7.7507 8.93047
-7.81302 8.78662 -7.7604 8.92461
-7.80939 8.78814 -7.75132 8.92447
-7.80945 8.779 -7.76816 8.92613
-7.80913 8.77101 -7.74964 8.92574
-7.80482 8.76295 -7.74624 8.92307
-7.80077 8.75555 -7.75865 8.92573
-7.79508 8.75016 -7.74907 8.92451
-7.78951 8.74523 -7.74828 8.92159
-7.78493 8.74052 -7.75485 8.91814
-7.78017 8.73484 -7.76034 8.92238
-7.77578 8.73087 -7.76083 8.92486
-7.7716 8.72656 -7.755 8.91794
-7.76863 8.72358 -7.75708 8.92303
-7.76688 8.72176 -7.74902 8.91907
-7.76576 8.71758 -7.76267 8.92224
-7.76398 8.71459 -7.75107 8.9209
-7.76329 8.71349 -7.76549 8.92459
-7.76296 8.71255 -7.7774 8.92778
-7.76309 8.71349 -7.77557 8.92633
-7.76245 8.71417 -7.77547 8.93205
-7.75329 8.72215 -7.76818 8.93234
-7.71711 8.74234 -7.73544 8.94659
-7.65887 8.77078 -7.67607 8.97092
-7.51304 8.83606 -7.52277 9.02529
-7.1753 8.98276 -7.1842 9.16801
-6.6409 9.23657 -6.65461 9.41618
-5.93074 9.64415 -5.95586 9.80958
-5.12074 10.2578 -5.15144 10.429
-4.26073 11.0807 -4.30656 11.2574
-3.41451 12.1356 -3.47778 12.3142
-2.59907 13.4679 -2.68614 13.638
-1.885 15.0833 -2.01086 15.2212
-1.2601 16.9749 -1.39396 17.1052
-0.766019 19.1171 -0.909949 19.2348
-0.469374 21.4894 -0.649616 21.6157
-0.353107 24.0662 -0.556107 24.1911
-0.356192 26.8503 -0.588834 26.9587
-0.405744 29.8366 -0.642613 29.925
-0.459357 33.0176 -0.707058 33.1262
-0.512627 36.3924 -0.76574 36.4574
-0.584304 39.8356 -0.85684 39.8994
-0.669137 43.283 -0.951215 43.34
-0.775721 46.7068 -1.05473 46.7825
-0.88452 50.1325 -1.19318 50.1816
-0.99363 53.5216 -1.33401 53.6234
-1.08971 56.8837 -1.41225 56.9418
-1.18501 60.2489 -1.54143 60.2816
-1.27032 63.5658 -1.6698 63.5325
-1.3748 66.8689 -1.82166 66.8129
-1.47215 70.1555 -1.94291 70.0949
-1.56223 73.4161 -2.05432 73.3217
-1.66043 76.6366 -2.17532 76.6069
-1.77523 79.852 -2.2826 79.7773
-1.8958 83.0323 -2.44127 82.9012
-2.01785 86.1854 -2.56837 86.0395
-2.14648 89.3293 -2.71137 89.1983
-2.2634 92.4425 -2.83155 92.2862
-2.3722 95.5382 -2.93633 95.3791
-2.46594 98.6055 -3.03555 98.4102
-2.54021 101.651 -3.09538 101.436
-2.58215 104.697 -3.12627 104.499
-2.59544 107.674 -3.1422 107.407
-2.62198 110.692 -3.15771 110.419
-2.64883 113.787 -3.19483 113.525
-2.68121 116.967 -3.21878 116.684
-2.72144 120.204 -3.25557 119.91
-2.77478 123.507 -3.29624 123.192
-2.84211 126.902 -3.36597 126.566
-2.9246 130.351 -3.45248 129.998
-3.02451 133.82 -3.54159 133.484
-3.13897 137.262 -3.64997 136.9
-3.26595 140.693 -3.76171 140.328
-3.38972 144.096 -3.88769 143.736
-3.52611 147.467 -4.02082 147.129
-3.67147 150.775 -4.15921 150.467
-3.79432 154.004 -4.27997 153.738
-3.90413 157.172 -4.39044 156.933
-3.99679 160.277 -4.4817 160.02
-4.07165 163.334 -4.55035 163.069
-4.12256 166.369 -4.61463 166.072
-4.19428 169.381 -4.69827 169.07
-4.26426 172.44 -4.77938 172.176
-4.31975 175.547 -4.82138 175.302
-4.39317 178.706 -4.91123 178.466
-4.50145 181.893 -5.02262 181.641
-4.60767 185.156 -5.14148 184.919
-4.70122 188.478 -5.24671 188.246
-4.80653 191.85 -5.37514 191.602
-4.88729 195.207 -5.47303 194.958
-4.97651 198.566 -5.58061 198.338
-5.05762 201.891 -5.68718 201.682
-5.13202 205.18 -5.78416 204.955
-5.21017 208.394 -5.8769 208.164
-5.28137 211.452 -5.92566 211.218
-5.35488 214.366 -5.99251 214.111
-5.41605 217.206 -6.0346 216.915
-5.46907 220.014 -6.07627 219.713
-5.50532 222.798 -6.10228 222.467
-5.54502 225.571 -6.11978 225.221
-5.56361 228.337 -6.13877 227.979
-5.59868 231.13 -6.16357 230.767
-5.71552 233.993 -6.29231 233.64
-5.88686 236.913 -6.44584 236.533
-6.07672 239.912 -6.62802 239.569
-6.21493 243.012 -6.7634 242.665
-6.36421 246.21 -6.92967 245.863
-6.52104 249.543 -7.07325 249.209
-6.65766 252.972 -7.21656 252.602
-6.79488 256.492 -7.3523 256.108
-6.92426 260.027 -7.49025 259.641
-7.05212 263.523 -7.63697 263.108
-7.16492 266.998 -7.76797 266.575
-7.28481 270.457 -7.89945 269.996
-7.41719 273.853 -8.03745 273.399
-7.52352 277.174 -8.15554 276.712
-7.65163 280.358 -8.28515 279.864
-7.78292 283.415 -8.42918 282.925
-7.9184 286.315 -8.56716 285.817
-8.0557 289.119 -8.70821 288.63
-8.18546 291.911 -8.84918 291.414
-8.31479 294.668 -8.99812 294.156
-8.42552 297.434 -9.11288 296.935
-8.48677 300.24 -9.18798 299.724
-8.52813 303.088 -9.23706 302.573
-8.5388 306.013 -9.26764 305.51
-8.51254 309.031 -9.25399 308.547
-8.44616 312.112 -9.1924 311.61
-8.3519 315.298 -9.10458 314.793
-8.21164 318.521 -8.97597 317.989
-8.03187 321.816 -8.79445 321.286
-7.79825 325.179 -8.56485 324.601
-7.51371 328.583 -8.29333 328.027
-7.22706 332.07 -8.01816 331.519
-6.93036 335.645 -7.73161 335.073
-6.63424 339.252 -7.4524 338.635
-6.35332 342.849 -7.17651 342.193
-6.09934 346.41 -6.90676 345.729
-5.85806 349.945 -6.67217 349.219
-5.64728 353.444 -6.46571 352.693
-5.43999 356.885 -6.23749 356.139
-5.25105 360.316 -6.03826 359.54
-5.09845 363.672 -5.87962 362.902
-4.95102 366.99 -5.71351 366.236
-4.80454 370.257 -5.55789 369.491
