0 6.73051e-05 0.00418005 100 12.1951
0 8.48553e-05 0.00249356 200 15.3846
0 7.35505e-05 0.00630083 300 17.5439
0 8.2236e-05 0.0106372 400 19.1388
0 7.93656e-05 0.0149527 500 20.3252
0 7.42497e-05 0.0189135 600 21.1268
0 6.82733e-05 0.022081 700 21.8069
0 6.556e-05 0.024896 800 22.2841
10 7.54866e-05 0.00405873 100 12.987
10 9.06955e-05 0.00347108 200 16.129
10 8.10233e-05 0.00724311 300 18.1818
10 8.52089e-05 0.0115648 400 19.7044
10 8.46749e-05 0.0159377 500 20.8333
10 7.69488e-05 0.0197238 600 21.5827
10 7.07521e-05 0.0228763 700 22.2222
10 6.57756e-05 0.0256078 800 22.6629
20 7.84298e-05 0.00424785 100 13.8889
20 8.34385e-05 0.0033136 200 16.9492
20 8.44497e-05 0.00700078 300 18.8679
20 8.25345e-05 0.0114308 400 20.3046
20 8.13832e-05 0.0155519 500 21.3675
20 7.5961e-05 0.0191952 600 22.1402
20 6.98799e-05 0.0224423 700 22.6537
20 6.48828e-05 0.0249902 800 23.1214
30 0.000100187 0.0025913 100 14.9254
30 9.39242e-05 0.00504873 200 17.8571
30 8.75004e-05 0.00934756 300 19.6078
30 8.1031e-05 0.0138901 400 21.0526
30 8.47256e-05 0.0179441 500 22.0264
30 7.99925e-05 0.0216527 600 22.6415
30 7.30539e-05 0.0246922 700 23.1788
30 6.69327e-05 0.0272667 800 23.5294
40 0.000113362 0.00315702 100 16.129
40 0.00010447 0.00735074 200 18.8679
40 0.000100521 0.0116819 300 20.4082
40 9.41423e-05 0.0160967 400 21.7391
40 8.76912e-05 0.0200718 500 22.6244
40 8.23433e-05 0.0236826 600 23.166
40 7.377e-05 0.0265644 700 23.6486
40 6.58521e-05 0.0289285 800 23.9521
50 0.000143443 0.00413503 100 17.2414
50 0.000110703 0.00847105 200 19.802
50 0.000102582 0.0124934 300 21.2766
50 9.47105e-05 0.0169473 400 22.4719
50 8.84171e-05 0.0209823 500 23.1481
50 8.26044e-05 0.0242465 600 23.7154
50 7.40992e-05 0.027179 700 24.055
50 6.57019e-05 0.0293311 800 24.3161
60 0.000131746 0.00340231 100 18.5185
60 0.000103841 0.00773875 200 20.6186
60 9.79577e-05 0.0119103 300 21.8978
60 8.91161e-05 0.01632 400 22.9885
60 8.43815e-05 0.0200179 500 23.6967
60 8.03189e-05 0.0234706 600 24.0964
60 7.13004e-05 0.0261134 700 24.4755
60 6.36593e-05 0.0281488 800 24.6914
70 0.000116678 0.001079 100 19.2308
70 9.29032e-05 0.00484751 200 21.2766
70 9.56034e-05 0.00914581 300 22.5564
70 8.59924e-05 0.0135162 400 23.5294
70 8.15472e-05 0.0173513 500 24.1546
70 7.47876e-05 0.0207008 600 24.4898
70 6.57899e-05 0.0232068 700 24.8227
70 6.02609e-05 0.0252176 800 25
80 9.1088e-05 0.00112303 100 20.4082
80 7.60379e-05 0.00464921 200 21.978
80 8.73186e-05 0.00880624 300 23.2558
80 8.24351e-05 0.0130668 400 24.0964
80 7.55667e-05 0.0168377 500 24.5098
80 6.84126e-05 0.0197101 600 24.8963
80 6.54263e-05 0.022258 700 25.0896
80 5.95141e-05 0.0239834 800 25.3165
90 8.95037e-05 0.00281165 100 21.2766
90 9.63675e-05 0.00616583 200 22.4719
90 8.84341e-05 0.0102245 300 23.8095
90 8.4911e-05 0.0141678 400 24.5399
90 7.91127e-05 0.0177054 500 24.8756
90 6.94315e-05 0.0204202 600 25.2101
90 6.48735e-05 0.0227166 700 25.3623
90 5.93165e-05 0.0244403 800 25.4777
100 0.000100068 0.00244466 100 21.7391
100 9.20977e-05 0.00610452 200 23.2558
100 9.15258e-05 0.0103797 300 24.3902
100 8.29128e-05 0.0144259 400 24.8447
100 7.28349e-05 0.0175878 500 25.2525
100 6.8688e-05 0.0203483 600 25.4237
100 6.12378e-05 0.0224574 700 25.5474
100 5.87071e-05 0.0239825 800 25.7235
110 5.52428e-05 0.0007685 100 22.2222
110 8.19973e-05 0.00440599 200 23.8095
110 7.85832e-05 0.00876366 300 24.7934
110 7.78224e-05 0.0127161 400 25.1572
110 7.01667e-05 0.0157004 500 25.5102
110 6.4387e-05 0.0183679 600 25.641
110 5.82396e-05 0.0202039 700 25.8303
110 5.77051e-05 0.0221302 800 25.89
120 6.1956e-05 0.00239748 100 22.7273
120 8.37594e-05 0.00371637 200 24.0964
120 7.68101e-05 0.00781482 300 25.2101
120 7.43755e-05 0.0115117 400 25.4777
120 6.74072e-05 0.0143371 500 25.7732
120 6.01641e-05 0.0167744 600 25.8621
120 5.64919e-05 0.0188089 700 25.9259
120 5.71959e-05 0.0211259 800 25.974
130 8.24316e-05 0.00226977 100 23.2558
130 8.95379e-05 0.00380377 200 24.6914
130 8.56954e-05 0.00863052 300 25.4237
130 7.09293e-05 0.0120949 400 25.641
130 6.82789e-05 0.0146381 500 25.9067
130 6.15788e-05 0.0168816 600 25.974
130 5.68183e-05 0.0186097 700 26.1194
130 5.66394e-05 0.0209382 800 26.1438
140 9.44295e-05 0.00218657 100 23.8095
140 7.64288e-05 0.00683707 200 25
140 8.55097e-05 0.0106739 300 25.641
140 7.77649e-05 0.0134805 400 25.974
140 6.9043e-05 0.0159703 500 26.0417
140 6.24388e-05 0.0180415 600 26.087
140 5.7938e-05 0.0197023 700 26.2172
140 5.87071e-05 0.0219158 800 26.2295
150 0.000100662 0.00273114 100 23.8095
150 8.47146e-05 0.00622734 200 25.641
150 7.89029e-05 0.0099776 300 25.8621
150 7.27241e-05 0.0127018 400 26.1438
150 6.51916e-05 0.0150185 500 26.178
150 5.93382e-05 0.0171072 600 26.2009
150 5.79422e-05 0.0191052 700 26.3158
150 5.82803e-05 0.0216412 800 26.3158
160 0.000116985 0.00309133 100 25
160 8.9837e-05 0.007803 200 25.974
160 8.47784e-05 0.0112428 300 26.087
160 7.28367e-05 0.0136732 400 26.3158
160 6.42707e-05 0.0156425 500 26.3158
160 5.84213e-05 0.0172995 600 26.3158
160 5.82981e-05 0.0192105 700 26.4151
160 5.92442e-05 0.0217398 800 26.4026
170 0.000117188 0.00313686 100 25.641
170 9.27105e-05 0.00829967 200 26.3158
170 7.74798e-05 0.0112808 300 26.3158
170 6.91634e-05 0.0131348 400 26.3158
170 6.39359e-05 0.0148586 500 26.455
170 5.7334e-05 0.0164573 600 26.4317
170 5.81183e-05 0.0187056 700 26.4151
170 5.80239e-05 0.0213072 800 26.4901
180 7.87332e-05 0.00312871 100 25.641
180 7.9262e-05 0.00773458 200 26.3158
180 6.88625e-05 0.00897182 300 26.5487
180 5.88362e-05 0.0102204 400 26.4901
180 5.70201e-05 0.0122252 500 26.455
180 5.63611e-05 0.0143691 600 26.5487
180 5.62242e-05 0.0171209 700 26.5152
180 6.14974e-05 0.0205101 800 26.4901
190 8.28643e-05 0.00640942 100 26.3158
190 7.47731e-05 0.00839125 200 26.3158
190 6.77181e-05 0.00936867 300 26.5487
190 6.07675e-05 0.010471 400 26.4901
190 5.70369e-05 0.0124663 500 26.455
190 5.69805e-05 0.0148609 600 26.5487
190 5.71131e-05 0.0177588 700 26.5152
190 6.51637e-05 0.021477 800 26.4901
200 8.08251e-05 0.00848232 100 26.3158
200 6.97411e-05 0.00921904 200 26.3158
200 6.78939e-05 0.00991386 300 26.5487
200 5.86459e-05 0.010807 400 26.4901
200 5.76854e-05 0.0130537 500 26.455
200 5.84043e-05 0.0161639 600 26.4317
200 5.88713e-05 0.0192064 700 26.5152
200 6.97843e-05 0.0233564 800 26.4026
210 7.50114e-05 0.0122721 100 25.641
210 5.97026e-05 0.0110112 200 26.3158
210 5.97141e-05 0.00973329 300 26.3158
210 5.72052e-05 0.0107977 400 26.4901
210 5.80151e-05 0.0133495 500 26.455
210 5.75704e-05 0.0167012 600 26.4317
210 5.84731e-05 0.0200482 700 26.4151
210 6.88405e-05 0.0240516 800 26.4026
220 0.000104725 0.0102007 100 25.641
220 7.98613e-05 0.00905354 200 26.3158
220 6.56321e-05 0.00897349 300 26.3158
220 5.88362e-05 0.0107216 400 26.3158
220 5.86121e-05 0.0132539 500 26.455
220 5.812e-05 0.0161871 600 26.4317
220 6.44406e-05 0.0198434 700 26.4151
220 7.09102e-05 0.0241018 800 26.3158
230 7.67396e-05 0.0103007 100 25.641
230 6.08399e-05 0.00828947 200 26.3158
230 5.78895e-05 0.00810254 300 26.3158
230 5.85824e-05 0.0103277 400 26.3158
230 5.78834e-05 0.0135794 500 26.455
230 5.94998e-05 0.0168879 600 26.4317
230 6.62286e-05 0.0207439 700 26.4151
230 7.29569e-05 0.0245248 800 26.3158
240 6.97407e-05 0.00878641 100 25.641
240 5.61526e-05 0.00642101 200 25.974
240 5.45193e-05 0.00722465 300 26.3158
240 5.84678e-05 0.00991286 400 26.3158
240 5.70118e-05 0.0138037 500 26.3158
240 5.87999e-05 0.0170681 600 26.4317
240 7.01996e-05 0.0214339 700 26.3158
240 7.04699e-05 0.0245849 800 26.2295
250 5.89993e-05 0.00861166 100 25.641
250 5.64174e-05 0.00613014 200 25.974
250 5.45193e-05 0.00805121 300 26.3158
250 6.01513e-05 0.0115789 400 26.3158
250 5.75115e-05 0.0153307 500 26.3158
250 6.17668e-05 0.0188966 600 26.3158
250 7.06902e-05 0.0227964 700 26.3158
250 6.99283e-05 0.0255912 800 26.2295
260 6.21482e-05 0.00805135 100 25.641
260 5.42632e-05 0.0061426 200 25.974
260 6.08567e-05 0.00869794 300 26.3158
260 5.94034e-05 0.012983 400 26.3158
260 6.19122e-05 0.0164323 500 26.3158
260 6.56857e-05 0.0200087 600 26.3158
260 7.08656e-05 0.0236301 700 26.3158
260 6.88324e-05 0.026266 800 26.1438
270 6.00011e-05 0.00676222 100 25.641
270 5.16174e-05 0.00562684 200 25.974
270 6.04198e-05 0.00901041 300 26.3158
270 5.91772e-05 0.0132203 400 26.3158
270 6.07222e-05 0.0165817 500 26.3158
270 6.77558e-05 0.020492 600 26.3158
270 7.34791e-05 0.0236797 700 26.2172
270 6.86806e-05 0.026242 800 26.1438
280 5.50266e-05 0.00504862 100 25.641
280 6.12305e-05 0.00735671 200 25.974
280 6.43068e-05 0.0110766 300 26.3158
280 6.35721e-05 0.0153688 400 26.3158
280 6.22579e-05 0.0186709 500 26.3158
280 7.3865e-05 0.0225302 600 26.3158
280 7.21724e-05 0.024907 700 26.2172
280 6.94872e-05 0.0276533 800 26.0586
290 4.88282e-05 0.00633515 100 25.641
290 5.99019e-05 0.00934829 200 25.974
290 6.64743e-05 0.0136791 300 26.3158
290 6.13533e-05 0.0174782 400 26.3158
290 6.74497e-05 0.0207175 500 26.3158
290 7.29535e-05 0.0241984 600 26.2009
290 7.07831e-05 0.0260586 700 26.1194
290 6.97923e-05 0.0285804 800 26.0586
300 5.32653e-05 0.0049863 100 25.641
300 7.65068e-05 0.00875168 200 25.974
300 6.83606e-05 0.0132486 300 26.3158
300 6.28886e-05 0.0166257 400 26.3158
300 6.9867e-05 0.0202657 500 26.3158
300 7.30942e-05 0.0234109 600 26.2009
300 7.1522e-05 0.0253763 700 26.1194
300 7.10493e-05 0.0280457 800 26.0586
310 7.9786e-05 0.008969 100 25.641
310 8.4785e-05 0.0129483 200 25.974
310 7.56983e-05 0.0172188 300 26.087
310 6.40625e-05 0.0200296 400 26.3158
310 7.31681e-05 0.0235427 500 26.178
310 7.47122e-05 0.025441 600 26.2009
310 7.15151e-05 0.0273107 700 26.0223
310 7.07971e-05 0.0295342 800 26.0586
320 6.64136e-05 0.00697717 100 25.641
320 6.90539e-05 0.0116696 200 25.974
320 6.54704e-05 0.0157623 300 26.087
320 6.47681e-05 0.0185579 400 26.3158
320 7.75417e-05 0.0222834 500 26.178
320 7.69961e-05 0.023932 600 26.087
320 7.33498e-05 0.0262421 700 26.0223
320 7.29288e-05 0.0288116 800 26.0586
330 8.41491e-05 0.00919138 100 25.641
330 7.93371e-05 0.0144462 200 25.974
330 6.82054e-05 0.0174327 300 26.087
330 7.03597e-05 0.0205125 400 26.1438
330 7.94016e-05 0.0234127 500 26.178
330 7.45391e-05 0.0246671 600 26.087
330 7.29339e-05 0.0269785 700 26.0223
330 7.37825e-05 0.0295755 800 26.0586
340 9.27738e-05 0.0113413 100 25.641
340 8.12671e-05 0.015534 200 25.974
340 6.8283e-05 0.017889 300 26.087
340 7.67618e-05 0.0211175 400 26.1438
340 8.05052e-05 0.0229578 500 26.178
340 7.4508e-05 0.0242283 600 25.974
340 7.25155e-05 0.0263446 700 26.0223
340 7.3949e-05 0.0289817 800 26.0586
350 7.40517e-05 0.0111576 100 25.641
350 6.75265e-05 0.0145565 200 25.974
350 6.14416e-05 0.0168778 300 26.087
350 8.13064e-05 0.0203051 400 26.1438
350 8.32032e-05 0.0216389 500 26.0417
350 7.55806e-05 0.0232764 600 25.974
350 7.5049e-05 0.0258556 700 25.9259
350 7.4928e-05 0.0283677 800 26.1438
360 9.92309e-05 0.013854 100 25.641
360 6.5692e-05 0.0165034 200 25.974
360 6.46355e-05 0.0184379 300 26.087
360 8.04959e-05 0.0211811 400 26.1438
360 8.09719e-05 0.0216764 500 26.0417
360 7.52952e-05 0.0235932 600 25.8621
360 7.49094e-05 0.0257794 700 26.0223
360 7.51267e-05 0.0283929 800 26.1438
370 6.47779e-05 0.0136229 100 25.641
370 5.85941e-05 0.0144062 200 25.974
370 7.18744e-05 0.0171097 300 26.087
370 8.28139e-05 0.0197418 400 25.974
370 7.9815e-05 0.0203536 500 25.9067
370 7.90636e-05 0.0227264 600 25.8621
370 7.83836e-05 0.0253789 700 26.0223
370 7.77551e-05 0.0283356 800 26.1438
380 5.65227e-05 0.01219 100 25.641
380 6.21485e-05 0.0125504 200 25.974
380 7.81437e-05 0.0160045 300 26.087
380 9.87024e-05 0.0179048 400 25.974
380 8.24256e-05 0.0193062 500 25.9067
380 8.02736e-05 0.0221243 600 25.8621
380 8.11243e-05 0.025187 700 26.0223
380 7.69721e-05 0.0285782 800 26.1438
390 6.49617e-05 0.0132854 100 25.641
390 6.3053e-05 0.0142079 200 25.974
390 9.30616e-05 0.0182165 300 26.087
390 9.26662e-05 0.0185282 400 25.974
390 8.18857e-05 0.0202495 500 25.7732
390 8.08984e-05 0.0228597 600 25.8621
390 8.07182e-05 0.0258481 700 26.0223
390 7.69092e-05 0.029183 800 26.1438
400 5.71519e-05 0.0114734 100 25.641
400 6.4962e-05 0.0133512 200 25.974
400 9.26764e-05 0.0169921 300 25.8621
400 9.07567e-05 0.017409 400 25.8065
400 8.56439e-05 0.0196602 500 25.7732
400 8.35256e-05 0.0226427 600 25.8621
400 8.22921e-05 0.0257205 700 26.1194
400 7.64912e-05 0.0290981 800 26.2295
410 7.07588e-05 0.0115322 100 25.641
410 8.4256e-05 0.0144594 200 25.974
410 9.89534e-05 0.0176025 300 25.8621
410 9.06334e-05 0.017987 400 25.8065
410 8.77891e-05 0.0206834 500 25.7732
410 8.55167e-05 0.0236755 600 25.974
410 8.57882e-05 0.0270489 700 26.1194
410 7.66616e-05 0.0303524 800 26.2295
420 7.4373e-05 0.0107096 100 25.641
420 0.000100604 0.0162906 200 25.641
420 0.000119455 0.0167632 300 25.8621
420 9.16717e-05 0.0184615 400 25.641
420 8.92334e-05 0.0212862 500 25.7732
420 8.93809e-05 0.0245478 600 25.974
420 8.30459e-05 0.0281951 700 26.1194
420 8.01815e-05 0.0318379 800 26.1438
430 6.55099e-05 0.011167 100 25.641
430 0.000116066 0.018544 200 25.641
430 0.000114298 0.0170306 300 25.641
430 9.37615e-05 0.0185332 400 25.641
430 9.16437e-05 0.021398 500 25.7732
430 8.79385e-05 0.0246122 600 25.974
430 8.20432e-05 0.0282644 700 26.1194
430 7.89281e-05 0.0316204 800 26.1438
440 7.82776e-05 0.0155922 100 25.641
440 0.000106895 0.01921 200 25.641
440 0.000103954 0.0174294 300 25.641
440 9.39442e-05 0.0188018 400 25.641
440 9.06652e-05 0.021538 500 25.7732
440 8.77159e-05 0.0244244 600 26.087
440 7.92268e-05 0.0278797 700 26.1194
440 7.91497e-05 0.0309271 800 26.1438
450 0.000109402 0.0215211 100 25
450 0.000118857 0.019567 200 25.641
450 9.8806e-05 0.0173544 300 25.641
450 9.21825e-05 0.0191829 400 25.641
450 8.99415e-05 0.0219203 500 25.7732
450 8.84569e-05 0.0248002 600 26.087
450 7.93895e-05 0.0281637 700 26.1194
450 7.44939e-05 0.0312149 800 26.0586
460 0.000135318 0.0214982 100 25
460 0.000138972 0.0173054 200 25.3165
460 0.000100613 0.0165751 300 25.4237
460 9.71422e-05 0.0189083 400 25.641
460 9.40481e-05 0.0219887 500 25.9067
460 8.65027e-05 0.0254832 600 26.087
460 8.03525e-05 0.0289766 700 26.1194
460 7.57222e-05 0.0320579 800 25.974
470 0.000168654 0.0245541 100 25
470 0.000140465 0.0171348 200 25.3165
470 0.000106024 0.0174257 300 25.4237
470 9.86721e-05 0.0199554 400 25.641
470 9.46951e-05 0.0230479 500 25.9067
470 8.69001e-05 0.0266219 600 26.087
470 8.07815e-05 0.0298162 700 26.1194
470 7.5914e-05 0.0330359 800 25.89
480 0.000124776 0.0179257 100 25
480 0.000115112 0.0125745 200 25.3165
480 9.75104e-05 0.0139371 300 25.4237
480 9.40472e-05 0.0165837 400 25.641
480 8.81794e-05 0.0196638 500 26.0417
480 7.99345e-05 0.0231457 600 26.087
480 7.59292e-05 0.0262166 700 26.1194
480 6.89596e-05 0.0294422 800 25.8065
490 0.000155793 0.0113499 100 25
490 0.000104156 0.00923077 200 25.3165
490 9.26907e-05 0.0119476 300 25.4237
490 9.16311e-05 0.0150056 400 25.8065
490 7.56676e-05 0.0186094 500 26.0417
490 7.63611e-05 0.0219643 600 26.2009
490 7.30472e-05 0.0252939 700 26.0223
490 6.55173e-05 0.0281378 800 25.7235
500 0.000148747 0.0101127 100 25
500 8.78239e-05 0.00824983 200 25
500 8.59423e-05 0.0103325 300 25.4237
500 8.26247e-05 0.0130642 400 25.8065
500 7.60637e-05 0.0164236 500 26.0417
500 7.38785e-05 0.0195608 600 26.2009
500 6.64817e-05 0.0226923 700 25.9259
500 6.44361e-05 0.0257311 800 25.5591
510 0.000137935 0.00331303 100 25
510 8.54154e-05 0.00544232 200 25
510 8.18367e-05 0.00811348 300 25.4237
510 8.16175e-05 0.0108617 400 25.974
510 7.32333e-05 0.0143771 500 26.178
510 6.89912e-05 0.0176554 600 26.087
510 6.14362e-05 0.020803 700 25.8303
510 6.65334e-05 0.0240215 800 25.3968
520 0.000109402 0.00216083 100 24.3902
520 8.42207e-05 0.00516208 200 25
520 7.99867e-05 0.00745258 300 25.641
520 8.02548e-05 0.0104757 400 25.974
520 7.08297e-05 0.0137813 500 26.178
520 6.71568e-05 0.0168261 600 26.087
520 5.86228e-05 0.0199923 700 25.7353
520 6.34893e-05 0.023949 800 25.2366
530 7.56444e-05 0.0114341 100 24.3902
530 5.82881e-05 0.0127085 200 25
530 6.4348e-05 0.0127095 300 25.641
530 6.29241e-05 0.0129702 400 25.974
530 5.99237e-05 0.0145785 500 26.178
530 5.46243e-05 0.0164596 600 26.087
530 5.48705e-05 0.0192635 700 25.641
530 6.04892e-05 0.0232668 800 25.0784
540 7.72042e-05 0.0137379 100 24.3902
540 5.69955e-05 0.0127877 200 25.3165
540 6.13769e-05 0.0122753 300 25.8621
540 6.0657e-05 0.0125614 400 26.1438
540 5.77267e-05 0.0142966 500 26.178
540 5.59304e-05 0.0164582 600 25.974
540 5.69424e-05 0.0195216 700 25.4545
540 6.1691e-05 0.0230385 800 24.8447
550 6.44088e-05 0.0143337 100 24.3902
550 6.43629e-05 0.0125506 200 25.3165
550 6.7109e-05 0.011764 300 26.087
550 6.26631e-05 0.0127388 400 26.3158
550 6.10043e-05 0.0146319 500 26.178
550 5.62198e-05 0.01725 600 25.8621
550 5.9676e-05 0.0207098 700 25.3623
550 6.19202e-05 0.0241157 800 24.4648
560 7.85816e-05 0.0116893 100 24.3902
560 7.80495e-05 0.010124 200 25.641
560 8.05314e-05 0.0104615 300 26.087
560 6.68849e-05 0.012452 400 26.3158
560 6.6107e-05 0.0148029 500 26.178
560 5.80573e-05 0.0179101 600 25.7511
560 6.12775e-05 0.0224624 700 25.1799
560 6.72854e-05 0.0249407 800 24.024
570 7.87332e-05 0.00945972 100 25
570 8.07889e-05 0.00838429 200 25.974
570 7.31713e-05 0.00925971 300 26.3158
570 6.52153e-05 0.0118134 400 26.3158
570 5.99396e-05 0.0142549 500 26.178
570 5.62493e-05 0.017327 600 25.641
570 6.455e-05 0.0219047 700 25
570 7.0639e-05 0.0241168 800 23.5988
580 7.94866e-05 0.0083494 100 25
580 8.37238e-05 0.00752664 200 25.974
580 6.94754e-05 0.00941594 300 26.3158
580 6.65723e-05 0.0120165 400 26.4901
580 5.8961e-05 0.0148813 500 26.0417
580 6.07339e-05 0.0182148 600 25.5319
580 6.69922e-05 0.0225295 700 24.735
580 6.92831e-05 0.0236427 800 23.0548
590 7.64283e-05 0.00874988 100 25.641
590 8.17789e-05 0.00780171 200 26.3158
590 6.59542e-05 0.00913009 300 26.5487
590 6.43642e-05 0.0112581 400 26.3158
590 5.49762e-05 0.014105 500 26.0417
590 6.04442e-05 0.0184558 600 25.3165
590 6.39896e-05 0.0218121 700 24.3056
590 6.96105e-05 0.0215279 800 22.6629
600 8.4432e-05 0.0106903 100 25.641
600 8.15599e-05 0.00856954 200 26.3158
600 6.31847e-05 0.0102247 300 26.5487
600 6.36658e-05 0.0116471 400 26.3158
600 5.57942e-05 0.0150433 500 25.7732
600 6.01035e-05 0.0201343 600 25.1046
600 6.72605e-05 0.0219756 700 23.8095
600 7.03402e-05 0.0199831 800 22.2222
610 9.66751e-05 0.00808062 100 25.641
610 7.79731e-05 0.00724782 200 26.6667
610 6.37482e-05 0.00968833 300 26.5487
610 5.81867e-05 0.0116628 400 26.1438
610 5.25547e-05 0.0150267 500 25.641
610 6.44847e-05 0.0198194 600 24.7934
610 7.13823e-05 0.0212911 700 23.1788
610 6.80674e-05 0.0174762 800 21.7984
620 7.84298e-05 0.00843195 100 26.3158
620 6.234e-05 0.00830298 200 26.6667
620 6.54299e-05 0.00969812 300 26.5487
620 5.62993e-05 0.0123824 400 25.974
620 5.69532e-05 0.0158982 500 25.3807
620 6.3219e-05 0.0203039 600 24.3902
620 7.22566e-05 0.0203515 700 22.6537
620 6.56423e-05 0.0154485 800 21.5054
630 8.28643e-05 0.00851961 100 26.3158
630 5.77229e-05 0.00849761 200 26.6667
630 5.87976e-05 0.00923375 300 26.3158
630 5.35731e-05 0.0122319 400 25.8065
630 6.00112e-05 0.0175362 500 25
630 6.45668e-05 0.0198102 600 23.9044
630 7.02031e-05 0.0185099 700 22.082
630 6.9396e-05 0.0133336 800 21.164
640 9.63045e-05 0.0085437 100 26.3158
640 5.47008e-05 0.00968163 200 26.6667
640 6.02442e-05 0.0105662 300 26.087
640 5.3084e-05 0.0132547 400 25.4777
640 5.75281e-05 0.0190805 500 24.7525
640 6.5347e-05 0.0200083 600 23.166
640 6.88059e-05 0.0170066 700 21.5385
640 6.56139e-05 0.0121099 800 20.7254
650 5.54582e-05 0.0107067 100 26.3158
650 5.64702e-05 0.0121165 200 26.3158
650 5.188e-05 0.012138 300 25.8621
650 5.47697e-05 0.0157741 400 25.1572
650 6.11371e-05 0.0202515 500 24.2718
650 6.72997e-05 0.0198289 600 22.4719
650 6.33782e-05 0.0155936 700 21.0843
650 6.96453e-05 0.0123269 800 20.3046
660 5.65227e-05 0.0101836 100 26.3158
660 5.00341e-05 0.0102155 200 25.974
660 5.37362e-05 0.0124839 300 25.641
660 5.58742e-05 0.0164406 400 24.8447
660 6.14405e-05 0.0201122 500 23.8095
660 7.09977e-05 0.0183783 600 21.8182
660 6.38754e-05 0.0136466 700 20.7715
660 6.46267e-05 0.0114473 800 19.8511
670 5.85938e-05 0.0136013 100 25.641
670 5.86957e-05 0.0118865 200 25.974
670 5.51954e-05 0.0146524 300 25.2101
670 5.95787e-05 0.0205905 400 24.3902
670 6.25407e-05 0.0205302 500 23.0415
670 6.90583e-05 0.0175032 600 21.2014
670 6.47533e-05 0.0131793 700 20.3488
670 5.79307e-05 0.0121404 800 19.4175
680 6.45937e-05 0.0129399 100 25.641
680 5.28159e-05 0.0114833 200 25.641
680 5.77291e-05 0.0141252 300 24.7934
680 5.97286e-05 0.0208159 400 23.9521
680 6.70454e-05 0.0195755 500 22.2222
680 6.82526e-05 0.0152842 600 20.6897
680 6.83018e-05 0.0115935 700 19.8864
680 5.63756e-05 0.0114566 800 19.0931
690 8.88353e-05 0.00957882 100 25.641
690 5.35445e-05 0.0100202 200 25.3165
690 5.46649e-05 0.0147644 300 24.3902
690 7.04656e-05 0.0199532 400 23.5294
690 7.46842e-05 0.0178166 500 21.4592
690 6.89143e-05 0.0123552 600 20.202
690 7.67264e-05 0.00993405 700 19.4444
700 6.05942e-05 0.00896402 100 25
700 6.09378e-05 0.0122442 200 24.6914
700 6.30798e-05 0.017438 300 24
700 6.41671e-05 0.0202049 400 22.8571
700 7.53898e-05 0.0167868 500 20.8333
700 6.73292e-05 0.0121802 600 19.8675
700 6.77436e-05 0.0111469 700 18.9702
710 5.52428e-05 0.00651076 100 25
710 7.29575e-05 0.0119199 200 24.3902
710 6.25314e-05 0.0209735 300 23.622
710 6.90987e-05 0.0192341 400 21.978
710 7.69427e-05 0.0147138 500 20.1613
710 7.3582e-05 0.0106536 600 19.4175
710 6.42364e-05 0.0106676 700 18.5676
720 4.83374e-05 0.00902244 100 24.3902
720 5.73604e-05 0.0136064 200 23.8095
720 6.29747e-05 0.0216378 300 23.0769
720 7.60695e-05 0.0181292 400 21.164
720 7.14532e-05 0.0128441 500 19.6078
720 7.76857e-05 0.0102295 600 18.9873
730 7.72042e-05 0.0128082 100 23.8095
730 5.98522e-05 0.0181549 200 23.5294
730 6.94181e-05 0.0225126 300 22.5564
730 7.55978e-05 0.0175809 400 20.3046
730 7.01599e-05 0.0121142 500 19.2308
730 8.16119e-05 0.0111109 600 18.5185
740 9.91107e-05 0.0149484 100 23.8095
740 6.78347e-05 0.0232859 200 22.9885
740 6.7109e-05 0.0225346 300 21.7391
740 8.12881e-05 0.0163138 400 19.7044
740 7.46587e-05 0.0114458 500 18.8679
740 7.40487e-05 0.0113091 600 18.0723
750 0.000135141 0.0198236 100 23.2558
750 8.01221e-05 0.0307094 200 22.4719
750 7.46942e-05 0.0236423 300 20.8333
750 8.06439e-05 0.0167854 400 19.0476
750 7.57621e-05 0.0126735 500 18.5185
750 6.40776e-05 0.0126044 600 17.7515
760 6.83595e-05 0.0163506 100 22.7273
760 7.78966e-05 0.0265092 200 21.978
760 9.4095e-05 0.0193888 300 20
760 8.45063e-05 0.0113501 400 18.6047
760 9.18153e-05 0.0091517 500 18.0505
770 6.25306e-05 0.020146 100 22.2222
770 8.56941e-05 0.0249204 200 21.5054
770 9.31612e-05 0.0161466 300 19.2308
770 8.36377e-05 0.00870549 400 18.1818
770 9.80462e-05 0.00930721 500 17.6056
780 8.4573e-05 0.0255827 100 21.7391
780 0.00010007 0.025138 200 20.8333
780 0.000118777 0.0143317 300 18.5185
780 0.000101156 0.0063685 400 17.8571
780 9.12002e-05 0.00801178 500 17.2414
790 8.25761e-05 0.0356302 100 21.2766
790 0.000113442 0.0226311 200 19.802
790 0.00011483 0.0108826 300 17.9641
790 0.000106005 0.00550923 400 17.5439
790 9.29769e-05 0.00835651 500 16.8919
800 0.000131927 0.0375543 100 20.8333
800 0.000147766 0.0227858 200 18.8679
800 0.000128681 0.00866956 300 17.4419
800 0.000116867 0.00599292 400 17.1674
800 9.04703e-05 0.0083541 500 16.6667
810 0.000137589 0.0320127 100 20.4082
810 0.000137332 0.0168832 200 18.018
810 0.000100508 0.00531171 300 17.1429
810 0.000121911 0.0077179 400 16.8067
820 0.000127329 0.027423 100 19.6078
820 0.000132606 0.0111758 200 17.2414
820 0.000105297 0.00449485 300 16.8539
820 0.000103932 0.00783007 400 16.3934
830 0.000150974 0.0175767 100 18.5185
830 0.000168783 0.00850064 200 16.6667
830 0.000132096 0.00764947 300 16.5746
830 0.00011114 0.00715005 400 16.129
840 0.000190808 0.011085 100 17.2414
840 0.000157169 0.0089591 200 16.129
840 0.000134432 0.0113364 300 16.3043
840 0.000105314 0.00680241 400 15.873
850 0.000150262 0.00574865 100 16.3934
850 0.000114878 0.00725938 200 15.873
850 0.000118509 0.0108963 300 15.9574
860 0.000136894 0.00170392 100 15.625
860 8.9171e-05 0.00773689 200 15.625
860 0.000116513 0.0103842 300 15.625
870 0.000168865 0.00359541 100 14.9254
870 0.000107174 0.00827608 200 15.5039
870 0.000122953 0.00989364 300 15.3846
880 0.000158674 0.00555942 100 14.7059
880 0.000113364 0.00860952 200 15.5039
880 9.33458e-05 0.00718628 300 15.3061
890 0.000149785 0.00567641 100 14.7059
890 0.000108528 0.00854616 200 15.625
890 9.2261e-05 0.0056399 300 15.3061
900 0.000131021 0.00582263 100 14.9254
900 9.46197e-05 0.00777886 200 15.625
900 7.33521e-05 0.00403511 300 15.3061
910 7.00817e-05 0.0058458 100 14.9254
910 0.000108363 0.00790226 200 15.5039
920 3.20188e-05 0.00405749 100 15.3846
920 0.000111106 0.00701361 200 15.5039
930 6.36642e-05 0.00275946 100 15.625
930 0.000113548 0.00540147 200 15.5039
940 4.68343e-05 0.00167454 100 15.873
940 7.17215e-05 0.00375497 200 15.3846
950 7.53285e-05 0.0026218 100 16.129
950 6.70837e-05 0.0052362 200 15.3846
960 8.11196e-05 0.0027636 100 16.129
960 6.45478e-05 0.00580004 200 15.3846
970 9.01672e-05 0.00343008 100 15.873
970 5.85941e-05 0.00606733 200 15.3846
980 0.000179475 0.00665676 100 15.625
990 0.000159424 0.00553074 100 15.1515
1000 9.56836e-05 0.0088517 100 14.7059
1010 5.3041e-05 0.0114441 100 14.4928
1020 5.77743e-05 0.0123963 100 14.4928
1030 6.40376e-05 0.0109502 100 14.7059
