0 8.03815e-05 0.00329346 100 5.78035
0 2.70765e-05 0.00506514 200 6.36943
0 4.15918e-05 0.00328107 300 6.72646
0 2.6408e-05 0.00176255 400 6.90846
0 1.44188e-05 0.00187 500 6.29723
0 1.62354e-05 0.00174316 600 6.74157
10 7.45331e-05 0.00154337 100 6.09756
10 3.2389e-05 0.00399847 200 6.45161
10 4.38551e-05 0.00207114 300 6.84932
10 2.79166e-05 0.00161682 400 7.01754
10 1.39139e-05 0.00195976 500 6.36943
10 1.83061e-05 0.00171313 600 6.80272
20 7.09271e-05 0.00237263 100 6.36943
20 2.12837e-05 0.0030845 200 6.49351
20 4.16237e-05 0.00137416 300 6.96056
20 1.99091e-05 0.00141857 400 7.11744
20 1.36719e-05 0.00188167 500 6.43501
20 1.734e-05 0.00156843 600 6.85714
30 8.47139e-05 0.00149995 100 6.62252
30 4.14322e-05 0.00431868 200 6.53595
30 4.23805e-05 0.00287932 300 7.04225
30 2.18367e-05 0.0019896 400 7.20721
30 1.33543e-05 0.00214654 500 6.50195
30 1.52249e-05 0.00199791 600 6.88863
40 9.0563e-05 0.0028597 100 6.84932
40 4.61937e-05 0.00551688 200 6.57895
40 4.45741e-05 0.00340591 300 7.07547
40 2.53131e-05 0.00208038 400 7.29927
40 1.20002e-05 0.00216496 500 6.56168
40 1.44665e-05 0.0020637 600 6.91244
50 6.69499e-05 0.00371244 100 7.04225
50 3.83698e-05 0.00583363 200 6.60066
50 4.61509e-05 0.00347739 300 7.05882
50 2.33535e-05 0.00206812 400 7.36648
50 1.09183e-05 0.00214596 500 6.60502
50 1.16234e-05 0.00184255 600 6.89655
60 6.09864e-05 0.00444727 100 7.0922
60 3.69453e-05 0.00586174 200 6.62252
60 3.88587e-05 0.0033552 300 6.99301
60 2.48677e-05 0.00204343 400 7.40741
60 1.22752e-05 0.00221505 500 6.64011
60 1.14223e-05 0.00176219 600 6.88073
70 9.36689e-05 0.00494356 100 7.14286
70 3.08817e-05 0.00567501 200 6.64452
70 3.92994e-05 0.0023996 300 6.94444
70 2.57219e-05 0.0018081 400 7.42115
70 1.52231e-05 0.0020634 500 6.66667
70 1.15949e-05 0.00158994 600 6.87285
80 8.11196e-05 0.00615012 100 7.14286
80 3.22968e-05 0.00588526 200 6.68896
80 3.42959e-05 0.00240175 300 6.92841
80 2.33216e-05 0.00196867 400 7.43494
80 1.48425e-05 0.00215576 500 6.68449
80 1.18492e-05 0.00148225 600 6.86499
90 8.81618e-05 0.00706255 100 7.14286
90 3.55475e-05 0.00537723 200 6.71141
90 3.86194e-05 0.00191357 300 6.94444
90 2.60958e-05 0.00208075 400 7.43494
90 1.8322e-05 0.00207286 500 6.71141
90 1.4072e-05 0.00139929 600 6.85714
100 4.47518e-05 0.00715813 100 7.0922
100 4.04126e-05 0.00446527 200 6.75676
100 3.59551e-05 0.00153567 300 6.96056
100 2.19727e-05 0.00210605 400 7.29927
100 1.8374e-05 0.001933 500 6.72948
100 9.5946e-06 0.00123497 600 6.83371
110 5.05083e-05 0.00901956 100 7.0922
110 3.91388e-05 0.00456471 200 6.80272
110 3.59551e-05 0.0015946 300 6.99301
110 2.22423e-05 0.00211229 400 6.22084
110 1.67446e-05 0.00206092 500 6.75676
110 6.61136e-06 0.00111386 600 6.81044
120 5.43728e-05 0.0107296 100 7.14286
120 4.29161e-05 0.00497567 200 6.87285
120 3.0319e-05 0.00170801 300 7.02576
120 2.49873e-05 0.00237038 400 6.21118
120 1.55332e-05 0.00189676 500 6.79348
120 5.45915e-06 0.00103029 600 6.77966
130 6.83595e-05 0.0122401 100 7.35294
130 5.02125e-05 0.00558681 200 6.99301
130 3.85164e-05 0.00195599 300 7.0922
130 2.77023e-05 0.00270639 400 6.25
130 1.71665e-05 0.00224531 500 6.83995
130 6.71079e-06 0.00117455 600 6.72646
140 6.05942e-05 0.0117224 100 7.57576
140 4.85836e-05 0.00510631 200 7.14286
140 3.6576e-05 0.00179509 300 7.17703
140 2.64643e-05 0.002722 400 6.29921
140 1.76864e-05 0.00220631 500 6.89655
140 9.45554e-06 0.0011443 600 6.66667
150 2.67443e-05 0.00928494 100 7.75194
150 4.01165e-05 0.00386689 200 7.24638
150 2.93873e-05 0.0014425 300 7.26392
150 1.81881e-05 0.0023228 400 6.33914
150 1.70829e-05 0.00167233 500 6.93481
150 8.65084e-06 0.000716358 600 6.59341
160 3.90625e-05 0.00724554 100 7.69231
160 2.25087e-05 0.00337297 200 7.29927
160 1.47386e-05 0.0009335 300 7.31707
160 2.08951e-05 0.00206848 400 6.37959
160 2.58376e-05 0.00199741 500 6.96379
160 1.37386e-05 0.000976637 600 6.53595
170 2.84715e-05 0.00410437 100 7.14286
170 2.66326e-05 0.00198555 200 7.27273
170 1.12764e-05 0.000721471 300 7.35294
170 1.77737e-05 0.00195856 400 6.42055
170 2.4744e-05 0.00180947 500 6.96379
180 5.23624e-05 0.00536237 100 6.36943
180 2.44141e-05 0.00245313 200 7.22022
180 1.93952e-05 0.00120394 300 7.40741
180 2.37646e-05 0.00198331 400 6.45161
180 2.56524e-05 0.00254086 500 6.92521
190 4.25674e-05 0.00597712 100 6.17284
190 2.80497e-05 0.00262618 200 7.06714
190 2.40313e-05 0.00149525 300 7.44417
190 2.75405e-05 0.00202987 400 6.49351
190 2.33357e-05 0.00253212 500 6.86813
200 1.19604e-05 0.00538732 100 6.13497
200 2.60671e-05 0.00214103 200 6.87285
200 2.36983e-05 0.00174029 300 7.4813
200 2.36389e-05 0.00236515 400 6.51466
200 2.22477e-05 0.0023211 500 6.82128
210 5.67332e-05 0.00743741 100 6.17284
210 1.89111e-05 0.00320024 200 6.80272
210 3.94004e-05 0.00184446 300 7.5
210 3.90629e-05 0.00230777 400 6.54664
210 3.08201e-05 0.00288411 500 6.80272
220 2.84715e-05 0.00515003 100 6.21118
220 1.92237e-05 0.00134944 200 6.80272
220 2.10333e-05 0.0015869 300 7.5188
220 3.07852e-05 0.00226768 400 6.56814
220 2.54283e-05 0.00214343 500 6.79348
230 3.16443e-05 0.00537851 100 6.28931
230 1.35932e-05 0.00145136 200 6.82594
230 2.4791e-05 0.00137367 300 7.5188
230 3.56732e-05 0.00220585 400 6.60066
230 2.54096e-05 0.00227729 500 6.78426
240 6.29107e-05 0.00284463 100 6.41026
240 3.50408e-05 0.00192699 200 6.87285
240 2.07799e-05 0.00255218 300 7.33496
240 2.58951e-05 0.00236309 400 6.6335
240 1.45505e-05 0.00181861 500 6.7659
250 5.43728e-05 0.00315722 100 6.49351
250 3.10741e-05 0.00255331 200 6.92042
250 1.61125e-05 0.00327772 300 5.96421
250 2.3796e-05 0.00268525 400 6.66667
250 1.3461e-05 0.00177876 500 6.74764
260 3.75056e-05 0.00429759 100 6.57895
260 2.37959e-05 0.00274403 200 6.94444
260 2.57862e-05 0.00379973 300 5.92885
260 3.16445e-05 0.00292713 400 6.70017
260 1.5379e-05 0.0020558 500 6.69344
270 6.21482e-05 0.004442 100 6.66667
270 3.04932e-05 0.00344946 200 6.96864
270 2.29025e-05 0.00432639 300 5.94059
270 2.87321e-05 0.00317582 400 6.72269
270 1.51604e-05 0.00195469 500 6.51042
280 6.34767e-05 0.00587627 100 6.75676
280 3.00997e-05 0.00398075 200 7.01754
280 2.1715e-05 0.00466522 300 5.9761
280 2.74863e-05 0.003487 400 6.75676
280 1.59871e-05 0.00191298 500 6.37755
290 7.38905e-05 0.00755664 100 6.84932
290 2.9195e-05 0.00416872 200 7.11744
290 1.76803e-05 0.00456291 300 6.0241
290 2.6408e-05 0.00363937 400 6.79117
290 9.66748e-06 0.00142584 500 6.32111
300 7.91861e-05 0.00652004 100 7.0922
300 3.00005e-05 0.0035186 200 7.24638
300 2.02635e-05 0.00368144 300 6.10998
300 2.83667e-05 0.00320216 400 6.83761
310 7.78194e-05 0.00634247 100 7.40741
310 2.76214e-05 0.00353957 200 7.46269
310 2.18972e-05 0.00364754 300 6.19835
310 2.79966e-05 0.0032675 400 6.90846
320 8.89694e-05 0.0053301 100 7.75194
320 2.72958e-05 0.00290686 200 7.69231
320 2.48976e-05 0.00283855 300 6.31579
320 3.24121e-05 0.00278433 400 6.99301
330 8.97697e-05 0.00545411 100 8.13008
330 2.01324e-05 0.00281109 200 7.90514
330 2.65455e-05 0.00254968 300 6.41026
330 2.90929e-05 0.0026089 400 7.05467
340 7.2424e-05 0.00445549 100 8.26446
340 2.21079e-05 0.00269229 200 8.09717
340 2.88872e-05 0.00235184 300 6.50759
340 3.00751e-05 0.00261914 400 7.07965
350 8.31515e-05 0.00413179 100 8.13008
350 1.79406e-05 0.00265929 200 8.23045
350 2.87953e-05 0.00269134 300 6.57895
350 2.39209e-05 0.00262515 400 7.04225
360 4.90717e-05 0.00455334 100 7.75194
360 2.39208e-05 0.00286847 200 8.33333
360 3.10528e-05 0.00314766 300 6.62252
360 2.76215e-05 0.00270243 400 6.99301
370 5.73601e-05 0.0063489 100 7.5188
370 3.41798e-05 0.005446 200 8.3682
370 3.08388e-05 0.00541451 300 6.65188
370 2.36074e-05 0.00408602 400 6.96864
380 3.8136e-05 0.0054451 100 7.40741
380 3.41798e-05 0.00563239 200 8.33333
380 3.92657e-05 0.00559164 300 6.66667
380 2.68278e-05 0.00444784 400 6.93241
390 5.16749e-05 0.00458192 100 7.35294
390 3.22968e-05 0.0042621 200 8.19672
390 4.16237e-05 0.00464929 300 6.68151
390 2.44142e-05 0.00381926 400 6.88468
400 3.52105e-05 0.00405183 100 7.29927
400 3.6047e-05 0.00437967 200 5.74713
400 4.49882e-05 0.00448167 300 6.69643
400 2.29025e-05 0.00362524 400 6.81431
410 5.54582e-05 0.00396293 100 7.24638
410 5.33214e-05 0.00509858 200 5.61798
410 5.18034e-05 0.00462875 300 6.71141
410 2.63232e-05 0.00366072 400 6.70017
420 6.64136e-05 0.00321412 100 7.19424
420 5.56729e-05 0.00478818 200 5.61798
420 5.58396e-05 0.00442271 300 6.72646
420 3.46347e-05 0.00381622 400 6.4
430 4.25674e-05 0.00431426 100 7.24638
430 5.61526e-05 0.00612331 200 5.6338
430 5.36869e-05 0.00529593 300 6.72646
430 3.0174e-05 0.00360472 400 6.23053
440 4.58049e-05 0.00455409 100 7.35294
440 6.02492e-05 0.00578586 200 5.69801
440 5.4422e-05 0.00546772 300 6.74157
450 7.32424e-05 0.00434166 100 7.57576
450 6.65484e-05 0.00547725 200 5.76369
450 5.78437e-05 0.00658492 300 6.74157
460 5.56727e-05 0.00251004 100 7.87402
460 6.57827e-05 0.00348909 200 5.8651
460 5.31163e-05 0.00552909 300 6.72646
470 8.34378e-05 0.00205256 100 8.19672
470 7.36891e-05 0.00284346 200 5.95238
470 5.27158e-05 0.00561031 300 6.72646
480 9.58081e-05 0.00216075 100 8.62069
480 7.52499e-05 0.00314598 200 6.06061
480 5.29915e-05 0.00576765 300 6.74157
490 6.67716e-05 0.00198612 100 8.92857
490 6.73939e-05 0.00315987 200 6.17284
490 4.7369e-05 0.00449172 300 6.75676
500 7.3729e-05 0.00104993 100 9.25926
500 6.81416e-05 0.00266582 200 6.25
500 4.70322e-05 0.00392821 300 6.78733
510 7.50114e-05 0.00263543 100 9.43396
510 6.93554e-05 0.00385207 200 6.30915
510 4.56894e-05 0.00390746 300 6.78733
520 6.42235e-05 0.00261069 100 9.34579
520 7.60379e-05 0.00415902 200 6.34921
520 4.81456e-05 0.00452536 300 6.74157
530 7.3729e-05 0.00121867 100 8.19672
530 7.60379e-05 0.00259858 200 6.36943
530 3.94675e-05 0.00369622 300 6.68151
540 7.2424e-05 0.00545858 100 4.60829
540 7.56449e-05 0.00235604 200 6.41026
540 4.10791e-05 0.00329506 300 6.59341
550 8.3723e-05 0.00518392 100 4.56621
550 8.15234e-05 0.00337134 200 6.45161
550 4.39456e-05 0.00340305 300 6.41026
560 9.56836e-05 0.00542025 100 4.56621
560 8.64558e-05 0.00431466 200 6.47249
560 4.85565e-05 0.0042079 300 6.07287
570 8.6386e-05 0.00603821 100 4.58716
570 7.06328e-05 0.00334854 200 6.47249
570 3.60287e-05 0.00300079 300 5.87084
580 9.00349e-05 0.00563771 100 4.62963
580 6.64139e-05 0.00441491 200 6.34921
590 7.72042e-05 0.00464563 100 4.65116
590 4.44176e-05 0.00238757 200 6.15385
600 8.52749e-05 0.00387592 100 4.6729
600 5.46463e-05 0.0025604 200 5.98802
610 9.02993e-05 0.00376451 100 4.69484
610 6.0051e-05 0.00273702 200 5.93472
620 9.27738e-05 0.00324027 100 4.73934
620 5.08612e-05 0.00252859 200 5.8997
630 8.78909e-05 0.00382771 100 4.80769
630 3.4613e-05 0.00227063 200 5.8997
640 8.28643e-05 0.00383285 100 4.9505
640 3.03953e-05 0.0017365 200 5.95238
650 8.4573e-05 0.00357452 100 5.15464
650 3.17383e-05 0.00181423 200 6.07903
660 8.58323e-05 0.00406693 100 5.40541
660 3.21117e-05 0.00180534 200 6.23053
670 8.41491e-05 0.00437779 100 5.71429
670 3.05908e-05 0.00175077 200 6.43087
680 7.96365e-05 0.00431073 100 6.06061
680 2.83666e-05 0.0015516 200 6.64452
690 7.65841e-05 0.00477924 100 6.45161
690 2.48976e-05 0.00172944 200 6.87285
700 7.94866e-05 0.00466438 100 6.89655
700 2.67443e-05 0.00191847 200 7.11744
710 7.84298e-05 0.00515646 100 7.40741
710 2.41687e-05 0.00212304 200 7.38007
720 7.50114e-05 0.0037628 100 8
720 2.27719e-05 0.00186749 200 7.63359
730 7.56444e-05 0.00285548 100 8.69565
730 2.45359e-05 0.00215948 200 7.93651
740 7.65841e-05 0.00245483 100 9.34579
740 2.94997e-05 0.00225852 200 8.16327
750 8.48545e-05 0.00209704 100 10.101
750 3.77433e-05 0.00254983 200 8.33333
760 0.000103581 0.00413813 100 10.5263
760 5.12116e-05 0.00397566 200 8.33333
770 0.000100306 0.00559743 100 10.8696
770 4.587e-05 0.00420658 200 7.84314
780 0.00010137 0.00623934 100 10.8696
780 4.61937e-05 0.00464132 200 7.0922
790 6.25306e-05 0.00317935 100 10.5263
800 4.65791e-05 0.00177764 100 9.43396
810 3.65396e-05 0.00107781 100 8.40336
820 4.42158e-05 0.00137623 100 8
830 3.38291e-05 0.00256497 100 7.69231
840 4.25674e-05 0.0023203 100 7.35294
850 5.89993e-05 0.00448186 100 6.99301
860 6.5145e-05 0.00644252 100 6.13497
870 7.22592e-05 0.0081033 100 5.20833
880 8.4573e-05 0.0124457 100 4.83092
