1.66533e-16 2.22045e-16 0 -2.98023e-08
0.0598755 0.43054 0.0494539 0.438395
0.240194 0.981257 0.246472 1.00917
0.531827 1.62004 0.550924 1.66843
0.999102 2.28691 1.01955 2.39252
1.6342 2.94802 1.68316 3.04008
2.4659 3.5799 2.56455 3.70343
3.50761 4.20225 3.61249 4.34191
4.7942 4.79182 4.91481 4.93077
6.32974 5.33072 6.48239 5.46774
8.10924 5.87803 8.31226 6.04235
10.112 6.4497 10.3222 6.60859
12.3115 7.00076 12.5461 7.15365
14.6499 7.51232 14.8981 7.64201
17.046 7.93347 17.2794 8.02584
19.4958 8.22821 19.7879 8.299
21.9927 8.30631 22.3338 8.35777
24.5048 8.12487 24.8812 8.16908
26.9916 7.67984 27.367 7.66149
29.438 6.99772 29.8789 6.96109
31.783 6.15769 32.1809 6.08149
34.0615 5.1358 34.4736 5.05282
36.2491 3.96323 36.707 3.86479
38.3394 2.75641 38.7445 2.67961
40.387 1.47658 40.8277 1.39321
42.5075 0.121543 42.9477 0.0316309
44.7985 -1.25557 45.2233 -1.33415
47.2534 -2.65271 47.6894 -2.74036
49.8291 -4.1198 50.2395 -4.21741
52.4966 -5.6542 52.9079 -5.75054
55.1975 -7.20142 55.5742 -7.30823
57.889 -8.73335 58.2336 -8.82529
60.5683 -10.2372 60.9079 -10.3202
63.209 -11.7206 63.5456 -11.7959
65.7947 -13.2456 66.1189 -13.3458
68.3062 -14.7894 68.6465 -14.8822
70.7749 -16.3593 71.1147 -16.4442
73.2072 -17.9304 73.5542 -18.0182
75.5852 -19.5001 75.9212 -19.5782
77.9762 -21.0457 78.3114 -21.1229
80.3597 -22.55 80.6955 -22.6215
82.7216 -24.0456 83.0381 -24.1059
85.1309 -25.4572 85.459 -25.5294
87.5835 -26.7635 87.9204 -26.8396
90.052 -27.9625 90.4045 -28.0552
92.5673 -29.0556 92.8977 -29.1358
95.0916 -30.0422 95.4181 -30.1298
97.628 -31 97.9745 -31.1144
100.185 -31.9141 100.483 -32.0248
102.739 -32.7462 102.989 -32.8578
105.307 -33.5536 105.504 -33.6636
107.89 -34.2985 108.079 -34.4198
110.487 -34.9932 110.656 -35.1219
113.094 -35.6311 113.256 -35.7708
115.715 -36.2182 115.849 -36.3546
118.337 -36.7945 118.436 -36.9234
120.956 -37.3113 121.035 -37.4363
123.575 -37.8087 123.63 -37.9184
126.178 -38.3059 126.21 -38.4045
128.749 -38.7892 128.767 -38.8805
131.294 -39.2548 131.275 -39.3279
133.8 -39.6976 133.779 -39.7646
136.267 -40.1528 136.278 -40.2299
138.706 -40.5712 138.718 -40.6581
141.108 -40.9186 141.112 -41.011
143.486 -41.1841 143.379 -41.2822
145.827 -41.3448 145.806 -41.4502
148.117 -41.3901 148.105 -41.4837
150.395 -41.3378 150.322 -41.4446
152.64 -41.2432 152.546 -41.365
154.896 -41.172 154.801 -41.3269
157.139 -41.1293 156.994 -41.3145
159.364 -41.123 159.176 -41.3365
161.542 -41.1434 161.302 -41.3888
163.691 -41.1846 163.447 -41.4599
165.795 -41.1698 165.518 -41.4715
167.853 -41.0367 167.577 -41.3576
169.861 -40.8143 169.597 -41.1449
171.786 -40.4987 171.549 -40.8321
173.657 -40.1008 173.426 -40.4255
175.466 -39.6434 175.249 -39.9776
177.238 -39.1767 177.03 -39.5125
179.051 -38.6378 178.821 -38.9888
180.842 -38.1301 180.625 -38.4913
182.654 -37.5851 182.46 -37.9482
184.499 -36.9942 184.316 -37.3865
186.326 -36.3363 186.165 -36.7451
188.18 -35.5867 188.019 -36.0243
190.033 -34.745 189.858 -35.2174
191.951 -33.867 191.787 -34.3527
193.922 -32.9843 193.762 -33.4712
195.982 -32.092 195.803 -32.5809
198.045 -31.1795 197.894 -31.6614
200.096 -30.2827 199.949 -30.7577
202.149 -29.3776 202.012 -29.8609
204.205 -28.4904 204.081 -28.9813
206.28 -27.6834 206.157 -28.2031
208.395 -26.9494 208.253 -27.4811
210.511 -26.2483 210.374 -26.7912
212.653 -25.5427 212.507 -26.0923
214.826 -24.8416 214.679 -25.3895
217.026 -24.1154 216.86 -24.6773
219.237 -23.3179 219.087 -23.8939
221.445 -22.466 221.229 -23.0911
223.667 -21.584 223.424 -22.2434
225.888 -20.6876 225.636 -21.3669
228.072 -19.7616 227.817 -20.4592
230.22 -18.8134 229.998 -19.5146
232.38 -17.8196 232.17 -18.5317
234.568 -16.818 234.356 -17.5536
236.713 -15.8099 236.508 -16.5542
238.852 -14.7652 238.67 -15.5112
241.017 -13.6835 240.808 -14.465
243.189 -12.5787 242.964 -13.3828
245.304 -11.4687 245.092 -12.2934
247.468 -10.3497 247.248 -11.1754
249.645 -9.23101 249.44 -10.0774
251.806 -8.09011 251.624 -8.94381
253.961 -6.93893 253.792 -7.81645
256.101 -5.75564 255.965 -6.63367
258.215 -4.54363 258.104 -5.42034
260.308 -3.27295 260.227 -4.14025
262.344 -1.88306 262.261 -2.7689
264.303 -0.414263 264.246 -1.29098
266.252 1.06853 266.22 0.181809
268.266 2.44733 268.274 1.55185
270.325 3.75947 270.348 2.83745
272.42 5.02229 272.463 4.08114
274.561 6.26691 274.631 5.32284
276.694 7.48334 276.786 6.53619
278.872 8.7038 278.977 7.77422
281.098 9.93507 281.197 8.9814
283.337 11.2198 283.432 10.2567
285.578 12.5449 285.667 11.5605
287.832 13.9115 287.918 12.9282
290.089 15.3963 290.159 14.3972
292.312 16.933 292.368 15.9164
294.494 18.4816 294.575 17.4863
296.721 20.0909 296.797 19.1319
298.978 21.8049 299.004 20.8738
301.361 23.6338 301.167 22.681
303.645 25.4875 303.319 24.5306
305.87 27.4276 305.454 26.4363
308.019 29.387 307.535 28.3446
310.141 31.3745 309.613 30.3204
312.195 33.3994 311.65 32.3107
314.189 35.4472 313.631 34.3427
316.139 37.5173 315.583 36.3913
318.049 39.6281 317.491 38.4951
319.943 41.7286 319.389 40.5759
321.829 43.8226 321.238 42.6361
323.748 45.9343 323.143 44.7328
325.707 48.018 325.085 46.7933
327.74 50.0809 327.12 48.8315
329.84 52.1179 329.245 50.8446
331.998 54.0887 331.402 52.7977
334.23 56.0461 333.64 54.7502
336.5 57.9952 335.924 56.6821
338.817 59.9256 338.242 58.5963
341.178 61.8334 340.616 60.474
343.555 63.7223 343.02 62.3425
345.958 65.5768 345.414 64.1693
348.387 67.4182 347.839 65.9843
350.802 69.2292 350.264 67.7777
353.254 71.0388 352.716 69.5945
355.699 72.8449 355.155 71.4022
358.142 74.6509 357.584 73.2091
360.583 76.4529 360.007 75.0218
363.026 78.2559 362.423 76.7991
365.452 80.0447 364.861 78.5693
367.845 81.8234 367.253 80.3374
370.166 83.5798 369.57 82.0747
372.393 85.2882 371.799 83.7707
374.498 86.9445 373.907 85.4206
376.478 88.4956 375.88 86.9563
378.371 89.9337 377.784 88.4001
380.183 91.3009 379.563 89.7304
381.933 92.5737 381.316 90.9939
383.661 93.7636 383.029 92.1877
385.476 94.9219 384.85 93.3368
387.359 96.0294 386.729 94.4239
389.298 97.0863 388.68 95.4647
391.334 98.175 390.725 96.5312
393.414 99.267 392.82 97.6011
395.55 100.323 394.979 98.643
397.704 101.323 397.126 99.6173
399.824 102.28 399.242 100.55
401.917 103.141 401.318 101.386
403.951 103.903 403.342 102.125
405.96 104.591 405.34 102.783
408.011 105.108 407.381 103.283
410.135 105.485 409.528 103.649
412.361 105.791 411.759 103.944
414.625 106.059 414.014 104.204
416.897 106.298 416.275 104.443
419.164 106.507 418.493 104.626
421.493 106.727 420.789 104.831
423.737 106.948 423.009 105.045
425.977 107.192 425.226 105.273
428.103 107.42 427.347 105.489
430.149 107.671 429.381 105.716
432.117 107.908 431.325 105.919
434.026 108.008 433.224 105.983
435.758 108.009 434.955 105.938
437.299 107.93 436.502 105.825
438.581 107.769 437.785 105.62
439.666 107.607 438.857 105.447
440.609 107.409 439.783 105.222
441.399 107.289 440.569 105.091
441.993 107.179 441.157 104.963
442.449 107.111 441.608 104.865
442.906 107.039 442.059 104.754
443.347 107.014 442.494 104.698
443.836 106.989 442.976 104.644
444.473 106.99 443.611 104.615
445.206 106.946 444.347 104.538
446.013 106.953 445.147 104.516
446.903 107.034 446.032 104.566
447.89 107.21 447 104.703
448.987 107.447 448.095 104.908
450.19 107.822 449.276 105.231
451.491 108.402 450.616 105.672
452.929 109.085 452.066 106.238
454.502 109.798 453.636 106.923
456.158 110.667 455.289 107.766
457.972 111.646 457.062 108.745
459.877 112.736 458.942 109.836
461.883 113.915 460.916 110.999
463.989 115.182 462.998 112.234
466.176 116.518 465.187 113.552
468.435 117.925 467.429 114.929
470.781 119.404 469.769 116.378
473.219 120.927 472.2 117.878
475.743 122.511 474.726 119.428
478.344 124.16 477.306 121.051
480.992 125.864 479.96 122.723
483.68 127.593 482.688 124.44
486.448 129.274 485.494 126.082
489.32 130.827 488.434 127.604
492.283 132.213 491.466 128.946
495.358 133.438 494.578 130.095
498.514 134.41 497.735 131.006
501.751 135.064 501.031 131.635
505.042 135.428 504.35 131.963
508.395 135.557 507.723 132.059
511.77 135.476 511.146 131.939
515.185 135.299 514.523 131.699
518.623 135.098 517.941 131.453
522.145 134.847 521.453 131.152
525.734 134.579 525.059 130.823
529.399 134.294 528.709 130.473
533.134 134.01 532.429 130.14
536.937 133.686 536.244 129.771
540.806 133.326 540.118 129.354
544.802 132.892 544.077 128.899
548.848 132.416 548.097 128.388
552.948 131.901 552.171 127.829
557.104 131.328 556.291 127.209
561.318 130.707 560.476 126.56
565.6 130.051 564.755 125.851
569.942 129.367 569.072 125.123
574.352 128.667 573.518 124.372
578.78 127.954 577.954 123.598
583.237 127.259 582.379 122.828
587.713 126.567 586.851 122.042
592.202 125.885 591.318 121.281
596.684 125.215 595.816 120.532
601.15 124.558 600.28 119.807
605.602 123.87 604.773 119.063
610.039 123.194 609.205 118.353
614.484 122.547 613.647 117.653
618.926 121.903 618.073 116.975
623.35 121.254 622.484 116.287
627.742 120.615 626.901 115.613
632.072 120.017 631.2 114.989
636.319 119.413 635.461 114.357
640.484 118.825 639.634 113.753
644.498 118.256 643.682 113.154
648.278 117.698 647.488 112.576
651.817 117.176 651.035 112.03
655.065 116.712 654.299 111.55
657.981 116.314 657.216 111.131
660.526 115.965 659.758 110.77
662.701 115.631 661.943 110.444
664.544 115.185 663.798 110.002
666.221 114.558 665.467 109.343
667.731 113.722 666.93 108.442
668.815 112.652 668.106 107.341
669.722 111.421 668.974 106.072
670.375 110.04 669.614 104.68
670.744 108.532 669.945 103.16
670.854 106.906 670.001 101.534
670.48 105.204 669.719 99.8464
669.886 103.505 669.084 98.1451
668.934 101.812 668.122 96.4753
667.713 100.129 666.893 94.827
666.285 98.4318 665.487 93.1195
664.692 96.7302 663.932 91.4282
662.951 95.0695 662.201 89.7723
661.045 93.5151 660.329 88.2234
658.978 92.1081 658.268 86.8378
656.784 90.7968 656.092 85.5583
654.502 89.4451 653.831 84.2459
652.178 88.0606 651.483 82.8528
649.787 86.6227 649.12 81.4484
647.362 85.1086 646.689 79.9344
644.842 83.5499 644.176 78.376
642.252 81.9483 641.624 76.793
639.681 80.3244 639.1 75.1886
637.149 78.6584 636.591 73.541
634.667 76.9938 634.115 71.8731
632.252 75.3551 631.718 70.2548
629.88 73.7386 629.341 68.6502
627.591 72.1636 627.067 67.101
625.387 70.61 624.881 65.5797
623.318 69.1157 622.865 64.1427
621.411 67.7092 620.986 62.7838
619.67 66.437 619.261 61.5532
618.154 65.2891 617.748 60.4374
616.867 64.3276 616.486 59.496
615.82 63.5309 615.449 58.7214
614.974 62.9321 614.612 58.1169
614.331 62.4616 613.962 57.6189
613.811 62.0693 613.441 57.2251
613.313 61.6942 612.934 56.8456
612.83 61.3225 612.442 56.4564
612.348 60.9568 611.956 56.0793
611.901 60.619 611.493 55.7193
611.476 60.2989 611.058 55.3792
611.109 60.0118 610.686 55.0895
610.766 59.7584 610.341 54.839
610.434 59.4839 609.999 54.5757
610.127 59.2363 609.685 54.3368
609.811 58.9832 609.358 54.0901
609.427 58.6832 608.979 53.8089
608.885 58.245 608.427 53.3803
608.141 57.6432 607.698 52.7997
607.226 56.8648 606.811 52.0509
606.175 55.9228 605.79 51.1203
604.989 54.8158 604.639 50.0291
603.721 53.5398 603.396 48.7636
602.358 52.1298 602.05 47.3709
600.872 50.5989 600.573 45.8683
599.313 48.9408 599.021 44.2216
597.636 47.1539 597.359 42.4855
595.881 45.2482 595.615 40.6413
594.058 43.2366 593.816 38.6928
592.229 41.1661 591.984 36.6418
590.417 39.0973 590.162 34.568
588.59 37.0359 588.361 32.4968
586.727 34.953 586.512 30.4427
584.835 32.8691 584.634 28.3827
582.91 30.7785 582.716 26.2926
580.956 28.6829 580.798 24.2379
578.982 26.5597 578.816 22.1041
576.99 24.4121 576.831 19.9759
575.013 22.2618 574.855 17.8327
573.061 20.0923 572.918 15.6822
571.135 17.942 571.01 13.5442
569.253 15.8124 569.125 11.4076
567.403 13.6846 567.285 9.28847
565.597 11.5948 565.496 7.20851
563.777 9.56887 563.684 5.19595
562.016 7.61088 561.892 3.21622
560.358 5.76176 560.264 1.41546
558.791 4.05916 558.707 -0.260306
557.389 2.55665 557.305 -1.76347
556.166 1.2243 556.086 -3.05837
555.087 0.0381196 554.996 -4.24676
554.092 -1.06524 554.007 -5.32615
553.156 -2.09321 553.067 -6.35839
552.265 -3.03912 552.181 -7.29097
551.446 -3.91882 551.361 -8.15495
550.715 -4.70915 550.618 -8.94991
550.055 -5.41146 549.944 -9.6631
549.472 -6.0635 549.356 -10.3172
548.991 -6.62788 548.87 -10.8898
548.582 -7.09067 548.466 -11.3423
548.258 -7.47997 548.134 -11.7281
547.987 -7.80318 547.853 -12.0475
547.769 -8.07023 547.627 -12.3016
547.593 -8.29372 547.442 -12.5289
547.439 -8.46881 547.281 -12.7062
547.312 -8.60927 547.152 -12.8536
547.213 -8.72703 547.046 -12.9707
547.138 -8.81612 546.966 -13.069
547.093 -8.8782 546.91 -13.1324
547.07 -8.915 546.878 -13.1655
547.04 -8.94821 546.848 -13.2015
546.977 -9.00235 546.805 -13.2489
546.906 -9.07505 546.75 -13.3188
546.823 -9.1754 546.669 -13.412
546.718 -9.30775 546.565 -13.5354
546.578 -9.47136 546.428 -13.6955
546.411 -9.66737 546.257 -13.8879
546.222 -9.8961 546.064 -14.1158
546.014 -10.1418 545.853 -14.358
545.783 -10.3983 545.62 -14.6152
545.57 -10.6467 545.397 -14.8691
545.388 -10.8685 545.209 -15.0884
545.243 -11.0497 545.058 -15.2647
