1.66533e-16 2.22045e-16 0 -2.98023e-08
0.0598755 0.43054 0.033496 0.448014
0.240194 0.981257 0.229032 1.04242
0.531827 1.62004 0.544428 1.70227
0.999102 2.28691 1.00483 2.42009
1.6342 2.94802 1.66383 3.09744
2.4659 3.5799 2.54667 3.75128
3.50761 4.20225 3.60989 4.38751
4.7942 4.79182 4.90216 4.97791
6.32974 5.33072 6.49038 5.51261
8.10924 5.87803 8.29448 6.0676
10.112 6.4497 10.3306 6.61947
12.3115 7.00076 12.5726 7.1733
14.6499 7.51232 14.892 7.64779
17.046 7.93347 17.3512 8.03232
19.4958 8.22821 19.8364 8.33641
21.9927 8.30631 22.3737 8.39638
24.5048 8.12487 24.9257 8.17243
26.9916 7.67984 27.4509 7.66262
29.438 6.99772 29.9257 6.96023
31.783 6.15769 32.2978 6.06867
34.0615 5.1358 34.5513 5.04312
36.2491 3.96323 36.7841 3.8274
38.3394 2.75641 38.8707 2.63839
40.387 1.47658 40.911 1.35319
42.5075 0.121543 43.0502 -0.00064303
44.7985 -1.25557 45.3168 -1.35927
47.2534 -2.65271 47.7839 -2.77709
49.8291 -4.1198 50.3449 -4.26278
52.4966 -5.6542 52.9915 -5.80738
55.1975 -7.20142 55.6751 -7.352
57.889 -8.73335 58.331 -8.8924
60.5683 -10.2372 61.0028 -10.4017
63.209 -11.7206 63.6279 -11.871
65.7947 -13.2456 66.2189 -13.4162
68.3062 -14.7894 68.7352 -14.9655
70.7749 -16.3593 71.2115 -16.5233
73.2072 -17.9304 73.6415 -18.0974
75.5852 -19.5001 75.9824 -19.6379
77.9762 -21.0457 78.3629 -21.1829
80.3597 -22.55 80.7487 -22.686
82.7216 -24.0456 83.0801 -24.1741
85.1309 -25.4572 85.5085 -25.6125
87.5835 -26.7635 87.9674 -26.929
90.052 -27.9625 90.4386 -28.1419
92.5673 -29.0556 92.9042 -29.2264
95.0916 -30.0422 95.4367 -30.2208
97.628 -31 98.0058 -31.2142
100.185 -31.9141 100.537 -32.1332
102.739 -32.7462 103.017 -32.9655
105.307 -33.5536 105.525 -33.7783
107.89 -34.2985 108.077 -34.5508
110.487 -34.9932 110.656 -35.2536
113.094 -35.6311 113.262 -35.9083
115.715 -36.2182 115.86 -36.5012
118.337 -36.7945 118.459 -37.0785
120.956 -37.3113 121.052 -37.5968
123.575 -37.8087 123.635 -38.0834
126.178 -38.3059 126.223 -38.5807
128.749 -38.7892 128.769 -39.056
131.294 -39.2548 131.283 -39.5159
133.8 -39.6976 133.79 -39.9598
136.267 -40.1528 136.291 -40.4294
138.706 -40.5712 138.725 -40.8609
141.108 -40.9186 141.084 -41.2141
143.486 -41.1841 143.502 -41.503
145.827 -41.3448 145.859 -41.6673
148.117 -41.3901 148.043 -41.7097
150.395 -41.3378 150.362 -41.6799
152.64 -41.2432 152.575 -41.6061
154.896 -41.172 154.789 -41.5634
157.139 -41.1293 156.996 -41.5606
159.364 -41.123 159.178 -41.5865
161.542 -41.1434 161.321 -41.6413
163.691 -41.1846 163.424 -41.7204
165.795 -41.1698 165.508 -41.7363
167.853 -41.0367 167.564 -41.6329
169.861 -40.8143 169.58 -41.4293
171.786 -40.4987 171.537 -41.1214
173.657 -40.1008 173.427 -40.7175
175.466 -39.6434 175.248 -40.2738
177.238 -39.1767 177.012 -39.8144
179.051 -38.6378 178.801 -39.3049
180.842 -38.1301 180.61 -38.8032
182.654 -37.5851 182.446 -38.2733
184.499 -36.9942 184.299 -37.7165
186.326 -36.3363 186.163 -37.0779
188.18 -35.5867 188.013 -36.3688
190.033 -34.745 189.856 -35.5675
191.951 -33.867 191.784 -34.7028
193.922 -32.9843 193.766 -33.8372
195.982 -32.092 195.807 -32.9567
198.045 -31.1795 197.906 -32.037
200.096 -30.2827 199.952 -31.1413
202.149 -29.3776 202.032 -30.249
204.205 -28.4904 204.093 -29.3824
206.28 -27.6834 206.182 -28.6103
208.395 -26.9494 208.286 -27.9034
210.511 -26.2483 210.398 -27.2171
212.653 -25.5427 212.533 -26.5299
214.826 -24.8416 214.708 -25.8304
217.026 -24.1154 216.892 -25.127
219.237 -23.3179 219.131 -24.3498
221.445 -22.466 221.265 -23.5514
223.667 -21.584 223.482 -22.71
225.888 -20.6876 225.666 -21.8537
228.072 -19.7616 227.878 -20.9415
230.22 -18.8134 230.057 -20.0056
232.38 -17.8196 232.234 -19.0323
234.568 -16.818 234.43 -18.0577
236.713 -15.8099 236.593 -17.0576
238.852 -14.7652 238.745 -16.035
241.017 -13.6835 240.891 -14.9886
243.189 -12.5787 243.044 -13.9149
245.304 -11.4687 245.188 -12.8211
247.468 -10.3497 247.356 -11.7262
249.645 -9.23101 249.543 -10.6249
251.806 -8.09011 251.724 -9.49852
253.961 -6.93893 253.911 -8.38586
256.101 -5.75564 256.093 -7.21246
258.215 -4.54363 258.226 -5.99368
260.308 -3.27295 260.355 -4.72809
262.344 -1.88306 262.393 -3.3608
264.303 -0.414263 264.38 -1.89357
266.252 1.06853 266.354 -0.422577
268.266 2.44733 268.419 0.935443
270.325 3.75947 270.509 2.22806
272.42 5.02229 272.626 3.46199
274.561 6.26691 274.78 4.68619
276.694 7.48334 276.935 5.90262
278.872 8.7038 279.133 7.13443
281.098 9.93507 281.364 8.34194
283.337 11.2198 283.593 9.60416
285.578 12.5449 285.838 10.9145
287.832 13.9115 288.076 12.2581
290.089 15.3963 290.324 13.7269
292.312 16.933 292.533 15.2371
294.494 18.4816 294.747 16.8093
296.721 20.0909 296.969 18.4419
298.978 21.8049 299.184 20.1916
301.361 23.6338 301.35 21.999
303.645 25.4875 303.509 23.8487
305.87 27.4276 305.641 25.7334
308.019 29.387 307.738 27.6395
310.141 31.3745 309.805 29.5995
312.195 33.3994 311.856 31.59
314.189 35.4472 313.84 33.6168
316.139 37.5173 315.809 35.6736
318.049 39.6281 317.729 37.7583
319.943 41.7286 319.617 39.8331
321.829 43.8226 321.485 41.8993
323.748 45.9343 323.388 43.9823
325.707 48.018 325.329 46.0406
327.74 50.0809 327.378 48.0733
329.84 52.1179 329.498 50.0838
331.998 54.0887 331.67 52.0292
334.23 56.0461 333.911 53.98
336.5 57.9952 336.205 55.9148
338.817 59.9256 338.528 57.8124
341.178 61.8334 340.903 59.6809
343.555 63.7223 343.314 61.5432
345.958 65.5768 345.714 63.366
348.387 67.4182 348.137 65.1655
350.802 69.2292 350.578 66.9711
353.254 71.0388 353.038 68.778
355.699 72.8449 355.479 70.5667
358.142 74.6509 357.914 72.3698
360.583 76.4529 360.335 74.173
363.026 78.2559 362.778 75.9603
365.452 80.0447 365.194 77.7012
367.845 81.8234 367.603 79.4706
370.166 83.5798 369.918 81.2009
372.393 85.2882 372.159 82.899
374.498 86.9445 374.277 84.5406
376.478 88.4956 376.248 86.0809
378.371 89.9337 378.156 87.5132
380.183 91.3009 379.959 88.8458
381.933 92.5737 381.712 90.1026
383.661 93.7636 383.435 91.2894
385.476 94.9219 385.251 92.4278
387.359 96.0294 387.144 93.5106
389.298 97.0863 389.094 94.5491
391.334 98.175 391.147 95.6071
393.414 99.267 393.253 96.676
395.55 100.323 395.406 97.7038
397.704 101.323 397.561 98.6776
399.824 102.28 399.685 99.6051
401.917 103.141 401.767 100.437
403.951 103.903 403.798 101.168
405.96 104.591 405.801 101.814
408.011 105.108 407.839 102.314
410.135 105.485 409.983 102.673
412.361 105.791 412.217 102.962
414.625 106.059 414.473 103.218
416.897 106.298 416.745 103.448
419.164 106.507 418.968 103.625
421.493 106.727 421.285 103.825
423.737 106.948 423.486 104.026
425.977 107.192 425.709 104.247
428.103 107.42 427.827 104.462
430.149 107.671 429.871 104.677
432.117 107.908 431.82 104.873
434.026 108.008 433.715 104.929
435.758 108.009 435.437 104.88
437.299 107.93 436.991 104.764
438.581 107.769 438.269 104.554
439.666 107.607 439.342 104.37
440.609 107.409 440.27 104.149
441.399 107.289 441.05 104.011
441.993 107.179 441.636 103.877
442.449 107.111 442.088 103.783
442.906 107.039 442.542 103.675
443.347 107.014 442.974 103.616
443.836 106.989 443.461 103.554
444.473 106.99 444.094 103.527
445.206 106.946 444.823 103.439
446.013 106.953 445.63 103.42
446.903 107.034 446.515 103.468
447.89 107.21 447.482 103.603
448.987 107.447 448.582 103.807
450.19 107.822 449.762 104.126
451.491 108.402 451.099 104.557
452.929 109.085 452.557 105.123
454.502 109.798 454.131 105.802
456.158 110.667 455.784 106.641
457.972 111.646 457.56 107.616
459.877 112.736 459.442 108.694
461.883 113.915 461.423 109.851
463.989 115.182 463.514 111.082
466.176 116.518 465.7 112.391
468.435 117.925 467.939 113.758
470.781 119.404 470.29 115.202
473.219 120.927 472.725 116.688
475.743 122.511 475.253 118.234
478.344 124.16 477.834 119.843
480.992 125.864 480.51 121.517
483.68 127.593 483.229 123.209
486.448 129.274 486.049 124.849
489.32 130.827 488.977 126.354
492.283 132.213 492.008 127.682
495.358 133.438 495.143 128.828
498.514 134.41 498.299 129.729
501.751 135.064 501.582 130.345
505.042 135.428 504.909 130.665
508.395 135.557 508.28 130.736
511.77 135.476 511.693 130.616
515.185 135.299 515.076 130.358
518.623 135.098 518.493 130.101
522.145 134.847 521.996 129.772
525.734 134.579 525.587 129.435
529.399 134.294 529.25 129.067
533.134 134.01 532.964 128.732
536.937 133.686 536.759 128.345
540.806 133.326 540.653 127.911
544.802 132.892 544.602 127.442
548.848 132.416 548.616 126.909
552.948 131.901 552.687 126.33
557.104 131.328 556.801 125.71
561.318 130.707 560.996 125.029
565.6 130.051 565.263 124.306
569.942 129.367 569.576 123.559
574.352 128.667 574.012 122.783
578.78 127.954 578.456 121.984
583.237 127.259 582.876 121.198
587.713 126.567 587.335 120.391
592.202 125.885 591.794 119.613
596.684 125.215 596.291 118.844
601.15 124.558 600.749 118.101
605.602 123.87 605.231 117.34
610.039 123.194 609.667 116.606
614.484 122.547 614.109 115.889
618.926 121.903 618.523 115.198
623.35 121.254 622.937 114.49
627.742 120.615 627.345 113.798
632.072 120.017 631.652 113.156
636.319 119.413 635.913 112.513
640.484 118.825 640.08 111.884
644.498 118.256 644.119 111.275
648.278 117.698 647.927 110.676
651.817 117.176 651.469 110.118
655.065 116.712 654.731 109.623
657.981 116.314 657.637 109.197
660.526 115.965 660.179 108.829
662.701 115.631 662.368 108.485
664.544 115.185 664.222 108.035
666.221 114.558 665.886 107.368
667.731 113.722 667.346 106.469
668.815 112.652 668.512 105.356
669.722 111.421 669.376 104.089
670.375 110.04 670.013 102.693
670.744 108.532 670.329 101.179
670.854 106.906 670.386 99.5438
670.48 105.204 670.095 97.8636
669.886 103.505 669.452 96.1564
668.934 101.812 668.48 94.4871
667.713 100.129 667.249 92.8499
666.285 98.4318 665.836 91.1396
664.692 96.7302 664.272 89.4519
662.951 95.0695 662.536 87.8024
661.045 93.5151 660.657 86.2639
658.978 92.1081 658.59 84.8802
656.784 90.7968 656.416 83.6052
654.502 89.4451 654.136 82.2964
652.178 88.0606 651.79 80.9009
649.787 86.6227 649.405 79.5066
647.362 85.1086 646.967 77.9901
644.842 83.5499 644.441 76.4523
642.252 81.9483 641.897 74.8817
639.681 80.3244 639.38 73.2941
637.149 78.6584 636.88 71.6673
634.667 76.9938 634.388 69.9979
632.252 75.3551 631.981 68.3869
629.88 73.7386 629.601 66.7906
627.591 72.1636 627.326 65.2492
625.387 70.61 625.135 63.7376
623.318 69.1157 623.106 62.3007
621.411 67.7092 621.214 60.9455
619.67 66.437 619.498 59.7251
618.154 65.2891 617.978 58.6085
616.867 64.3276 616.712 57.6767
615.82 63.5309 615.674 56.9074
614.974 62.9321 614.837 56.3011
614.331 62.4616 614.184 55.8076
613.811 62.0693 613.661 55.4115
613.313 61.6942 613.154 55.0363
612.83 61.3225 612.657 54.6502
612.348 60.9568 612.172 54.2727
611.901 60.619 611.705 53.9158
611.476 60.2989 611.273 53.5772
611.109 60.0118 610.901 53.2918
610.766 59.7584 610.553 53.0347
610.434 59.4839 610.212 52.7769
610.127 59.2363 609.895 52.5365
609.811 58.9832 609.566 52.2913
609.427 58.6832 609.186 52.0109
608.885 58.245 608.633 51.5849
608.141 57.6432 607.903 51.0072
607.226 56.8648 607.011 50.2603
606.175 55.9228 605.991 49.3384
604.989 54.8158 604.834 48.2479
603.721 53.5398 603.584 46.9851
602.358 52.1298 602.232 45.5956
600.872 50.5989 600.747 44.0967
599.313 48.9408 599.197 42.4527
597.636 47.1539 597.532 40.732
595.881 45.2482 595.784 38.904
594.058 43.2366 593.968 36.9425
592.229 41.1661 592.122 34.8897
590.417 39.0973 590.295 32.8231
588.59 37.0359 588.498 30.7823
586.727 34.953 586.641 28.7269
584.835 32.8691 584.75 26.6627
582.91 30.7785 582.831 24.5873
580.956 28.6829 580.894 22.5241
578.982 26.5597 578.903 20.4084
576.99 24.4121 576.918 18.2883
575.013 22.2618 574.937 16.1461
573.061 20.0923 572.986 13.9947
571.135 17.942 571.072 11.8676
569.253 15.8124 569.172 9.74182
567.403 13.6846 567.33 7.62827
565.597 11.5948 565.531 5.54899
563.777 9.56887 563.707 3.54531
562.016 7.61088 561.912 1.57268
560.358 5.76176 560.277 -0.215995
558.791 4.05916 558.704 -1.90364
557.389 2.55665 557.297 -3.39257
556.166 1.2243 556.065 -4.69854
555.087 0.0381196 554.975 -5.87026
554.092 -1.06524 553.98 -6.95003
553.156 -2.09321 553.036 -7.97628
552.265 -3.03912 552.156 -8.89995
551.446 -3.91882 551.334 -9.76326
550.715 -4.70915 550.585 -10.5566
550.055 -5.41146 549.906 -11.2651
549.472 -6.0635 549.317 -11.9186
548.991 -6.62788 548.83 -12.4899
548.582 -7.09067 548.424 -12.9429
548.258 -7.47997 548.089 -13.3265
547.987 -7.80318 547.807 -13.6407
547.769 -8.07023 547.578 -13.8989
547.593 -8.29372 547.393 -14.1214
547.439 -8.46881 547.229 -14.2995
547.312 -8.60927 547.103 -14.4486
547.213 -8.72703 546.994 -14.5647
547.138 -8.81612 546.915 -14.6632
547.093 -8.8782 546.859 -14.7255
547.07 -8.915 546.826 -14.76
547.04 -8.94821 546.797 -14.7926
546.977 -9.00235 546.752 -14.8396
546.906 -9.07505 546.697 -14.9139
546.823 -9.1754 546.616 -15.003
546.718 -9.30775 546.51 -15.1279
546.578 -9.47136 546.372 -15.2873
546.411 -9.66737 546.203 -15.4782
546.222 -9.8961 546.009 -15.7057
546.014 -10.1418 545.797 -15.9492
545.783 -10.3983 545.564 -16.2046
545.57 -10.6467 545.339 -16.4591
545.388 -10.8685 545.149 -16.676
545.243 -11.0497 544.998 -16.8533
