0 7.02516e-05 0.00476644 100 6.28931
0 5.30973e-05 0.00102355 200 6.66667
0 4.7257e-05 0.00234394 300 7.19424
0 6.37594e-05 0.00226398 400 7.31261
0 7.13998e-05 0.00598889 500 7.58725
10 4.63225e-05 0.005282 100 6.21118
10 4.59349e-05 0.00311933 200 6.66667
10 4.53985e-05 0.00346007 300 7.19424
10 6.10611e-05 0.00128073 400 7.29927
10 6.92293e-05 0.00454368 500 7.57576
20 3.84473e-05 0.00681513 100 6.13497
20 4.90111e-05 0.00402815 200 6.66667
20 5.81178e-05 0.00378391 300 7.19424
20 6.41323e-05 0.00180396 400 7.29927
20 7.35193e-05 0.00492265 500 7.55287
30 4.20036e-05 0.00751294 100 5.95238
30 3.92149e-05 0.00558134 200 6.68896
30 5.71989e-05 0.00438332 300 7.21154
30 6.22694e-05 0.00166806 400 7.31261
30 7.3018e-05 0.00448991 500 7.54148
40 4.55439e-05 0.00816271 100 5.84795
40 3.53794e-05 0.00646907 200 6.73401
40 5.42514e-05 0.00454051 300 7.24638
40 6.50895e-05 0.00147927 400 7.32601
40 7.44732e-05 0.00453149 500 7.5188
50 3.65396e-05 0.00761043 100 5.84795
50 3.83698e-05 0.0062397 200 6.77966
50 5.70133e-05 0.00366429 300 7.28155
50 6.53864e-05 0.00141537 400 7.36648
50 7.38752e-05 0.00552522 500 7.48503
60 6.56916e-05 0.00723789 100 5.98802
60 4.7717e-05 0.00619926 200 6.89655
60 6.05731e-05 0.00381055 300 7.35294
60 6.77923e-05 0.00254642 400 7.43494
60 7.69799e-05 0.00663819 500 7.42942
70 5.71519e-05 0.00685165 100 6.21118
70 4.09983e-05 0.00564824 200 7.04225
70 6.55513e-05 0.00281847 300 7.4813
70 6.62244e-05 0.00173154 400 7.5188
70 8.22286e-05 0.0068788 500 7.4184
80 7.40517e-05 0.0057008 100 6.45161
80 4.3124e-05 0.00486543 200 7.22022
80 6.2489e-05 0.00173512 300 7.61421
80 7.08452e-05 0.00229221 400 7.61905
80 8.21358e-05 0.00769339 500 7.44048
90 7.99353e-05 0.00462752 100 6.71141
90 4.17903e-05 0.00396707 200 7.38007
90 7.21504e-05 0.000967552 300 7.75194
90 7.60205e-05 0.00358504 400 7.72201
90 8.22286e-05 0.00887667 500 7.44048
100 8.62479e-05 0.00314277 100 6.89655
100 4.94952e-05 0.00332222 200 7.5188
100 7.26809e-05 0.000463326 300 7.8329
100 7.63628e-05 0.00385776 400 7.79727
100 9.07073e-05 0.00894804 500 7.34214
110 6.55099e-05 0.00562028 100 6.89655
110 4.24974e-05 0.00642252 200 7.54717
110 5.94919e-05 0.00362222 300 7.89474
110 7.02113e-05 0.0015117 400 7.85855
120 4.31239e-05 0.00693794 100 6.84932
120 3.4613e-05 0.00766664 200 7.57576
120 5.8368e-05 0.00430196 300 7.89474
120 6.93786e-05 0.00107284 400 7.90514
130 4.9314e-05 0.0065223 100 6.84932
130 3.68645e-05 0.0071955 200 7.57576
130 6.26584e-05 0.00367269 300 7.8125
130 7.2344e-05 0.00143313 400 7.92079
140 3.96682e-05 0.0083407 100 6.89655
140 4.1288e-05 0.0077959 200 7.63359
140 6.2149e-05 0.00395166 300 7.75194
140 7.42351e-05 0.00133915 400 7.93651
150 5.05083e-05 0.00887151 100 6.99301
150 3.71865e-05 0.0082718 200 7.66284
150 6.09437e-05 0.00415132 300 7.71208
150 7.1317e-05 0.00139334 400 7.96813
160 5.21342e-05 0.00818495 100 7.04225
160 3.9893e-05 0.00766841 200 7.72201
160 6.26373e-05 0.00337974 300 7.71208
160 7.49544e-05 0.00196952 400 7.98403
170 5.07437e-05 0.00810139 100 7.14286
170 4.63869e-05 0.00665223 200 7.7821
170 6.73061e-05 0.00227406 300 7.73196
170 7.74961e-05 0.00271529 400 8
180 4.88282e-05 0.00785523 100 7.24638
180 6.3053e-05 0.00554776 200 7.84314
180 7.46942e-05 0.0013516 300 7.77202
180 8.04959e-05 0.00397281 400 8
190 6.62338e-05 0.00820346 100 7.40741
190 7.09275e-05 0.00459769 200 7.93651
190 7.77529e-05 0.000698202 300 7.8329
190 8.60617e-05 0.00492027 400 8.03213
200 6.03971e-05 0.0102031 100 7.57576
200 6.49162e-05 0.00553503 200 8.06452
200 7.42495e-05 0.00105839 300 7.91557
200 8.33878e-05 0.00427322 400 8.06452
210 6.5145e-05 0.012042 100 7.8125
210 6.37581e-05 0.00658168 200 8.16327
210 7.33702e-05 0.00158229 300 7.97872
210 8.30386e-05 0.00352041 400 8.08081
220 4.28465e-05 0.0115497 100 8
220 6.8229e-05 0.005253 200 8.26446
220 7.95716e-05 0.000836017 300 8.02139
220 8.45151e-05 0.00522412 400 8.01603
230 3.16443e-05 0.0123836 100 8.06452
230 7.23421e-05 0.00591958 200 8.29876
230 7.11707e-05 0.00129701 300 8.06452
230 8.97576e-05 0.00501109 400 7.7821
240 3.75056e-05 0.0136081 100 8.13008
240 7.0675e-05 0.00702137 200 8.3682
240 7.21687e-05 0.00211831 300 8.10811
240 8.40465e-05 0.00429103 400 7.57576
250 4.83374e-05 0.0150055 100 8.19672
250 6.70837e-05 0.00801912 200 8.43882
250 7.66202e-05 0.00305605 300 8.17439
260 6.83595e-05 0.0144169 100 8.33333
260 6.96556e-05 0.00772323 200 8.51064
260 7.88525e-05 0.00268646 300 8.26446
270 5.65227e-05 0.0131835 100 8.33333
270 7.68178e-05 0.00679755 200 8.43882
270 8.10397e-05 0.00195673 300 8.31025
280 6.69499e-05 0.0127467 100 8.40336
280 7.29983e-05 0.00681712 200 8.23045
280 8.07121e-05 0.00269765 300 8.33333
290 6.5145e-05 0.0129352 100 8.40336
290 6.91402e-05 0.00691856 200 8.13008
290 8.54787e-05 0.00285995 300 8.33333
300 4.55439e-05 0.0129897 100 8.40336
300 7.54872e-05 0.00653943 200 8.06452
300 8.48721e-05 0.0029175 300 8.31025
310 5.73601e-05 0.0129742 100 8.40336
310 7.89606e-05 0.00631728 200 8
310 8.51682e-05 0.00323531 300 8.28729
320 7.4373e-05 0.0110719 100 8.47458
320 8.64903e-05 0.00464416 200 8
320 9.45584e-05 0.00392589 300 8.24176
330 0.000104497 0.00875372 100 8.47458
330 9.76578e-05 0.00370152 200 8.03213
330 0.000106771 0.00626631 300 8.19672
340 0.000107089 0.00668629 100 8.47458
340 0.000104584 0.00374083 200 8
340 0.000106099 0.0080142 300 8.06452
350 0.000102073 0.00678941 100 8.40336
350 0.000101548 0.00438256 200 8
350 0.000113226 0.00921987 300 7.75194
360 0.000117898 0.0061733 100 8.47458
360 0.000104982 0.00448247 200 8.03213
360 0.000115302 0.00993817 300 7.42574
370 0.00012928 0.00679417 100 8.54701
370 0.000115809 0.0058438 200 8.13008
380 0.000129372 0.00650551 100 8.54701
380 0.000120303 0.00664371 200 8.19672
390 0.000148907 0.00631972 100 8.33333
390 0.000125659 0.00745641 200 8.23045
400 0.000143027 0.00716818 100 7.93651
400 0.000126792 0.00849612 200 8.23045
410 0.000141266 0.00688792 100 7.69231
410 0.000126533 0.00882576 200 8.23045
420 0.000129372 0.00657832 100 7.57576
420 0.000124419 0.00764336 200 8.19672
430 0.000115961 0.00778457 100 7.5188
430 0.000105971 0.00682189 200 8.16327
440 0.000106531 0.00717324 100 7.5188
440 0.000113941 0.00699214 200 8.06452
450 0.000100306 0.00727523 100 7.5188
450 0.000110488 0.00694121 200 7.96813
460 0.000102073 0.00651342 100 7.5188
460 0.000110407 0.00684479 200 7.75194
470 7.96365e-05 0.00790269 100 7.57576
470 0.000122317 0.00755208 200 7.27273
480 0.000107422 0.00755558 100 7.57576
480 0.000130978 0.00756407 200 6.75676
490 0.000109184 0.00848183 100 7.69231
500 0.000124584 0.00784851 100 7.87402
510 0.00011729 0.00817349 100 8.06452
520 0.000117188 0.00787039 100 8.33333
530 0.00012974 0.00683036 100 8.54701
540 0.000144931 0.00697041 100 8.77193
550 0.000126295 0.00746362 100 8.84956
560 0.000106531 0.00823677 100 8.77193
570 0.000129188 0.00814551 100 8.62069
580 0.000125443 0.00819816 100 8.40336
590 0.000128818 0.00789424 100 8
600 0.000166948 0.00733235 100 6.99301
610 0.000175376 0.00661448 100 6.06061
