0 5.60993e-05 0.00314344 100 7.63359
0 7.98613e-05 0.00288067 200 7.7821
0 5.15727e-05 0.00517156 300 7.77202
0 4.51666e-05 0.00498494 400 8.14664
0 3.77469e-05 0.00532119 500 8.05153
0 3.88082e-05 0.00752845 600 7.95756
0 4.27742e-05 0.00923227 700 8.50547
0 3.36036e-05 0.00804072 800 8.52878
10 3.62119e-05 0.00413122 100 8.13008
10 7.50119e-05 0.0013315 200 8
10 4.28777e-05 0.00461069 300 7.93651
10 4.32279e-05 0.00412343 400 8.28157
10 3.32896e-05 0.00391621 500 8.06452
10 3.66941e-05 0.005471 600 8.0429
10 3.95527e-05 0.00697352 700 8.59951
10 3.41589e-05 0.00593077 800 8.59291
20 3.99676e-05 0.00311075 100 8.54701
20 8.13404e-05 0.00192861 200 8.16327
20 4.5486e-05 0.0048247 300 8.06452
20 4.23749e-05 0.00424072 400 8.40336
20 3.57218e-05 0.00434481 500 7.97448
20 3.66851e-05 0.00561803 600 8.13008
20 4.0266e-05 0.00713862 700 8.6741
20 3.4463e-05 0.00590324 800 8.65801
30 3.71864e-05 0.00264113 100 8.92857
30 7.71276e-05 0.00222359 200 8.23045
30 5.5887e-05 0.00498266 300 8.15217
30 4.07982e-05 0.00439099 400 8.47458
30 3.68002e-05 0.00483245 500 7.89889
30 3.63769e-05 0.00565101 600 8.19672
30 4.08777e-05 0.00714589 700 8.75
30 3.16569e-05 0.00559578 800 8.68621
40 2.34172e-05 0.00154941 100 9.00901
40 7.26709e-05 0.00293847 200 8.23045
40 5.63825e-05 0.00517495 300 8.17439
40 4.71995e-05 0.00466671 400 8.52878
40 3.79988e-05 0.00574601 500 7.86164
40 3.99851e-05 0.00656212 600 8.24176
40 4.29049e-05 0.00811684 700 8.79397
40 3.1903e-05 0.0061036 800 8.62999
50 3.23889e-05 0.00122217 100 9.09091
50 7.75899e-05 0.00269312 200 8.19672
50 4.99284e-05 0.00523843 300 8.19672
50 4.57241e-05 0.00469269 400 8.54701
50 3.69812e-05 0.00508266 500 7.86164
50 3.92495e-05 0.00554635 600 8.28729
50 4.13277e-05 0.00693323 700 8.81612
50 2.99764e-05 0.00484001 800 8.33333
60 5.52428e-05 0.00391999 100 9.17431
60 7.53686e-05 0.00348058 200 8.16327
60 5.5003e-05 0.0055727 300 8.21918
60 4.73571e-05 0.00542693 400 8.54701
60 3.66314e-05 0.00478563 500 7.86164
60 3.7744e-05 0.00436374 600 8.33333
60 4.20166e-05 0.00527295 700 8.80503
60 2.98643e-05 0.0031503 800 8.28157
70 7.3729e-05 0.00472475 100 9.17431
70 8.46442e-05 0.00441076 200 8.16327
70 6.2085e-05 0.00483658 300 8.26446
70 5.35592e-05 0.00460116 400 8.52878
70 3.71998e-05 0.00617209 500 7.88644
70 4.3393e-05 0.0072196 600 8.39161
70 4.57111e-05 0.00901107 700 8.73908
70 3.09908e-05 0.00556144 800 8.28157
80 8.42907e-05 0.0037615 100 9.17431
80 8.57288e-05 0.00429687 200 8.13008
80 5.75912e-05 0.00538158 300 8.28729
80 4.96761e-05 0.00493895 400 8.49257
80 3.75824e-05 0.00604885 500 7.91139
80 4.39164e-05 0.00706996 600 8.43882
80 4.19645e-05 0.00823255 700 8.69565
80 3.32917e-05 0.00513227 800 8.29016
90 9.27738e-05 0.00463054 100 8.92857
90 8.95046e-05 0.00474345 200 8.03213
90 6.8901e-05 0.00554698 300 8.26446
90 5.04943e-05 0.00493038 400 8.43882
90 4.47846e-05 0.00650954 500 7.92393
90 4.61735e-05 0.00821641 600 8.47458
90 4.46447e-05 0.00880832 700 8.66337
90 2.91062e-05 0.00556095 800 8.28157
100 0.000198764 0.00549576 100 8.69565
100 9.54976e-05 0.00531293 200 7.93651
100 7.74114e-05 0.0060445 300 8.26446
100 5.39611e-05 0.00532133 400 8.3682
100 4.5198e-05 0.006927 500 7.93651
100 4.93292e-05 0.00859869 600 8.52273
100 4.60399e-05 0.00859185 700 8.64198
100 2.93166e-05 0.00562935 800 8.27301
110 0.00018027 0.00744362 100 8.40336
110 9.12851e-05 0.00403554 200 7.87402
110 6.80498e-05 0.00485143 300 8.26446
110 4.65477e-05 0.00468685 400 8.31601
110 4.71398e-05 0.00699041 500 7.94913
110 4.89721e-05 0.00932492 600 8.5592
110 4.49164e-05 0.00888526 700 8.64198
110 3.23668e-05 0.00529238 800 8.27301
120 0.0001683 0.00541289 100 8.06452
120 6.94413e-05 0.00546672 200 7.84314
120 5.28413e-05 0.00580682 300 8.26446
120 4.56425e-05 0.00456973 400 8.26446
120 4.17766e-05 0.00514313 500 7.97448
120 4.43964e-05 0.00658208 600 8.60832
120 3.8169e-05 0.00574145 700 8.64198
120 2.88619e-05 0.0032451 800 8.27301
130 0.000132018 0.00511419 100 7.8125
130 5.96527e-05 0.00531935 200 7.7821
130 5.17778e-05 0.00523135 300 8.28729
130 4.00797e-05 0.00461128 400 8.11359
130 4.16623e-05 0.00549611 500 8
130 4.44412e-05 0.00718942 600 8.65801
130 3.6031e-05 0.00576962 700 8.65266
130 2.95192e-05 0.00304367 800 8.25593
140 0.000128818 0.00519855 100 7.57576
140 6.65036e-05 0.00609625 200 7.7821
140 4.66363e-05 0.00551398 300 8.31025
140 4.20749e-05 0.00522226 400 7.67754
140 4.15707e-05 0.00560304 500 8.03859
140 4.56469e-05 0.00728534 600 8.69565
140 3.71874e-05 0.00520412 700 8.64198
140 2.77229e-05 0.00291783 800 8.18833
150 0.000129924 0.00402582 100 7.46269
150 7.55661e-05 0.00606588 200 7.75194
150 5.95809e-05 0.00519261 300 8.33333
150 4.51171e-05 0.00577415 400 7.60456
150 4.51558e-05 0.00638897 500 8.09062
150 4.72302e-05 0.00818605 600 8.73362
150 3.66736e-05 0.00558654 700 8.53659
150 2.88878e-05 0.00358225 800 7.66284
160 0.000124201 0.00447716 100 7.35294
160 6.65036e-05 0.00695659 200 7.7821
160 5.65233e-05 0.00540352 300 8.35655
160 4.22693e-05 0.00617351 400 7.57576
160 4.3881e-05 0.00679435 500 8.13008
160 4.81744e-05 0.00836283 600 8.75912
160 3.333e-05 0.00544311 700 8.20633
170 9.70444e-05 0.0041087 100 7.29927
170 7.74746e-05 0.00512049 200 7.8125
170 5.65467e-05 0.00464616 300 8.33333
170 4.02096e-05 0.00633939 400 7.57576
170 4.41519e-05 0.00727332 500 8.18331
170 4.77115e-05 0.009087 600 8.70827
170 3.25694e-05 0.00518197 700 8.15851
180 0.000114304 0.00583562 100 7.24638
180 7.29983e-05 0.00619754 200 7.84314
180 5.50512e-05 0.00501354 300 8.28729
180 3.87565e-05 0.00630984 400 7.60456
180 4.36522e-05 0.00702256 500 8.23723
180 4.47309e-05 0.00857393 600 8.63309
180 3.29112e-05 0.00464507 700 8.14901
190 0.000108746 0.00627223 100 7.19424
190 7.29983e-05 0.00601321 200 7.87402
190 5.80494e-05 0.00470029 300 8.26446
190 3.98933e-05 0.00648108 400 7.63359
190 4.6416e-05 0.00782776 500 8.30565
190 4.59795e-05 0.00884812 600 8.59599
190 2.90388e-05 0.00480935 700 8.15851
200 0.000101488 0.00683189 100 7.19424
200 6.58732e-05 0.00621192 200 7.90514
200 4.6437e-05 0.00467085 300 8.26446
200 4.12523e-05 0.00652574 400 7.67754
200 4.5198e-05 0.00812641 500 8.37521
200 4.56832e-05 0.00838907 600 8.59599
200 2.75336e-05 0.00465656 700 8.17757
210 6.87074e-05 0.0054086 100 7.24638
210 4.22865e-05 0.00515843 200 7.96813
210 4.31548e-05 0.00540116 300 8.24176
210 4.30552e-05 0.0080832 400 7.72201
210 4.46032e-05 0.00984079 500 8.44595
210 4.58641e-05 0.00901941 600 8.60832
210 2.92891e-05 0.00447497 700 8.19672
220 6.74819e-05 0.00524414 100 7.29927
220 4.82141e-05 0.00476884 200 8.06452
220 3.40245e-05 0.00603903 300 8.24176
220 4.10713e-05 0.00892194 400 7.76699
220 4.97581e-05 0.0104697 500 8.51789
220 4.35834e-05 0.00902469 600 8.63309
220 2.89549e-05 0.0045471 700 8.22562
230 0.000104725 0.00724266 100 7.35294
230 5.87465e-05 0.00584819 200 8.16327
230 3.88246e-05 0.00779783 300 8.26446
230 4.63231e-05 0.0109098 400 7.82779
230 5.25184e-05 0.0123144 500 8.59107
230 4.4471e-05 0.0102125 600 8.67052
230 3.00112e-05 0.00567656 700 8.24499
240 7.75124e-05 0.00514769 100 7.46269
240 5.29287e-05 0.00525799 200 8.29876
240 4.25054e-05 0.00748246 300 8.28729
240 4.65477e-05 0.00992584 400 7.90514
240 5.20349e-05 0.0110511 500 8.68056
240 4.459e-05 0.0084127 600 8.72093
240 3.05973e-05 0.00394581 700 8.27423
250 5.56727e-05 0.00604345 100 7.63359
250 3.79009e-05 0.00477798 200 8.43882
250 3.70081e-05 0.00628688 300 8.28729
250 4.04129e-05 0.00822276 400 7.98403
250 4.85355e-05 0.00942313 500 8.77193
250 4.3286e-05 0.00679394 600 8.77193
250 2.85402e-05 0.00283173 700 8.30368
260 4.78416e-05 0.00778956 100 7.75194
260 3.81361e-05 0.0053407 200 8.54701
260 3.62486e-05 0.00596433 300 8.02139
260 4.20749e-05 0.00728296 400 8.06452
260 4.74424e-05 0.00861413 500 8.84956
260 4.16324e-05 0.00576439 600 8.81057
260 2.47803e-05 0.00223547 700 8.31354
270 3.71864e-05 0.00892355 100 7.87402
270 3.06881e-05 0.00628369 200 8.65801
270 3.52858e-05 0.00650354 300 7.69231
270 3.74264e-05 0.00699831 400 8.13008
270 4.63338e-05 0.0080669 500 8.92857
270 4.0626e-05 0.00432114 600 8.82353
270 2.51893e-05 0.00165453 700 8.26446
280 3.41797e-05 0.00901498 100 7.93651
280 3.73464e-05 0.00643586 200 8.77193
280 4.03307e-05 0.00647151 300 7.61421
280 3.94425e-05 0.00681684 400 8.21355
280 4.81607e-05 0.00804686 500 9.00901
280 3.83619e-05 0.00405685 600 8.78477
280 2.67901e-05 0.0018238 700 7.80379
290 3.99676e-05 0.00806815 100 8.06452
290 4.22865e-05 0.00591612 200 8.84956
290 4.07554e-05 0.0073737 300 7.61421
290 4.31416e-05 0.00788304 400 8.28157
290 5.09514e-05 0.00909501 500 9.05797
290 3.53144e-05 0.00447568 600 8.40336
300 6.44088e-05 0.00663897 100 8.19672
300 4.75293e-05 0.00668554 200 8.92857
300 4.20668e-05 0.00781987 300 7.63359
300 4.29512e-05 0.00801388 400 8.3682
300 5.0197e-05 0.00926147 500 9.07441
300 3.54174e-05 0.00360366 600 8.32178
310 3.96682e-05 0.00648579 100 8.33333
310 4.94349e-05 0.00596393 200 8.88889
310 3.97018e-05 0.00756628 300 7.67263
310 4.36908e-05 0.00779299 400 8.45666
310 5.11941e-05 0.00895815 500 9.00901
310 3.19882e-05 0.00316999 600 8.31025
320 4.36732e-05 0.00766741 100 8.47458
320 5.2533e-05 0.00698434 200 8.84956
320 4.45146e-05 0.0080142 300 7.73196
320 4.64837e-05 0.00811306 400 8.54701
320 4.91117e-05 0.00904399 500 8.94454
320 3.45752e-05 0.00248539 600 8.32178
330 6.87074e-05 0.0076087 100 8.62069
330 4.73408e-05 0.00640678 200 8.84956
330 4.40961e-05 0.00740598 300 7.77202
330 4.7231e-05 0.00856496 400 8.62069
330 5.08389e-05 0.00874765 500 8.91266
330 3.35841e-05 0.00275061 600 8.33333
340 4.20036e-05 0.00773407 100 8.69565
340 4.07065e-05 0.00647964 200 8.84956
340 4.76478e-05 0.00794524 300 7.8329
340 4.71837e-05 0.00885529 400 8.7146
340 5.0519e-05 0.00781244 500 8.91266
340 2.99125e-05 0.00260126 600 8.35655
350 4.39454e-05 0.00925081 100 8.84956
350 4.03388e-05 0.00742288 200 8.77193
350 4.36735e-05 0.00776361 300 7.89474
350 4.59679e-05 0.00838963 400 8.81057
350 4.96237e-05 0.00666913 500 8.92857
350 2.85879e-05 0.00173367 600 8.3682
360 4.20036e-05 0.0117476 100 8.92857
360 3.33858e-05 0.00944458 200 8.77193
360 4.7341e-05 0.0081559 300 7.93651
360 4.31934e-05 0.00838573 400 8.88889
360 4.75127e-05 0.00614179 500 8.96057
360 2.88875e-05 0.000873589 600 8.39161
370 3.16443e-05 0.0110702 100 9.09091
370 4.00421e-05 0.00892548 200 8.73362
370 4.03635e-05 0.00830505 300 8
370 4.81683e-05 0.00858076 400 8.98876
370 4.6241e-05 0.00580497 500 8.97666
370 2.64582e-05 0.00177515 600 8.40336
380 3.71864e-05 0.0110844 100 9.25926
380 3.95931e-05 0.00889656 200 8.62069
380 4.16873e-05 0.00870178 300 8.08625
380 5.03317e-05 0.00935369 400 9.07029
380 4.44104e-05 0.00624282 500 9.00901
380 2.77174e-05 0.00217759 600 8.41515
390 5.839e-05 0.0112638 100 9.43396
390 3.80578e-05 0.00955313 200 7.84314
390 4.49882e-05 0.0101523 300 8.15217
390 5.34338e-05 0.0108236 400 9.17431
390 4.36632e-05 0.00699346 500 9.02527
390 2.38933e-05 0.0033695 600 8.37989
400 3.52105e-05 0.0133476 100 9.61539
400 4.05598e-05 0.0102176 200 7.46269
400 4.156e-05 0.00922588 300 8.24176
400 5.00348e-05 0.00944759 400 9.23787
400 4.13982e-05 0.00475057 500 9.00901
400 2.4251e-05 0.00223755 600 8.24176
410 5.89993e-05 0.0139467 100 9.70874
410 4.94349e-05 0.0113294 200 7.38007
410 4.3308e-05 0.00993729 300 8.31025
410 5.47969e-05 0.0101957 400 9.30233
410 3.72382e-05 0.00470017 500 8.65052
420 4.44846e-05 0.0100658 100 9.61539
420 4.29161e-05 0.00925411 200 7.35294
420 3.82749e-05 0.00781454 300 8.37989
420 4.9736e-05 0.00777689 400 9.28074
420 3.15691e-05 0.00301459 500 8.31947
430 6.92259e-05 0.00575885 100 9.34579
430 4.09983e-05 0.00803359 200 7.35294
430 4.02649e-05 0.00724105 300 8.47458
430 5.12123e-05 0.00756908 400 9.13242
430 2.97974e-05 0.00349798 500 8.27815
440 5.19051e-05 0.00658777 100 9.09091
440 5.23056e-05 0.0080875 200 7.38007
440 4.85019e-05 0.00763434 300 8.54701
440 5.38505e-05 0.00759002 400 9.00901
440 3.42498e-05 0.00211527 500 8.26446
450 6.03971e-05 0.00566286 100 8.92857
450 4.98551e-05 0.00768894 200 7.40741
450 5.09266e-05 0.00832342 300 8.64553
450 5.8404e-05 0.00732422 400 8.94855
450 3.3146e-05 0.0023137 500 8.26446
460 6.44088e-05 0.00487184 100 8.69565
460 5.15017e-05 0.00680159 200 7.43494
460 4.88286e-05 0.00747528 300 8.74636
460 5.55398e-05 0.005633 400 8.92857
460 3.01158e-05 0.0026735 500 8.26446
470 3.75056e-05 0.00549556 100 8.47458
470 5.54046e-05 0.00668396 200 7.46269
470 4.84473e-05 0.00716037 300 8.82353
470 5.06858e-05 0.00473414 400 8.92857
470 2.78793e-05 0.00321715 500 8.26446
480 7.73585e-05 0.00708177 100 8.19672
480 5.66809e-05 0.00739567 200 7.5188
480 5.83453e-05 0.00811595 300 8.92857
480 5.64711e-05 0.00506198 400 8.92857
480 2.91012e-05 0.00271605 500 8.25082
490 5.94021e-05 0.00571043 100 7.57576
490 4.97354e-05 0.00682015 200 7.57576
490 5.57684e-05 0.00717848 300 9.00901
490 4.53313e-05 0.00384724 400 8.90869
490 2.42967e-05 0.00358352 500 8.22368
500 8.5135e-05 0.00719645 100 6.17284
500 5.18478e-05 0.00676825 200 7.63359
500 5.873e-05 0.00751747 300 9.09091
500 4.70413e-05 0.00303731 400 8.86918
500 2.80668e-05 0.003405 500 8.07754
510 8.22868e-05 0.00767455 100 5.91716
510 3.82921e-05 0.00531017 200 7.69231
510 5.30415e-05 0.00533482 300 9.14634
510 3.99866e-05 0.00209469 400 8.54701
520 0.000104725 0.0080728 100 5.88235
520 4.91932e-05 0.0052681 200 7.8125
520 5.66404e-05 0.0057077 300 9.14634
520 3.82729e-05 0.00204045 400 8.04829
530 0.000101253 0.00817473 100 5.95238
530 4.67708e-05 0.00472979 200 7.96813
530 5.77749e-05 0.00493922 300 9.09091
530 3.86795e-05 0.00311743 400 8.01603
540 9.48074e-05 0.00864716 100 6.06061
540 5.63116e-05 0.00521422 200 8.13008
540 5.5387e-05 0.00581865 300 8.98204
540 3.61092e-05 0.00311258 400 8.03213
550 5.60993e-05 0.00871368 100 6.13497
550 4.25675e-05 0.00583595 200 8.29876
550 4.98753e-05 0.00438932 300 8.92857
550 3.10262e-05 0.00438815 400 8.06452
560 3.96682e-05 0.0096946 100 6.25
560 4.82759e-05 0.00753814 200 8.43882
560 5.58633e-05 0.00530364 300 8.92857
560 2.70491e-05 0.00497443 400 8.08081
570 5.39325e-05 0.0103178 100 6.41026
570 6.20525e-05 0.00861633 200 8.65801
570 5.6897e-05 0.0057361 300 8.95522
570 2.855e-05 0.0057808 400 8.13008
580 5.81855e-05 0.0116109 100 6.53595
580 6.13278e-05 0.00975311 200 8.84956
580 5.50271e-05 0.00648989 300 9.00901
580 2.68001e-05 0.00613377 400 8.16327
590 6.32886e-05 0.0151564 100 6.66667
590 6.94842e-05 0.0128582 200 9.04977
590 4.21612e-05 0.00918526 300 9.06344
590 1.52466e-05 0.00672842 400 8.19672
600 6.71277e-05 0.0136929 100 6.84932
600 7.61163e-05 0.0113039 200 9.25926
600 5.19055e-05 0.00738543 300 9.14634
600 2.25418e-05 0.00664049 400 8.23045
610 4.73407e-05 0.0125317 100 7.0922
610 6.93554e-05 0.00996348 200 9.52381
610 4.75643e-05 0.00652193 300 9.25926
610 2.04628e-05 0.00645711 400 8.28157
620 6.29107e-05 0.0126109 100 7.46269
620 7.72048e-05 0.0102139 200 9.85222
620 4.42759e-05 0.00646025 300 9.40439
620 2.15965e-05 0.00651792 400 8.3682
630 6.36642e-05 0.0121701 100 7.93651
630 7.27529e-05 0.00981247 200 10.2564
630 4.62369e-05 0.0062516 300 9.6463
630 1.76475e-05 0.00628276 400 8.49257
640 6.17633e-05 0.0121693 100 8.54701
640 7.49324e-05 0.0102357 200 10.7527
640 4.23805e-05 0.00646369 300 9.90099
640 1.56802e-05 0.00613813 400 8.62069
650 6.09864e-05 0.0115353 100 9.17431
650 8.00105e-05 0.00989968 200 11.236
650 4.5863e-05 0.00598962 300 10.1351
650 1.69146e-05 0.00601754 400 8.7146
660 5.9201e-05 0.00994809 100 9.80392
660 7.76667e-05 0.00888461 200 11.7647
660 4.44253e-05 0.00530534 300 10.3448
660 1.60559e-05 0.00593899 400 8.73362
670 7.62722e-05 0.0069908 100 10.4167
670 7.4213e-05 0.00710934 200 12.1951
670 4.05273e-05 0.00419606 300 10.3806
670 1.65585e-05 0.00572942 400 8.49257
680 8.56933e-05 0.00879117 100 10.989
680 8.68342e-05 0.00846864 200 12.5
680 3.19775e-05 0.00589104 300 9.67742
690 9.46816e-05 0.00892177 100 11.4943
690 8.92044e-05 0.00827597 200 12.5786
690 3.01438e-05 0.0063335 300 9.09091
700 9.22583e-05 0.00820735 100 11.9048
700 8.2901e-05 0.00806816 200 12.0482
700 2.78602e-05 0.0061564 300 9.00901
710 9.3414e-05 0.00837149 100 12.3457
710 6.6772e-05 0.0068415 200 11.4943
710 2.79551e-05 0.00591058 300 8.95522
720 6.73051e-05 0.00563935 100 12.8205
720 6.63241e-05 0.0030642 200 11.236
720 2.66948e-05 0.00673501 300 8.90208
730 7.50114e-05 0.00657173 100 13.3333
730 6.06436e-05 0.00355898 200 11.0497
730 2.18366e-05 0.00693951 300 8.87574
740 8.72101e-05 0.00635631 100 13.6986
740 6.32889e-05 0.00379733 200 10.929
740 1.21799e-05 0.00742234 300 8.82353
750 9.56836e-05 0.00519144 100 14.0845
750 5.65229e-05 0.0038218 200 10.8108
750 1.47386e-05 0.00778281 300 8.74636
760 0.000101605 0.00425799 100 14.2857
760 5.25897e-05 0.00472083 200 10.582
760 1.17368e-05 0.00787701 300 8.42697
770 9.35416e-05 0.00122619 100 14.0845
770 4.40132e-05 0.00693973 200 8.92857
780 8.67991e-05 0.0019223 100 12.5
780 3.84474e-05 0.00929109 200 8.03213
790 7.56444e-05 0.00269809 100 10.4167
790 4.02648e-05 0.0102693 200 7.8125
800 0.000130838 0.00666521 100 9.52381
800 4.73408e-05 0.0116692 200 7.63359
810 0.000157543 0.00674953 100 9.00901
810 4.7025e-05 0.0118845 200 7.46269
820 0.000135229 0.00873734 100 8.62069
820 4.71516e-05 0.0119331 200 7.27273
830 0.000129924 0.0115195 100 8.13008
830 5.95026e-05 0.0122064 200 6.82594
840 0.000114513 0.0130346 100 6.21118
850 0.000116372 0.0168573 100 5.81395
860 0.000108856 0.0172494 100 5.88235
870 0.000106866 0.0155702 100 6.0241
880 5.25896e-05 0.0135396 100 6.13497
890 7.15962e-05 0.0121384 100 6.21118
900 7.05901e-05 0.0103862 100 6.28931
910 9.0957e-05 0.0118043 100 6.32911
920 8.67991e-05 0.0117964 100 6.32911
930 7.15962e-05 0.0113312 100 6.28931
940 8.30081e-05 0.011222 100 6.17284
950 5.56727e-05 0.00858303 100 5.88235
960 6.47779e-05 0.0063158 100 5.12821
970 5.25896e-05 0.00613657 100 4.40529
