5.55112e-17 -4.44089e-16 0 0
-0.140643 2.57496 -0.0220368 2.10741
-0.28122 5.14899 -0.08085 4.3488
-0.421837 7.72404 -0.201364 6.72119
-0.562431 10.299 -0.329587 9.15321
-0.701879 12.8696 -0.477902 11.7076
-0.854664 15.4796 -0.651367 14.3049
-1.01159 18.1732 -0.834005 16.9852
-1.17184 20.9137 -1.01879 19.711
-1.33484 23.7095 -1.22196 22.5105
-1.48704 26.5447 -1.40927 25.3509
-1.63336 29.4229 -1.59157 28.2233
-1.76898 32.3571 -1.75289 31.1551
-1.92978 35.331 -1.93607 34.0623
-2.12695 38.4715 -2.14384 37.0873
-2.32994 41.5611 -2.36482 40.075
-2.53589 44.5979 -2.56338 43.0433
-2.72891 47.5928 -2.77541 46.0139
-2.93794 50.5377 -3.01496 48.9318
-3.13018 53.465 -3.23499 51.8356
-3.31092 56.3504 -3.46008 54.7103
-3.51131 59.2254 -3.66843 57.5716
-3.70338 62.0063 -3.91121 60.3406
-3.9126 64.6979 -4.15277 63.0249
-4.11444 67.2645 -4.39639 65.6176
-4.31302 69.7142 -4.63694 68.0925
-4.51487 72.0374 -4.88595 70.4114
-4.70949 74.1754 -5.11573 72.5033
-4.89189 76.1383 -5.32865 74.4699
-5.03904 77.9253 -5.49847 76.2164
-5.15977 79.5923 -5.6497 77.8673
-5.23521 81.1354 -5.73517 79.4312
-5.20747 82.5559 -5.71119 80.8545
-5.02956 83.8853 -5.53566 82.1942
-4.68094 85.1182 -5.18607 83.4426
-4.13009 86.2 -4.63823 84.5191
-3.39307 87.0956 -3.90958 85.4455
-2.50814 87.8201 -3.03035 86.1843
-1.51105 88.3435 -2.03792 86.7614
-0.450022 88.7479 -0.991134 87.1501
0.676345 89.0231 0.100648 87.4174
1.83291 89.2772 1.2433 87.6792
3.08976 89.419 2.46353 87.8334
4.47577 89.5561 3.83114 87.9918
5.97457 89.621 5.30144 88.0834
7.61409 89.6715 6.92863 88.1776
9.42023 89.7079 8.73126 88.2584
11.3884 89.7215 10.7093 88.321
13.505 89.7387 12.8397 88.3942
15.7737 89.8053 15.0919 88.5024
18.1565 89.9295 17.4802 88.6609
20.5819 90.0828 19.8696 88.8508
23.0343 90.2277 22.3029 89.0209
25.4784 90.365 24.7435 89.1945
27.9099 90.4992 27.1046 89.3716
30.3403 90.5889 29.4609 89.5035
32.7407 90.5983 31.8141 89.571
35.1104 90.5296 34.475 89.5708
37.4308 90.3867 36.8385 89.4874
39.6836 90.1763 39.1122 89.3484
41.8632 89.9103 41.3133 89.1642
43.9595 89.6344 43.3913 88.9559
45.9228 89.3786 45.3609 88.7662
47.7263 89.1933 47.1793 88.6413
49.3665 89.1211 48.8111 88.62
50.9394 89.1915 50.3642 88.7391
52.4641 89.4509 51.8889 89.0494
53.8895 89.9453 53.2871 89.6066
55.1332 90.661 54.5236 90.3745
56.1585 91.6203 55.5238 91.3688
56.9679 92.7649 56.3168 92.5401
57.5399 94.0612 56.8683 93.8346
57.9272 95.4469 57.2345 95.2213
58.2773 96.8844 57.5655 96.6691
58.5895 98.4035 57.8487 98.1886
58.9404 100.002 58.1645 99.7892
59.3432 101.693 58.5458 101.486
59.7988 103.5 58.9746 103.305
60.3091 105.392 59.4545 105.201
60.8191 107.364 59.926 107.161
61.3551 109.478 60.4337 109.292
61.8741 111.669 60.9137 111.5
62.4176 113.965 61.419 113.802
62.9737 116.373 61.9372 116.211
63.5125 118.836 62.4242 118.646
64.0574 121.343 62.9298 121.125
64.6559 123.877 63.4996 123.638
65.2621 126.423 64.0762 126.143
65.8648 128.941 64.642 128.666
66.5105 131.383 65.2217 131.123
67.1355 133.867 65.7925 133.623
67.7482 136.262 66.3225 136.035
68.3115 138.669 66.8306 138.453
68.8308 141.067 67.2901 140.861
69.3598 143.451 67.7663 143.256
69.8446 145.83 68.2127 145.618
70.2574 148.241 68.6031 148.011
70.6341 150.615 68.9512 150.377
70.9526 153.049 69.2285 152.804
71.2367 155.483 69.47 155.245
71.4307 157.959 69.6436 157.739
71.5921 160.421 69.7736 160.209
71.7056 162.889 69.8701 162.693
71.8112 165.387 69.957 165.177
71.9015 167.846 70.0142 167.621
71.9442 170.358 70.0324 170.116
71.9442 172.867 70.0073 172.595
71.8808 175.411 69.9159 175.133
71.7593 177.948 69.7641 177.66
71.6294 180.489 69.5995 180.179
71.4958 183.069 69.4385 182.747
71.3899 185.611 69.3077 185.273
71.2292 188.182 69.1133 187.84
71.0758 190.695 68.9283 190.365
70.9082 193.208 68.7326 192.839
70.7322 195.676 68.5425 195.301
70.5873 197.903 68.3486 197.718
70.462 200.022 68.1672 199.958
70.3367 202.142 68.0069 202.036
70.2113 204.261 67.8788 204.047
70.0859 206.379 67.7851 206.023
69.9861 208.445 67.7484 207.964
70.0078 210.376 67.7715 209.905
70.0261 212.296 67.779 211.817
70.0176 214.252 67.7723 213.757
70.0132 216.217 67.7642 215.708
69.9721 218.271 67.7244 217.743
69.9344 220.317 67.6772 219.788
69.9728 222.305 67.6519 221.879
69.9816 224.354 67.5821 223.99
69.9819 226.399 67.5482 226.077
69.9492 228.454 67.4755 228.133
69.9072 230.454 67.4044 230.155
69.8598 232.418 67.3222 232.142
69.8102 234.248 67.2274 234.005
69.755 235.897 67.1345 235.666
69.603 237.437 66.9437 237.205
69.315 238.92 66.6183 238.666
68.8464 240.277 66.0978 239.989
68.1661 241.479 65.3866 241.13
67.3183 242.493 64.5166 242.115
66.3322 243.344 63.512 242.941
65.2601 243.992 62.4401 243.541
64.1403 244.474 61.3114 243.967
62.8675 244.773 60.0535 244.244
61.4589 244.926 58.6468 244.369
59.9474 244.952 57.1513 244.362
58.3354 244.902 55.5584 244.277
56.596 244.824 53.7988 244.139
54.694 244.744 51.9084 244.013
52.6504 244.605 49.8252 243.876
50.452 244.391 47.546 243.741
48.0581 244.235 45.0869 243.607
45.515 244.101 42.4858 243.462
42.9218 243.969 39.8445 243.323
40.3166 243.84 37.2062 243.19
37.7069 243.722 34.555 243.038
35.0949 243.63 31.9306 242.85
32.4729 243.489 29.3417 242.64
29.8519 243.348 26.8115 242.432
27.2642 243.258 24.2449 242.253
24.7241 243.175 21.7417 242.104
22.2104 243.091 19.2754 241.96
19.7363 242.98 16.8288 241.804
17.3111 242.85 14.4214 241.633
14.9018 242.683 12.0521 241.424
12.542 242.455 9.69484 241.18
10.2581 242.218 7.37934 240.913
8.07728 241.997 5.1931 240.652
6.03215 241.805 3.15403 240.429
4.11442 241.647 1.20951 240.244
2.32591 241.524 -0.615328 240.077
0.684853 241.422 -2.19944 239.973
-0.804697 241.362 -3.65588 239.889
-2.14706 241.322 -4.98887 239.833
-3.33505 241.321 -6.16985 239.81
-4.3627 241.348 -7.18453 239.818
-5.19561 241.375 -8.01693 239.829
-5.78797 241.411 -8.60022 239.851
-6.14894 241.436 -8.94979 239.864
-6.34761 241.454 -9.13843 239.875
-6.44103 241.457 -9.22689 239.877
-6.44144 241.456 -9.22391 239.879
-6.43993 241.463 -9.22117 239.88
-6.44044 241.483 -9.22698 239.88
-6.48061 241.498 -9.26477 239.879
-6.56026 241.508 -9.3379 239.88
-6.74249 241.516 -9.50723 239.881
-7.09925 241.542 -9.85201 239.905
-7.62731 241.598 -10.3612 239.95
-8.29317 241.705 -11.0289 240.058
-9.05063 241.891 -11.7838 240.248
-9.86361 242.208 -12.6009 240.565
-10.7277 242.662 -13.4474 241.031
-11.5662 243.294 -14.2856 241.661
-12.3177 244.122 -15.0329 242.489
-12.9699 245.164 -15.6946 243.547
-13.4696 246.441 -16.1992 244.834
-13.8281 247.877 -16.5827 246.325
-14.0575 249.558 -16.8282 248.009
-14.1762 251.406 -16.9837 249.832
-14.2647 253.405 -17.0968 251.817
-14.3289 255.544 -17.1872 253.926
-14.3996 257.838 -17.2856 256.189
-14.4714 260.263 -17.384 258.593
-14.5616 262.808 -17.516 261.086
-14.6528 265.492 -17.6377 263.738
-14.7398 268.254 -17.749 266.457
-14.8583 271.135 -17.8999 269.3
-14.9735 274.135 -18.0524 272.285
-15.0695 277.176 -18.2085 275.34
-15.1752 280.294 -18.3684 278.471
-15.2972 283.446 -18.5432 281.634
-15.4366 286.62 -18.7485 284.816
-15.5858 289.811 -18.9683 287.992
-15.7362 292.96 -19.1888 291.101
-15.8853 296.072 -19.4117 294.212
-16.047 299.166 -19.6321 297.31
-16.2197 302.246 -19.8566 300.399
-16.3897 305.314 -20.0772 303.461
-16.5597 308.378 -20.3004 306.521
-16.7094 311.459 -20.5105 309.567
-16.8393 314.563 -20.7195 312.68
-16.9723 317.709 -20.9193 315.82
-17.1184 320.893 -21.1296 318.992
-17.2817 324.127 -21.3251 322.202
-17.4544 327.375 -21.5319 325.422
-17.6142 330.594 -21.7154 328.609
-17.7759 333.802 -21.9143 331.839
-17.9596 336.995 -22.1039 334.996
-18.1284 340.134 -22.2867 338.077
-18.2956 343.192 -22.4763 341.139
-18.4531 346.169 -22.6622 344.105
-18.6326 349.056 -22.8824 346.976
-18.8177 351.841 -23.0994 349.787
-18.9865 354.488 -23.3023 352.412
-19.1249 356.982 -23.4719 354.914
-19.2209 359.289 -23.619 357.225
-19.3104 361.378 -23.7442 359.325
-19.3901 363.254 -23.8524 361.21
-19.4583 364.946 -23.9511 362.908
-19.5524 366.417 -24.0712 364.407
-19.7169 367.756 -24.2446 365.755
-19.992 369.044 -24.5277 367.048
-20.4131 370.267 -24.9557 368.248
-20.9945 371.391 -25.547 369.338
-21.7679 372.412 -26.3443 370.33
-22.7404 373.381 -27.3301 371.247
-23.9314 374.199 -28.5491 372.021
-25.3119 374.775 -29.9434 372.531
-26.8491 375.103 -31.4938 372.799
-28.5413 375.089 -33.1832 372.739
-30.3316 374.93 -34.9598 372.555
-32.1786 374.714 -36.8152 372.296
-34.1246 374.519 -38.755 372.071
-36.1925 374.312 -40.8101 371.829
-38.3604 374.089 -42.969 371.57
-40.6741 373.891 -45.2853 371.34
-43.1254 373.717 -47.7338 371.135
-45.7339 373.571 -50.3315 370.942
-48.4221 373.45 -53.016 370.773
-51.1536 373.337 -55.7612 370.592
-53.9192 373.217 -58.5221 370.422
-56.6681 373.082 -61.2838 370.234
-59.3996 372.95 -64.0232 370.041
-62.1283 372.797 -66.7402 369.829
-64.8273 372.6 -69.4622 369.567
-67.5092 372.402 -72.138 369.306
-70.1862 372.209 -74.8165 369.078
-72.8453 372.028 -77.4523 368.854
-75.4953 371.886 -80.108 368.669
-78.1161 371.787 -82.7369 368.498
-80.7178 371.719 -85.3824 368.386
-83.3118 371.695 -87.9998 368.311
-85.8427 371.71 -90.5295 368.277
-88.2157 371.734 -92.8943 368.258
-90.4027 371.755 -95.1011 368.253
-92.3769 371.747 -97.0685 368.223
-94.1812 371.7 -98.8831 368.154
-95.9542 371.61 -100.663 368.04
-97.6929 371.484 -102.387 367.909
-99.4288 371.332 -104.115 367.728
-101.212 371.15 -105.892 367.507
-103.049 370.93 -107.727 367.263
-104.964 370.713 -109.64 367.006
-107 370.47 -111.68 366.724
-109.147 370.219 -113.821 366.438
-111.414 369.991 -116.082 366.167
-113.85 369.788 -118.531 365.921
-116.382 369.588 -121.048 365.683
-119.079 369.402 -123.743 365.468
-121.87 369.312 -126.508 365.337
-124.798 369.251 -129.432 365.258
-127.749 369.222 -132.386 365.213
-130.738 369.191 -135.385 365.155
-133.725 369.151 -138.37 365.098
-136.693 369.117 -141.348 364.992
-139.64 369.026 -144.303 364.841
-142.545 368.909 -147.222 364.67
-145.453 368.8 -150.154 364.517
-148.326 368.654 -153.042 364.321
-151.184 368.484 -155.898 364.079
-154.029 368.307 -158.72 363.865
-156.834 368.111 -161.524 363.62
-159.602 367.93 -164.282 363.391
-162.353 367.77 -167.032 363.172
-165.025 367.623 -169.675 362.993
-167.587 367.474 -172.228 362.798
-169.99 367.347 -174.628 362.629
-172.23 367.237 -176.865 362.482
-174.255 367.118 -178.902 362.316
-176.113 366.976 -180.765 362.134
-177.852 366.825 -182.517 361.935
-179.482 366.619 -184.143 361.683
-181.041 366.257 -185.686 361.283
-182.507 365.701 -187.121 360.682
-183.831 364.923 -188.392 359.845
-184.968 363.902 -189.487 358.795
-185.901 362.645 -190.361 357.504
-186.576 361.163 -191.015 356.012
-187 359.498 -191.401 354.341
-187.152 357.676 -191.541 352.574
-187.206 355.773 -191.563 350.661
-187.197 353.801 -191.537 348.672
-187.078 351.713 -191.392 346.583
-186.904 349.516 -191.182 344.365
-186.7 347.199 -190.959 342.052
-186.441 344.762 -190.671 339.625
-186.138 342.246 -190.344 337.082
-185.836 339.601 -190.003 334.409
-185.559 336.87 -189.665 331.631
-185.3 334.088 -189.356 328.836
-185.053 331.296 -189.08 326.064
-184.826 328.513 -188.82 323.294
-184.627 325.707 -188.577 320.502
-184.418 322.896 -188.313 317.695
-184.219 320.05 -188.068 314.884
-184.078 317.187 -187.877 312.041
-183.933 314.301 -187.675 309.138
-183.762 311.46 -187.471 306.342
-183.602 308.616 -187.27 303.513
-183.458 305.795 -187.076 300.687
-183.343 303 -186.897 297.896
-183.261 300.212 -186.75 295.118
-183.179 297.45 -186.599 292.35
-183.09 294.685 -186.441 289.57
-182.927 291.908 -186.213 286.796
-182.767 289.099 -185.991 283.961
-182.614 286.267 -185.769 281.128
-182.442 283.386 -185.533 278.254
-182.3 280.491 -185.33 275.35
-182.15 277.557 -185.15 272.403
-182.001 274.628 -184.948 269.447
-181.824 271.689 -184.723 266.476
-181.639 268.768 -184.484 263.534
-181.425 265.788 -184.23 260.577
-181.22 262.838 -183.959 257.623
-181.009 259.845 -183.687 254.615
-180.77 256.828 -183.383 251.578
-180.561 253.86 -183.118 248.598
-180.373 250.908 -182.869 245.619
-180.191 247.98 -182.617 242.682
-180.026 245.105 -182.386 239.809
-179.89 242.301 -182.179 237.009
-179.765 239.629 -181.998 234.32
-179.603 237.078 -181.784 231.746
-179.487 234.611 -181.614 229.269
-179.426 232.294 -181.494 226.944
-179.385 230.153 -181.411 224.794
-179.373 228.203 -181.352 222.835
-179.353 226.446 -181.301 221.066
-179.285 224.89 -181.2 219.499
-179.16 223.52 -181.036 218.114
-178.893 222.222 -180.734 216.818
-178.441 221.02 -180.25 215.612
-177.799 219.912 -179.594 214.528
-176.993 218.869 -178.733 213.476
-175.954 217.909 -177.635 212.476
-174.646 217.099 -176.28 211.637
-173.038 216.423 -174.726 210.988
-171.242 215.988 -172.943 210.58
-169.252 215.748 -171.008 210.379
-167.161 215.651 -168.963 210.318
-164.984 215.579 -166.796 210.323
-162.753 215.542 -164.59 210.342
-160.42 215.517 -162.283 210.394
-157.987 215.494 -159.894 210.457
-155.494 215.477 -157.44 210.533
-152.925 215.529 -154.887 210.639
-150.25 215.556 -152.214 210.748
-147.567 215.657 -149.523 210.867
-144.856 215.752 -146.817 211.051
-142.146 215.897 -144.104 211.279
-139.455 216.087 -141.432 211.555
-136.768 216.331 -138.75 211.854
-134.104 216.562 -136.115 212.161
-131.505 216.803 -133.509 212.464
-128.993 217.018 -131 212.72
-126.585 217.191 -128.599 212.947
-124.357 217.33 -126.368 213.133
-122.326 217.419 -124.333 213.244
-120.464 217.466 -122.455 213.31
-118.654 217.497 -120.634 213.351
-116.85 217.496 -118.822 213.367
-115.068 217.514 -117.025 213.395
-113.324 217.535 -115.264 213.415
-111.616 217.623 -113.544 213.512
-109.928 217.875 -111.843 213.751
-108.291 218.301 -110.205 214.166
-106.749 218.945 -108.657 214.803
-105.349 219.794 -107.245 215.642
-104.116 220.835 -106.04 216.675
-103.036 222.051 -104.981 217.887
-102.179 223.4 -104.139 219.243
-101.543 224.849 -103.529 220.699
-101.116 226.384 -103.127 222.206
-100.831 227.969 -102.856 223.723
-100.531 229.501 -102.571 225.242
-100.252 231.018 -102.28 226.738
-99.884 232.464 -101.912 228.146
-99.4256 233.824 -101.415 229.447
-98.7759 234.873 -100.746 230.483
-98.0861 235.806 -100.018 231.396
-97.1743 236.469 -99.106 232.09
-96.2542 236.931 -98.1192 232.59
-95.2831 237.359 -97.0859 233.001
-94.1851 237.675 -95.9013 233.284
-92.9553 237.899 -94.6227 233.497
-91.5968 238.103 -93.2334 233.693
-90.0747 238.248 -91.6835 233.847
-88.3875 238.392 -89.9598 233.987
-86.4863 238.54 -88.0998 234.158
-84.4435 238.651 -86.097 234.326
-82.2539 238.747 -83.9405 234.495
-79.9401 238.872 -81.6887 234.654
-77.5396 239.011 -79.342 234.795
-75.0874 239.151 -76.8997 234.933
-72.5749 239.314 -74.3973 235.074
-69.9919 239.446 -71.8194 235.206
-67.3516 239.549 -69.1931 235.324
-64.6664 239.658 -66.5437 235.484
-61.998 239.809 -63.9411 235.656
-59.3117 239.953 -61.33 235.852
-56.702 240.109 -58.7885 236.042
-54.1511 240.268 -56.2486 236.248
-51.6259 240.427 -53.7559 236.468
-49.1274 240.564 -51.2725 236.663
-46.6659 240.713 -48.8213 236.89
-44.2406 240.886 -46.4114 237.108
-41.879 241.089 -44.0313 237.328
-39.649 241.313 -41.7955 237.559
-37.5524 241.539 -39.6883 237.784
-35.4887 241.743 -37.6145 238.002
-33.4567 241.939 -35.596 238.204
-31.5331 242.125 -33.6585 238.379
-29.7646 242.288 -31.885 238.533
-28.1724 242.408 -30.2911 238.649
-26.7472 242.469 -28.8794 238.69
-25.4603 242.473 -27.585 238.698
-24.3187 242.437 -26.4409 238.676
-23.3242 242.322 -25.4107 238.6
-22.4838 242.187 -24.5781 238.493
-21.8432 242.07 -23.9353 238.387
-21.3573 241.937 -23.4409 238.27
-20.875 241.791 -22.9802 238.121
-20.4101 241.641 -22.5136 237.964
-19.9386 241.453 -22.034 237.776
-19.3309 241.15 -21.4193 237.474
-18.6035 240.674 -20.7005 237.008
-17.8176 240 -19.9165 236.354
-17.0479 239.13 -19.1421 235.483
-16.3714 238.041 -18.4714 234.354
-15.8191 236.732 -17.9157 233.008
-15.4317 235.164 -17.5249 231.417
-15.1609 233.367 -17.2512 229.601
-14.9854 231.36 -17.0528 227.637
-14.8794 229.166 -16.9354 225.453
-14.8346 226.784 -16.8636 223.088
-14.8059 224.227 -16.7993 220.541
-14.7761 221.504 -16.7193 217.832
-14.7262 218.625 -16.6286 214.972
-14.6468 215.602 -16.497 211.966
-14.5097 212.46 -16.3077 208.822
-14.3535 209.201 -16.1057 205.563
-14.1797 205.87 -15.8677 202.221
-13.9624 202.479 -15.6039 198.846
-13.7391 199.045 -15.3285 195.484
-13.5149 195.572 -15.0596 192.024
-13.2754 192.055 -14.7726 188.505
-13.052 188.5 -14.5114 184.974
-12.8546 184.885 -14.2719 181.337
-12.6751 181.22 -14.0504 177.681
-12.508 177.502 -13.8485 173.94
-12.3412 173.719 -13.6391 170.139
-12.175 169.898 -13.4373 166.294
-12.0183 166.028 -13.2453 162.41
-11.8413 162.134 -13.0446 158.54
-11.6552 158.221 -12.8309 154.637
-11.4666 154.287 -12.6155 150.697
-11.2813 150.32 -12.3894 146.776
-11.0576 146.379 -12.1589 142.881
-10.8152 142.444 -11.9272 139.002
-10.5705 138.518 -11.6782 135.14
-10.334 134.639 -11.4303 131.334
-10.1232 130.786 -11.1739 127.551
-9.91435 127.027 -10.9261 123.833
-9.69615 123.396 -10.6635 120.229
-9.49338 119.914 -10.4177 116.765
-9.31028 116.608 -10.1767 113.451
-9.15133 113.442 -9.97341 110.293
-9.01756 110.482 -9.80756 107.394
-8.88896 107.745 -9.64088 104.684
-8.77427 105.223 -9.53621 102.225
-8.67979 102.918 -9.41224 99.951
-8.50486 100.813 -9.21453 97.8918
-8.16372 98.9197 -8.86415 96.0601
-7.61852 97.2437 -8.32193 94.4341
-6.85843 95.7252 -7.54548 92.9551
-5.89984 94.3924 -6.57239 91.6861
-4.75983 93.2539 -5.40459 90.5755
-3.45009 92.3488 -4.11052 89.7201
-1.97387 91.6917 -2.65522 89.1093
-0.436803 91.2619 -1.16788 88.7546
1.13807 91.0263 0.378582 88.6054
2.75125 90.882 1.96446 88.516
4.4317 90.7661 3.60211 88.4828
6.21174 90.6836 5.3823 88.4726
8.08109 90.5785 7.25321 88.4641
10.0766 90.4693 9.2195 88.4642
12.2059 90.3654 11.3574 88.4373
14.4898 90.2903 13.6277 88.4386
16.9105 90.3215 16.0478 88.5061
19.4536 90.4596 18.5923 88.698
22.0457 90.6711 21.2 88.9633
24.6443 90.8953 23.8283 89.2257
27.2078 91.064 26.5235 89.4341
29.7648 91.1301 29.1601 89.543
32.2877 91.0855 31.8187 89.5587
34.8034 90.9378 34.1636 89.4779
37.3251 90.7289 36.6327 89.3702
39.8962 90.5085 39.1793 89.2571
42.548 90.29 41.8372 89.1454
45.2446 90.0978 44.5199 89.0644
47.943 89.9036 47.2016 88.9738
50.618 89.6297 49.8732 88.7908
53.2522 89.1856 52.5467 88.4342
55.8142 88.5577 55.1264 87.9277
58.3133 87.7916 57.6484 87.2725
60.8055 86.9207 60.1654 86.4868
63.322 85.9941 62.6989 85.6298
65.8337 85.055 65.2038 84.8005
68.4062 84.0808 67.7897 83.8787
70.9986 83.0453 70.3815 82.8915
73.5785 81.8793 73.0457 81.7751
76.1702 80.587 75.6176 80.5749
78.8198 79.2193 78.3098 79.2836
81.4804 77.8427 80.9829 77.9915
84.1087 76.4699 83.619 76.7163
86.6952 75.0553 86.2172 75.394
89.1889 73.556 88.737 73.9613
91.573 71.9685 91.1431 72.4455
93.8504 70.2859 93.4492 70.8326
96.0206 68.5214 95.6439 69.1453
98.1039 66.7409 97.7816 67.4145
100.108 65.034 99.8074 65.7839
101.997 63.4598 101.74 64.2755
103.765 62.0703 103.526 62.9331
105.409 60.801 105.187 61.724
107.003 59.5303 106.795 60.5157
108.59 58.2474 108.397 59.2726
110.135 56.9705 109.957 58.0408
111.717 55.6375 111.56 56.7574
113.353 54.2471 113.218 55.4063
115.078 52.8312 114.968 54.0383
116.904 51.4394 116.815 52.6892
118.837 50.0549 118.772 51.3477
120.854 48.6021 120.815 49.9418
122.938 47.0837 122.935 48.4579
125.093 45.4853 125.136 46.8985
127.33 43.8208 127.41 45.2783
129.638 42.0878 129.741 43.6145
131.967 40.3448 132.083 41.9114
134.298 38.6099 134.443 40.2509
136.622 36.849 136.779 38.555
138.95 35.1311 139.126 36.8929
141.294 33.4647 141.49 35.269
143.604 31.7956 143.822 33.6514
145.872 30.1216 146.121 32.0309
148.133 28.4182 148.365 30.3986
150.348 26.751 150.618 28.7878
152.506 25.1371 152.794 27.2425
154.521 23.6035 154.839 25.7538
156.41 22.1043 156.742 24.299
158.103 20.7295 158.452 22.9719
159.606 19.4701 159.982 21.7527
161.034 18.3286 161.416 20.6668
162.527 17.3699 162.917 19.7798
164.102 16.69 164.489 19.156
165.726 16.2312 166.118 18.7294
167.465 15.9802 167.847 18.5004
169.275 15.9128 169.666 18.4635
171.157 15.9577 171.547 18.5023
173.099 15.9727 173.508 18.5331
175.12 15.9452 175.521 18.5179
177.167 15.8722 177.557 18.4554
179.305 15.7563 179.677 18.3547
181.477 15.604 181.846 18.2321
183.704 15.412 184.065 18.0613
185.981 15.2381 186.331 17.9109
188.281 15.073 188.646 17.7631
190.577 14.8968 190.961 17.6245
192.894 14.7146 193.279 17.4975
195.244 14.5102 195.647 17.3482
197.633 14.2838 198.066 17.1654
200.09 14.0301 200.528 16.9558
202.592 13.7853 202.992 16.7558
205.105 13.5341 205.528 16.5362
207.641 13.3101 208.077 16.3636
210.149 13.1111 210.588 16.2046
212.697 12.9157 213.129 16.0358
215.225 12.7378 215.645 15.8867
217.808 12.5132 218.214 15.7008
220.389 12.2827 220.798 15.5021
223.038 12.0686 223.44 15.3127
225.7 11.873 226.117 15.1677
228.381 11.6576 228.812 14.9951
231.064 11.4008 231.493 14.781
233.769 11.1571 234.209 14.5703
236.453 10.9086 236.888 14.3747
239.115 10.6283 239.537 14.1428
241.756 10.391 242.192 13.9391
244.376 10.1777 244.792 13.7578
246.942 9.97703 247.381 13.5857
249.503 9.79641 249.952 13.4345
251.962 9.61674 252.399 13.2815
254.33 9.45256 254.793 13.159
256.557 9.29718 257.055 13.0439
258.681 9.1404 259.16 12.9223
260.488 8.87072 261.184 12.7883
262.171 8.5582 263.093 12.5841
263.853 8.24605 264.853 12.3053
265.534 7.93431 266.462 11.9752
267.212 7.62322 267.914 11.649
268.72 7.30983 269.153 11.3387
269.769 7.04061 270.193 11.0907
270.655 6.86914 271.079 10.9513
271.433 6.78091 271.869 10.8839
272.188 6.79891 272.647 10.9088
272.94 6.91556 273.407 11.0325
273.674 7.13927 274.139 11.2981
274.435 7.4863 274.884 11.6879
275.206 8.02178 275.644 12.2342
275.841 9.123 276.34 13.0549
276.4 10.4039 276.96 14.0421
276.939 11.6728 277.45 15.2266
277.462 12.928 277.833 16.591
277.969 14.1653 278.229 18.1955
278.402 15.6008 278.581 20.0502
278.676 17.5409 278.801 22.0272
278.887 19.6896 278.971 24.2209
279.05 22.0041 279.077 26.5505
279.153 24.513 279.168 29.0289
279.31 27.1476 279.28 31.6962
279.492 29.9102 279.437 34.4556
279.682 32.7224 279.605 37.238
279.892 35.6187 279.786 40.1079
280.117 38.588 279.98 43.0605
280.341 41.5631 280.169 46.0202
280.554 44.6028 280.353 49.0547
280.758 47.6692 280.524 52.115
280.967 50.718 280.687 55.1558
281.19 53.7632 280.871 58.1901
281.388 56.8403 281.055 61.2384
281.609 59.9159 281.243 64.2738
281.893 62.9939 281.482 67.3034
282.168 66.0614 281.728 70.3339
282.386 69.1379 281.911 73.362
282.581 72.2057 282.082 76.3753
282.741 75.2604 282.212 79.4188
282.946 78.3005 282.393 82.4571
283.185 81.3228 282.575 85.4809
283.442 84.3639 282.769 88.4841
283.684 87.3533 282.973 91.4579
283.94 90.3521 283.216 94.4932
284.231 93.3553 283.477 97.5014
284.542 96.3451 283.804 100.488
284.938 99.3206 284.146 103.439
285.395 102.259 284.558 106.405
285.844 105.163 284.976 109.28
286.322 108.054 285.409 112.195
286.794 110.912 285.856 115.033
287.217 113.737 286.248 117.839
287.631 116.519 286.612 120.618
288.059 119.219 286.999 123.342
288.449 121.781 287.337 125.927
288.846 124.281 287.688 128.403
289.285 126.63 288.09 130.754
289.743 128.835 288.509 132.97
290.213 130.821 288.939 134.963
290.684 132.626 289.374 136.779
291.166 134.262 289.823 138.396
291.581 135.833 290.213 139.978
291.962 137.426 290.577 141.585
292.194 139.02 290.771 143.187
292.238 140.604 290.767 144.766
291.762 142.158 290.514 146.353
290.663 143.578 290.01 147.915
289.562 144.965 289.21 149.393
288.468 146.318 288.121 150.726
287.386 147.641 286.738 151.919
286.399 148.976 285.158 152.916
284.572 149.919 283.288 153.846
282.599 150.835 281.299 154.763
280.553 151.805 279.23 155.717
278.418 152.847 277.072 156.724
276.187 153.973 274.885 157.781
273.849 155.202 272.532 158.959
271.423 156.516 270.092 160.211
268.909 157.881 267.576 161.509
266.393 159.279 265.025 162.849
263.832 160.712 262.473 164.241
261.343 162.229 259.976 165.716
258.928 163.839 257.537 167.261
256.568 165.516 255.149 168.882
254.221 167.22 252.758 170.553
251.812 168.915 250.337 172.202
249.343 170.565 247.854 173.773
246.83 172.171 245.319 175.32
244.269 173.728 242.734 176.834
241.688 175.211 240.111 178.282
239.067 176.646 237.46 179.66
236.435 178.028 234.822 180.978
233.829 179.392 232.194 182.278
231.251 180.753 229.609 183.594
228.708 182.113 227.048 184.905
226.215 183.484 224.539 186.221
223.77 184.812 222.087 187.486
221.367 186.107 219.651 188.718
219.059 187.344 217.34 189.899
216.844 188.521 215.088 191.048
214.73 189.612 212.976 192.09
212.762 190.601 211.009 193.034
210.934 191.519 209.173 193.902
209.294 192.365 207.524 194.706
207.831 193.113 206.056 195.424
206.577 193.798 204.798 196.073
205.54 194.396 203.754 196.642
204.73 194.902 202.94 197.128
204.122 195.322 202.302 197.543
203.546 195.745 201.719 197.938
203.043 196.282 201.149 198.362
202.516 196.788 200.576 198.782
201.945 197.326 199.981 199.261
201.195 198 199.206 199.899
200.227 198.809 198.212 200.67
199.077 199.76 197.047 201.591
197.731 200.792 195.684 202.586
196.253 201.872 194.189 203.621
194.624 202.967 192.545 204.685
192.62 204.118 190.731 205.787
190.615 205.269 188.815 206.866
188.612 206.419 186.803 207.964
186.608 207.57 184.716 209.08
184.605 208.72 182.528 210.22
182.452 209.924 180.279 211.399
180.163 211.202 177.974 212.637
177.855 212.474 175.641 213.858
175.554 213.761 173.331 215.098
173.261 215.032 171.008 216.331
171.007 216.296 168.73 217.544
168.77 217.549 166.47 218.751
166.636 218.726 164.308 219.88
164.64 219.824 162.295 220.927
162.8 220.792 160.435 221.85
161.11 221.618 158.73 222.634
159.51 222.334 157.111 223.318
157.846 222.861 155.468 223.818
156.181 223.203 153.798 224.116
154.511 223.364 152.123 224.226
152.787 223.35 150.419 224.153
150.969 223.245 148.579 224.013
149.048 223.061 146.641 223.81
146.999 222.887 144.582 223.622
144.811 222.709 142.391 223.44
142.452 222.507 140.04 223.223
139.986 222.307 137.566 223.015
137.342 222.163 134.927 222.86
134.569 222.03 132.144 222.698
131.695 221.932 129.259 222.581
128.711 221.803 126.272 222.425
125.647 221.65 123.183 222.249
122.615 221.5 120.119 222.076
119.544 221.309 117.045 221.862
116.511 221.102 114.017 221.639
113.517 220.904 111 221.419
110.545 220.708 108.029 221.212
107.636 220.532 105.112 221.021
104.717 220.374 102.191 220.859
101.841 220.219 99.328 220.697
98.9947 220.067 96.4885 220.537
96.1815 219.895 93.6929 220.353
93.4386 219.686 90.968 220.118
90.8555 219.501 88.3145 219.899
88.3886 219.326 85.8669 219.605
86.1237 219.158 83.6048 219.377
84.05 219.045 81.5255 219.217
82.1529 219.016 79.5935 219.131
80.388 219.115 77.7858 219.204
78.6648 219.366 76.0421 219.408
77.0163 219.796 74.3779 219.835
75.4615 220.446 72.7914 220.445
74.0691 221.411 71.3539 221.379
72.8628 222.604 70.1059 222.564
71.8419 224.015 69.0428 223.931
71.0234 225.7 68.2442 225.537
70.4217 227.54 67.6199 227.335
70.0346 229.518 67.2541 229.262
69.8138 231.611 67.0101 231.34
69.6701 233.8 66.8689 233.536
69.6037 236.023 66.8015 235.788
69.5459 238.343 66.6979 238.12
69.4994 240.72 66.5759 240.525
69.4694 243.193 66.4977 242.999
69.3845 245.776 66.3517 245.598
69.2326 248.433 66.1516 248.273
69.0946 251.146 65.9666 251.031
68.951 253.983 65.7811 253.97
68.8119 256.917 65.5947 256.894
68.6506 259.92 65.4127 259.87
68.4622 263.082 65.2219 262.952
68.2886 266.253 65.004 266.075
68.0966 269.464 64.7908 269.255
67.9038 272.683 64.5756 272.472
67.7215 275.872 64.3466 275.65
67.5255 279.043 64.0949 278.813
67.3175 282.219 63.8393 281.975
67.1116 285.344 63.5773 285.096
66.9014 288.508 63.3309 288.249
66.6881 291.652 63.0979 291.315
66.4788 294.782 62.8671 294.39
66.2892 297.878 62.6595 297.44
66.0781 300.944 62.4056 300.481
65.8263 304.009 62.1226 303.52
65.5736 307.018 61.8546 306.516
65.2747 310.032 61.5382 309.494
64.9245 313.031 61.1709 312.455
64.5406 315.995 60.7711 315.402
64.09 318.948 60.2902 318.328
63.6717 321.904 59.8435 321.267
63.3043 324.896 59.4519 324.242
62.9676 327.898 59.0816 327.23
62.6991 330.909 58.7832 330.235
62.5536 333.929 58.5649 333.215
62.4023 336.963 58.3445 336.238
62.2666 340.021 58.1424 339.3
62.1165 343.036 57.9504 342.311
61.9935 346.033 57.7843 345.301
61.8664 348.989 57.6094 348.28
61.7609 351.858 57.4438 351.16
61.6793 354.612 57.3127 353.911
61.5863 357.261 57.1766 356.554
61.5506 359.777 57.0936 359.049
61.5772 362.146 57.084 361.439
61.603 364.291 57.077 363.591
61.6287 366.323 57.0777 365.61
61.6499 368.352 57.064 367.631
61.6247 370.356 56.9973 369.614
61.5112 372.34 56.8545 371.566
61.2716 374.388 56.5742 373.582
60.9667 376.528 56.2128 375.711
60.6371 378.796 55.8344 377.969
60.3245 381.208 55.4752 380.369
60.0656 383.741 55.1785 382.895
59.8848 386.414 54.9525 385.567
59.7898 389.196 54.8103 388.348
59.7654 392.107 54.7237 391.264
59.7664 395.121 54.6595 394.313
59.7286 398.269 54.5614 397.478
59.6733 401.493 54.4408 400.669
59.5754 404.695 54.293 403.857
59.4251 407.917 54.0874 407.054
59.267 411.104 53.88 410.24
59.0847 414.258 53.6549 413.401
58.9137 417.417 53.4428 416.561
58.7488 420.528 53.2373 419.672
58.5741 423.604 53.0398 422.737
58.4372 426.635 52.8751 425.781
58.2868 429.523 52.6824 428.687
58.1176 432.28 52.4794 431.449
57.9241 434.902 52.2495 434.08
57.6632 437.383 51.9645 436.566
57.3683 439.71 51.6575 438.911
57.0367 441.889 51.3019 441.07
56.6568 443.875 50.9032 443.063
56.3239 445.645 50.5519 444.827
56.1487 447.27 50.3648 446.43
56.6161 448.531 50.4355 447.958
57.3335 449.65 50.7524 449.291
58.0256 450.723 51.3746 450.46
58.6832 451.752 52.2129 451.46
59.3008 452.746 53.2291 452.207
60.0519 453.493 54.3603 452.789
61.2321 453.864 55.5676 453.145
62.5751 454.072 56.9179 453.345
64.0756 454.194 58.4283 453.466
65.7299 454.238 60.0867 453.508
67.5362 454.32 61.8656 453.594
69.4819 454.414 63.8087 453.704
71.5684 454.518 65.881 453.838
73.7832 454.637 68.096 454.002
76.1587 454.79 70.4591 454.198
78.6468 454.943 72.9304 454.401
81.2259 455.116 75.524 454.628
83.9168 455.302 78.2149 454.873
86.702 455.457 80.9796 455.079
89.5264 455.578 83.821 455.265
92.4124 455.734 86.6844 455.481
95.3286 455.895 89.5848 455.713
98.2499 456.054 92.5044 455.92
101.184 456.224 95.4338 456.133
104.093 456.393 98.3657 456.344
106.999 456.526 101.305 456.523
109.897 456.655 104.187 456.709
112.75 456.817 106.996 456.917
115.61 456.966 109.821 457.111
118.4 457.099 112.638 457.302
121.146 457.259 115.374 457.513
123.877 457.448 118.107 457.742
126.584 457.667 120.796 457.999
129.242 457.973 123.462 458.347
131.877 458.36 126.079 458.79
134.472 458.811 128.643 459.285
137.048 459.328 131.218 459.854
139.579 459.909 133.719 460.462
142.082 460.548 136.206 461.141
144.536 461.24 138.64 461.879
146.935 462.036 141.029 462.7
149.324 462.891 143.391 463.576
151.645 463.79 145.713 464.506
153.954 464.746 147.997 465.488
156.216 465.719 150.231 466.502
158.442 466.755 152.432 467.583
160.611 467.844 154.574 468.716
162.721 468.976 156.655 469.888
164.765 470.136 158.686 471.108
166.772 471.336 160.65 472.334
168.632 472.526 162.491 473.577
170.346 473.697 164.182 474.796
171.909 474.797 165.732 475.933
173.303 475.783 167.138 476.947
174.557 476.625 168.4 477.792
175.657 477.274 169.535 478.446
176.667 477.791 170.559 478.936
177.694 478.199 171.604 479.375
178.769 478.445 172.696 479.633
179.82 478.56 173.77 479.784
180.911 478.532 174.87 479.758
182.069 478.324 176.044 479.551
183.262 477.935 177.246 479.148
184.488 477.285 178.507 478.466
185.759 476.307 179.805 477.46
187.077 475.007 181.136 476.162
188.479 473.465 182.556 474.635
189.954 471.703 184.061 472.879
191.519 469.725 185.636 470.95
193.208 467.608 187.321 468.863
195.017 465.321 189.119 466.61
196.864 462.933 190.979 464.262
198.729 460.523 192.855 461.887
200.614 458.121 194.764 459.503
202.51 455.73 196.672 457.153
204.411 453.358 198.618 454.783
206.322 451.001 200.542 452.454
208.222 448.665 202.473 450.134
210.114 446.338 204.39 447.829
211.977 444.014 206.285 445.526
213.836 441.707 208.161 443.263
215.684 439.421 210.028 441.039
217.556 437.143 211.933 438.812
219.471 434.824 213.885 436.529
221.451 432.447 215.904 434.192
223.467 430.017 217.995 431.793
225.487 427.604 220.05 429.357
227.507 425.191 222.117 426.931
229.526 422.779 224.189 424.534
231.545 420.367 226.267 422.145
233.564 417.955 228.298 419.854
235.559 415.588 230.275 417.615
237.437 413.389 232.173 415.458
238.78 411.507 233.947 413.397
239.938 409.691 235.486 411.524
241.095 407.877 236.819 409.76
242.251 406.068 237.866 408.125
243.408 404.263 238.621 406.505
244.011 402.484 239.012 404.754
244.001 400.839 239.02 403.056
243.617 399.284 238.656 401.452
242.89 397.829 237.942 399.96
241.874 396.462 236.946 398.571
240.632 395.202 235.723 397.282
239.222 394.034 234.333 396.084
237.619 392.958 232.734 394.975
235.793 391.995 230.926 393.991
233.765 391.139 228.875 393.129
231.527 390.408 226.597 392.356
229.102 389.773 224.142 391.676
226.503 389.204 221.585 391.072
223.726 388.759 218.798 390.59
220.798 388.372 215.883 390.147
217.711 387.983 212.794 389.725
214.531 387.607 209.633 389.311
211.282 387.246 206.382 388.918
207.99 386.907 203.115 388.55
204.658 386.595 199.768 388.2
201.287 386.304 196.386 387.868
197.919 386.031 193.011 387.567
194.556 385.786 189.625 387.285
191.207 385.555 186.28 387.025
187.886 385.358 182.953 386.792
184.599 385.188 179.667 386.559
181.348 385.029 176.431 386.355
178.125 384.88 173.193 386.139
174.94 384.732 170.017 385.934
171.787 384.605 166.87 385.728
168.667 384.479 163.776 385.536
165.61 384.376 160.726 385.37
162.652 384.301 157.766 385.24
159.842 384.253 154.953 385.148
157.213 384.244 152.327 385.093
154.758 384.238 149.895 385.036
152.465 384.177 147.601 384.93
150.35 384.033 145.486 384.737
148.463 383.775 143.598 384.437
146.862 383.343 141.991 383.945
145.493 382.652 140.651 383.202
144.343 381.71 139.535 382.217
143.476 380.549 138.717 381.023
142.886 379.215 138.156 379.67
142.513 377.743 137.818 378.182
142.318 376.137 137.649 376.58
142.188 374.396 137.551 374.87
142.147 372.567 137.531 373.048
142.123 370.607 137.529 371.111
142.118 368.495 137.551 368.992
142.131 366.234 137.586 366.756
142.204 363.815 137.693 364.342
142.299 361.231 137.82 361.766
142.415 358.475 137.971 359.03
142.583 355.558 138.201 356.137
142.74 352.539 138.421 353.118
142.892 349.439 138.631 350.007
143.064 346.281 138.86 346.847
143.227 343.091 139.074 343.667
143.425 339.887 139.327 340.455
143.616 336.701 139.564 337.29
143.796 333.502 139.779 334.09
144.006 330.337 140.012 330.924
144.23 327.131 140.248 327.715
144.419 323.896 140.467 324.458
144.587 320.591 140.67 321.176
144.755 317.239 140.876 317.849
144.942 313.833 141.085 314.512
145.157 310.363 141.321 311.098
145.368 306.861 141.546 307.629
145.57 303.322 141.77 304.112
145.78 299.781 142.005 300.561
145.996 296.224 142.251 297.024
146.233 292.724 142.522 293.521
146.467 289.221 142.785 290.059
146.685 285.746 143.052 286.604
146.894 282.281 143.328 283.141
147.104 278.834 143.594 279.709
147.309 275.38 143.869 276.233
147.469 272.015 144.078 272.903
147.644 268.641 144.311 269.552
147.828 265.287 144.554 266.217
148.019 262.011 144.794 262.966
148.192 258.776 145.017 259.742
148.363 255.568 145.224 256.535
148.543 252.485 145.454 253.443
148.699 249.53 145.655 250.45
148.855 246.697 145.87 247.627
149.012 244.06 146.075 245.009
149.178 241.565 146.292 242.529
149.354 239.241 146.505 240.203
149.518 237.141 146.704 238.097
149.688 235.241 146.912 236.194
149.832 233.537 147.08 234.505
149.906 232.005 147.185 232.976
149.839 230.62 147.156 231.578
149.635 229.344 146.963 230.259
149.241 228.15 146.584 229.042
148.716 227.04 146.08 227.915
148.001 226.008 145.377 226.846
147.076 225.049 144.444 225.851
145.938 224.217 143.338 224.946
144.564 223.496 142.018 224.184
143.011 222.964 140.484 223.602
141.317 222.569 138.807 223.16
139.454 222.335 136.99 222.875
137.425 222.166 135.029 222.675
135.206 222.05 132.851 222.516
132.804 221.962 130.501 222.381
130.267 221.919 127.963 222.284
127.509 221.883 125.171 222.168
124.623 221.854 122.274 222.034
121.664 221.83 119.313 221.917
118.657 221.763 116.293 221.773
115.642 221.686 113.316 221.583
112.627 221.57 110.319 221.379
109.674 221.356 107.361 221.158
106.755 221.167 104.463 220.945
103.816 220.977 101.47 220.742
100.934 220.823 98.5896 220.555
98.0755 220.656 95.7741 220.366
95.253 220.488 92.9441 220.152
92.4869 220.344 90.2137 219.958
89.8754 220.223 87.6311 219.755
87.4584 220.103 85.2351 219.554
85.3089 219.94 83.0521 219.369
83.4047 219.815 81.1518 219.251
81.8115 219.719 79.4924 219.185
80.3866 219.682 78.0377 219.168
79.0037 219.767 76.6523 219.232
77.6607 220.008 75.2906 219.441
76.3716 220.406 73.9793 219.775
75.1559 220.96 72.784 220.263
74.011 221.727 71.6162 221.01
72.9235 222.716 70.5085 221.938
71.9789 223.872 69.53 223.044
71.1845 225.267 68.7565 224.302
70.5597 226.755 68.1255 225.695
70.1064 228.212 67.6674 227.161
69.7803 229.717 67.3525 228.634
69.6111 231.274 67.1885 230.155
69.5073 232.885 67.0874 231.741
69.4137 234.509 66.9805 233.351
69.3439 236.145 66.9172 234.97
69.1653 237.775 66.7171 236.554
68.8506 239.377 66.3956 238.12
68.411 240.827 65.8826 239.594
67.7274 242.111 65.1074 240.868
66.8031 243.183 64.1263 241.991
65.7018 244.108 62.9732 242.919
64.4482 244.782 61.6945 243.567
63.0808 245.26 60.2828 244.028
61.5807 245.475 58.7819 244.218
60.0219 245.545 57.242 244.26
58.3736 245.501 55.5985 244.179
56.5578 245.388 53.8297 244.084
54.5757 245.268 51.8724 243.974
52.4223 245.172 49.7403 243.867
50.0879 245.082 47.4416 243.754
47.5816 245.009 44.9503 243.627
44.919 244.938 42.2908 243.498
42.1228 244.817 39.4815 243.313
39.1647 244.672 36.5231 243.1
36.0571 244.511 33.4075 242.88
32.8401 244.318 30.2211 242.644
29.5954 244.119 26.9775 242.402
26.356 243.939 23.7274 242.177
23.1363 243.778 20.4761 241.975
19.9239 243.575 17.2814 241.746
16.7717 243.334 14.1388 241.468
13.6619 243.083 11.0605 241.202
10.6664 242.818 8.05167 240.903
7.81475 242.555 5.22675 240.623
5.13929 242.325 2.55782 240.366
2.67985 242.119 0.138275 240.131
0.450309 241.931 -2.06284 239.919
-1.52897 241.776 -4.03861 239.747
-3.22882 241.671 -5.69864 239.616
-4.6183 241.633 -7.06668 239.558
-5.72763 241.636 -8.16691 239.549
-6.59491 241.676 -9.01053 239.583
-7.31606 241.736 -9.71062 239.637
-7.99983 241.825 -10.3867 239.728
-8.66843 241.972 -11.0666 239.875
-9.31047 242.16 -11.7182 240.059
-10.0403 242.49 -12.4359 240.389
-10.9006 242.987 -13.3201 240.865
-11.7888 243.697 -14.2169 241.549
-12.6057 244.63 -15.0472 242.47
-13.3252 245.805 -15.7819 243.637
-13.8761 247.212 -16.3547 245.122
-14.2623 248.904 -16.7429 246.807
-14.4567 250.843 -16.947 248.756
-14.5344 252.994 -17.0285 250.887
-14.597 255.35 -17.1051 253.222
-14.6671 257.911 -17.2046 255.76
-14.736 260.65 -17.3135 258.491
-14.8495 263.576 -17.4696 261.404
-14.9575 266.73 -17.6325 264.551
-15.0596 270.016 -17.8034 267.823
-15.1827 273.477 -18.0137 271.303
-15.3032 277.021 -18.2372 274.839
-15.4402 280.659 -18.4553 278.47
-15.5906 284.352 -18.6937 282.147
-15.7645 288.068 -18.9376 285.855
-15.9468 291.812 -19.2085 289.601
-16.0999 295.543 -19.4392 293.332
-16.2601 299.308 -19.6787 297.109
-16.4253 303.106 -19.9137 300.882
-16.5901 306.893 -20.1538 304.677
-16.7567 310.706 -20.3993 308.492
-16.9102 314.536 -20.6345 312.342
-17.0622 318.372 -20.8731 316.168
-17.2117 322.183 -21.1368 320.034
-17.3596 325.996 -21.3812 323.886
-17.5032 329.778 -21.6255 327.644
-17.653 333.538 -21.8454 331.388
-17.8035 337.274 -22.074 335.082
-17.9655 340.928 -22.3046 338.705
-18.139 344.467 -22.5366 342.23
-18.3096 347.827 -22.7742 345.569
-18.4984 351.069 -23.0189 348.818
-18.6578 354.178 -23.2263 351.927
-18.7793 357.114 -23.395 354.874
-18.8702 359.864 -23.5275 357.636
-18.9462 362.402 -23.6467 360.169
-18.9909 364.711 -23.7422 362.45
-19.0506 366.784 -23.8326 364.509
-19.1508 368.6 -23.9651 366.298
-19.2886 370.233 -24.1433 367.92
-19.6008 371.746 -24.4732 369.393
-20.1811 373.134 -25.0619 370.746
-21.0462 374.353 -25.9305 371.895
-22.1278 375.354 -27.0189 372.828
-23.457 376.098 -28.3527 373.51
-24.9345 376.557 -29.8331 373.908
-26.555 376.67 -31.4583 373.95
-28.2768 376.522 -33.1639 373.732
-30.0563 376.232 -34.9422 373.382
-31.976 375.882 -36.868 373.004
-34.0416 375.539 -38.9205 372.634
-36.3124 375.175 -41.1395 372.226
-38.7407 374.815 -43.5543 371.815
-41.3495 374.513 -46.1539 371.47
-44.0978 374.261 -48.898 371.206
-47.0114 374.041 -51.8272 370.973
-50.0401 373.824 -54.8454 370.716
-53.1857 373.619 -57.9882 370.458
-56.4063 373.422 -61.178 370.21
-59.6534 373.251 -64.4342 369.977
-62.9431 373.084 -67.703 369.733
-66.2196 372.909 -70.9511 369.483
-69.4869 372.732 -74.2233 369.227
-72.7261 372.533 -77.4236 368.952
-75.95 372.349 -80.6836 368.759
-79.1324 372.199 -83.8664 368.569
-82.2767 372.086 -87.0134 368.38
-85.3184 372.021 -90.0487 368.26
-88.2029 371.999 -92.9029 368.169
-90.9275 371.99 -95.6338 368.11
-93.5555 371.975 -98.264 368.052
-96.1693 371.894 -100.857 367.92
-98.7352 371.699 -103.412 367.694
-101.336 371.406 -105.996 367.353
-104.006 371.09 -108.67 367.016
-106.771 370.792 -111.442 366.672
-109.682 370.478 -114.353 366.328
-112.739 370.228 -117.42 366.016
-115.932 370.036 -120.588 365.751
-119.287 369.829 -123.923 365.503
-122.729 369.725 -127.353 365.341
-126.289 369.671 -130.899 365.216
-129.84 369.662 -134.432 365.129
-133.386 369.651 -137.982 365.071
-136.894 369.634 -141.489 365.028
-140.398 369.514 -144.989 364.859
-143.862 369.341 -148.469 364.64
-147.328 369.166 -151.948 364.43
-150.737 368.971 -155.357 364.15
-154.159 368.782 -158.772 363.907
-157.534 368.539 -162.14 363.612
-160.863 368.282 -165.435 363.282
-164.186 368.025 -168.726 362.993
-167.433 367.749 -172.001 362.65
-170.642 367.488 -175.205 362.33
-173.841 367.227 -178.382 362.025
-177.024 366.951 -181.537 361.69
-180.245 366.73 -184.734 361.401
-183.474 366.581 -187.949 361.189
-186.745 366.472 -191.227 361.027
-190.033 366.367 -194.492 360.833
-193.355 366.25 -197.796 360.633
-196.717 366.189 -201.127 360.472
-200.121 366.183 -204.506 360.393
-203.54 366.2 -207.919 360.344
-206.953 366.228 -211.327 360.295
-210.348 366.285 -214.68 360.277
-213.706 366.366 -218.039 360.272
-217.01 366.482 -221.338 360.314
-220.18 366.655 -224.515 360.417
-223.191 366.879 -227.567 360.572
-226.097 367.115 -230.475 360.75
-228.815 367.345 -233.194 360.918
-231.386 367.584 -235.776 361.115
-233.713 367.888 -238.107 361.364
-235.782 368.276 -240.164 361.719
-237.675 368.738 -242.067 362.152
-239.369 369.206 -243.772 362.587
-240.924 369.618 -245.334 362.976
-242.344 369.947 -246.748 363.277
-243.618 370.201 -248.021 363.492
-244.859 370.341 -249.255 363.6
-246.077 370.392 -250.472 363.623
-247.268 370.38 -251.668 363.586
-248.493 370.334 -252.903 363.514
-249.784 370.307 -254.188 363.463
-251.079 370.299 -255.473 363.437
-252.358 370.35 -256.769 363.465
-253.632 370.436 -258.029 363.527
-254.851 370.582 -259.262 363.644
-255.941 370.73 -260.349 363.769
-256.916 370.896 -261.323 363.916
-257.88 371.027 -262.289 364.033
-258.825 371.075 -263.233 364.063
-259.79 371.037 -264.199 364.006
-260.854 370.865 -265.254 363.786
-261.981 370.526 -266.364 363.419
-263.15 369.955 -267.523 362.827
-264.334 369.129 -268.688 361.976
-265.453 367.984 -269.791 360.816
-266.451 366.525 -270.769 359.357
-267.252 364.724 -271.594 357.575
-267.949 362.709 -272.257 355.508
-268.507 360.485 -272.798 353.289
-268.941 358.027 -273.191 350.82
-269.22 355.349 -273.439 348.178
-269.449 352.477 -273.626 345.289
-269.718 349.407 -273.844 342.248
-269.986 346.178 -274.042 338.988
-270.258 342.841 -274.23 335.678
-270.518 339.409 -274.414 332.293
-270.754 335.851 -274.574 328.799
-270.956 332.279 -274.705 325.213
-271.101 328.7 -274.812 321.669
-271.205 325.126 -274.857 318.098
-271.268 321.587 -274.831 314.579
-271.275 318.07 -274.765 311.058
-271.223 314.582 -274.66 307.568
-271.12 311.121 -274.496 304.104
-270.978 307.684 -274.291 300.68
-270.783 304.266 -274.019 297.244
-270.529 300.853 -273.702 293.853
-270.242 297.429 -273.357 290.435
-269.92 293.99 -272.981 286.983
-269.545 290.529 -272.556 283.566
-269.142 287.042 -272.097 280.096
-268.688 283.528 -271.585 276.598
-268.189 279.998 -271.034 273.096
-267.645 276.438 -270.423 269.554
-267.061 272.865 -269.766 265.958
-266.416 269.268 -269.08 262.419
-265.704 265.66 -268.31 258.852
-264.934 262.029 -267.488 255.248
-264.084 258.356 -266.555 251.585
-263.199 254.695 -265.606 247.928
-262.25 251.044 -264.606 244.327
-261.237 247.43 -263.559 240.802
-260.189 243.84 -262.455 237.227
-259.094 240.246 -261.316 233.691
-257.956 236.666 -260.117 230.124
-256.773 233.105 -258.886 226.601
-255.531 229.548 -257.588 223.072
-254.248 226.028 -256.263 219.584
-252.919 222.544 -254.879 216.129
-251.575 219.08 -253.49 212.711
-250.209 215.634 -252.085 209.296
-248.824 212.212 -250.649 205.904
-247.396 208.816 -249.177 202.556
-245.925 205.438 -247.662 199.203
-244.408 202.096 -246.102 195.894
-242.865 198.762 -244.516 192.604
-241.279 195.474 -242.872 189.356
-239.649 192.236 -241.208 186.177
-237.983 189.035 -239.5 183.001
-236.299 185.859 -237.754 179.833
-234.588 182.703 -235.978 176.717
-232.836 179.59 -234.157 173.585
-231.009 176.491 -232.284 170.538
-229.112 173.246 -230.393 167.484
-227.176 170.022 -228.454 164.412
-225.177 166.838 -226.434 161.322
-223.121 163.678 -224.327 158.253
-221.022 160.583 -222.2 155.222
-218.907 157.528 -220.048 152.232
-216.758 154.516 -217.85 149.262
-214.599 151.542 -215.611 146.29
-212.419 148.613 -213.381 143.421
-210.228 145.723 -211.134 140.559
-207.984 142.875 -208.867 137.774
-205.709 140.045 -206.573 135.011
-203.368 137.253 -204.185 132.267
-200.987 134.476 -201.775 129.563
-198.545 131.71 -199.323 126.837
-196.059 128.939 -196.798 124.127
-193.51 126.197 -194.214 121.451
-190.897 123.469 -191.54 118.749
-188.227 120.762 -188.822 116.064
-185.497 118.077 -186.072 113.412
-182.724 115.415 -183.275 110.782
-179.875 112.756 -180.392 108.166
-176.964 110.13 -177.493 105.617
-174.023 107.479 -174.521 103.026
-171.063 104.83 -171.517 100.445
-168.072 102.205 -168.512 97.8928
-165.064 99.5721 -165.47 95.3141
-162.094 96.9252 -162.472 92.7453
-159.158 94.2456 -159.486 90.108
-156.222 91.5912 -156.516 87.5141
-153.303 88.949 -153.552 84.9363
-150.416 86.291 -150.623 82.3318
-147.526 83.6167 -147.763 79.7551
-144.617 80.9679 -144.829 77.1615
-141.68 78.334 -141.863 74.5836
-138.745 75.7019 -138.897 72.0137
-135.803 73.0668 -135.926 69.4229
-132.864 70.4346 -132.951 66.8432
-129.933 67.7967 -129.989 64.2652
-127.009 65.1655 -127 61.6658
-124.094 62.5652 -124.036 59.1153
-121.186 59.9618 -121.095 56.5665
-118.276 57.3582 -118.149 54.0129
-115.383 54.7465 -115.2 51.4544
-112.487 52.1329 -112.284 48.9174
-109.563 49.5078 -109.319 46.3439
-106.649 46.8823 -106.353 43.7764
-103.717 44.2406 -103.381 41.1864
-100.777 41.6077 -100.404 38.6193
-97.816 38.956 -97.3841 36.0127
-94.8632 36.2994 -94.3449 33.402
-91.8844 33.6431 -91.2897 30.7771
-88.9097 30.9898 -88.3338 28.2491
-85.9175 28.3227 -85.3234 25.6312
-82.929 25.6684 -82.3078 23.0169
-79.942 23.038 -79.2963 20.4478
-76.9627 20.4216 -76.3115 17.9082
-74.0075 17.8235 -73.3316 15.3448
-71.0924 15.2269 -70.4131 12.8064
-68.2092 12.6345 -67.529 10.2466
-65.3542 10.052 -64.6714 7.71692
-62.5424 7.48136 -61.8139 5.17716
-59.754 4.92705 -59.0103 2.66565
-57.0092 2.42219 -56.2575 0.19054
-54.3401 0.00982846 -53.5808 -2.13663
-51.767 -2.29638 -50.9799 -4.40334
-49.2609 -4.52664 -48.4469 -6.59798
-46.8538 -6.6778 -46.0403 -8.69924
-44.5697 -8.68522 -43.7251 -10.682
-42.4043 -10.5283 -41.54 -12.4828
-40.3642 -12.1987 -39.4782 -14.1247
-38.3898 -13.6954 -37.5075 -15.5927
-36.4232 -15.0037 -35.5282 -16.8833
-34.4232 -16.0979 -33.5304 -17.9245
-32.3647 -16.9138 -31.471 -18.7143
-30.2651 -17.4117 -29.3773 -19.1848
-28.1634 -17.6049 -27.3057 -19.3441
-26.1106 -17.46 -25.2606 -19.1756
-24.1434 -16.9872 -23.3057 -18.6836
-22.297 -16.2178 -21.4846 -17.9029
-20.6047 -15.2314 -19.8062 -16.888
-19.0089 -14.1536 -18.2199 -15.7923
-17.4272 -13.0901 -16.6695 -14.7164
-15.8746 -12.0693 -15.1331 -13.6637
-14.3636 -11.1069 -13.6183 -12.6663
-12.9227 -10.2426 -12.1839 -11.7795
-11.5748 -9.46682 -10.8347 -10.9771
-10.3179 -8.78875 -9.57975 -10.2686
-9.18823 -8.1931 -8.4465 -9.64144
-8.21101 -7.71674 -7.48081 -9.13162
-7.42666 -7.33542 -6.6922 -8.72755
-6.73295 -7.00438 -6.01333 -8.37181
-6.08118 -6.62441 -5.36643 -7.99606
-5.48908 -6.23397 -4.78145 -7.60699
-4.93498 -5.80227 -4.23932 -7.16382
-4.33996 -5.28522 -3.66148 -6.62872
-3.69787 -4.59291 -3.03248 -5.91322
-3.03768 -3.76929 -2.38195 -5.07807
-2.40814 -2.79091 -1.77397 -4.10728
-1.80172 -1.62517 -1.18352 -2.9367
-1.26963 -0.215074 -0.679837 -1.51807
-0.812186 1.41715 -0.241109 0.09291
-0.577413 3.30455 0.0140052 1.93901
-0.470925 5.42611 0.117519 3.98002
-0.476637 7.69449 0.0933551 6.19009
-0.570738 10.1199 -0.0283734 8.58466
-0.648451 12.6868 -0.157997 11.117
-0.748385 15.3785 -0.309865 13.8173
-0.860824 18.1917 -0.480815 16.6322
-0.998219 21.0844 -0.664729 19.5531
-1.17624 24.1005 -0.894791 22.6067
-1.39597 27.2247 -1.167 25.7417
-1.64074 30.4209 -1.44723 28.9282
-1.87932 33.6647 -1.73985 32.192
-2.15018 36.9236 -2.05344 35.4417
-2.39739 40.249 -2.3582 38.7384
-2.63886 43.5943 -2.64267 42.0835
-2.84828 46.9626 -2.92115 45.4406
-3.04137 50.357 -3.17954 48.8264
-3.21265 53.8204 -3.41913 52.2501
-3.38099 57.3074 -3.63887 55.7262
-3.56761 60.8348 -3.89088 59.2576
-3.7866 64.3857 -4.16701 62.7954
-3.9819 67.9735 -4.4207 66.3731
-4.17396 71.5659 -4.68452 69.9996
-4.39679 75.1065 -4.93972 73.4941
-4.594 78.6237 -5.17862 76.9901
-4.80083 82.1364 -5.41647 80.4717
-5.0164 85.5973 -5.67377 83.9497
-5.21455 89.0082 -5.9174 87.3895
-5.36965 92.4355 -6.12389 90.7975
-5.52401 95.8276 -6.31151 94.1995
