0 5.96024e-05 0.00454307 100 6.28931
0 5.02125e-05 0.00243566 200 6.66667
0 4.48112e-05 0.0032257 300 7.19424
0 5.50141e-05 0.00131755 400 7.31261
0 6.97098e-05 0.00387302 500 7.58725
10 3.75056e-05 0.00538586 100 6.21118
10 3.96683e-05 0.0040093 200 6.66667
10 4.18775e-05 0.00439762 300 7.19424
10 5.52708e-05 0.00180909 400 7.29927
10 6.73081e-05 0.00294256 500 7.57576
20 3.84473e-05 0.00706982 100 6.13497
20 4.37415e-05 0.00482926 200 6.66667
20 5.38593e-05 0.00482419 300 7.19424
20 6.06816e-05 0.00226751 400 7.29927
20 7.1899e-05 0.00336407 500 7.55287
30 5.28158e-05 0.00751483 100 5.95238
30 4.28466e-05 0.00600726 200 6.68896
30 5.50753e-05 0.00520144 300 7.21154
30 5.88868e-05 0.00240963 400 7.31261
30 7.5573e-05 0.00334384 500 7.54148
40 4.36732e-05 0.00871343 100 5.84795
40 4.5805e-05 0.00779922 200 6.73401
40 4.89369e-05 0.00603969 300 7.24638
40 6.11952e-05 0.00244233 400 7.32601
40 7.39526e-05 0.00276766 500 7.5188
50 2.29024e-05 0.00881469 100 5.84795
50 3.22044e-05 0.0081146 200 6.77966
50 5.1186e-05 0.00590087 300 7.28155
50 5.96287e-05 0.00226173 400 7.36648
50 7.31551e-05 0.0031881 500 7.48503
60 5.25896e-05 0.00819906 100 5.98802
60 4.09983e-05 0.00755017 200 6.89655
60 5.37115e-05 0.00531937 300 7.35294
60 6.0792e-05 0.00240474 400 7.43494
60 7.69427e-05 0.00430164 500 7.42942
70 5.9201e-05 0.00723749 100 6.21118
70 4.39455e-05 0.00677253 200 7.04225
70 5.35386e-05 0.00415737 300 7.4813
70 6.27225e-05 0.0012405 400 7.5188
70 8.37346e-05 0.00509157 500 7.4184
80 7.73585e-05 0.00643827 100 6.45161
80 3.97433e-05 0.00643243 200 7.22022
80 5.68505e-05 0.00364298 300 7.61421
80 6.48831e-05 0.00118898 400 7.61905
80 8.32204e-05 0.00577528 500 7.44048
90 8.4573e-05 0.00524695 100 6.71141
90 4.69616e-05 0.00562558 200 7.38007
90 6.08567e-05 0.00266357 300 7.75194
90 7.02325e-05 0.00204599 400 7.72201
90 8.36776e-05 0.0069775 500 7.44048
100 9.44295e-05 0.00375983 100 6.89655
100 5.05674e-05 0.00492254 200 7.5188
100 6.39557e-05 0.0020264 300 7.8329
100 7.21687e-05 0.00207693 400 7.79727
100 9.16229e-05 0.00683875 500 7.34214
110 7.38905e-05 0.0062215 100 6.89655
110 4.64511e-05 0.00777577 200 7.54717
110 5.42514e-05 0.00519853 300 7.89474
110 6.92065e-05 0.0019657 400 7.85855
120 5.43728e-05 0.00760681 100 6.84932
120 4.40809e-05 0.00910565 200 7.57576
120 5.43002e-05 0.00588585 300 7.89474
120 7.03809e-05 0.0025664 400 7.90514
130 5.16749e-05 0.00760791 100 6.84932
130 4.34681e-05 0.00895298 200 7.57576
130 5.34396e-05 0.00559877 300 7.8125
130 7.25908e-05 0.0021732 400 7.92079
140 5.71519e-05 0.00942224 100 6.89655
140 4.64511e-05 0.00941802 200 7.63359
140 5.33155e-05 0.00569594 300 7.75194
140 7.6509e-05 0.00208237 400 7.93651
150 5.34886e-05 0.00983959 100 6.99301
150 5.31534e-05 0.00956404 200 7.66284
150 5.56495e-05 0.005698 300 7.71208
150 7.38325e-05 0.00189334 400 7.96813
160 6.44088e-05 0.0090595 100 7.04225
160 5.55657e-05 0.00906931 200 7.72201
160 5.88201e-05 0.00504474 300 7.71208
160 7.64896e-05 0.0016464 400 7.98403
170 6.17633e-05 0.00894193 100 7.14286
170 5.72564e-05 0.0076602 200 7.7821
170 6.61547e-05 0.00358124 300 7.73196
170 7.94523e-05 0.00205793 400 8
180 5.60993e-05 0.00878423 100 7.24638
180 6.32418e-05 0.00672379 200 7.84314
180 7.30988e-05 0.0025384 300 7.77202
180 8.1654e-05 0.0030114 400 8
190 5.48095e-05 0.00894941 100 7.40741
190 6.44554e-05 0.00577179 200 7.93651
190 7.06476e-05 0.00131401 300 7.8329
190 8.78867e-05 0.00371842 400 8.03213
200 3.48703e-05 0.0109069 100 7.57576
200 6.07909e-05 0.00672273 200 8.06452
200 6.8747e-05 0.00212429 300 7.91557
200 8.36911e-05 0.00325375 400 8.06452
210 3.16443e-05 0.0127921 100 7.8125
210 5.23626e-05 0.00771969 200 8.16327
210 6.89202e-05 0.00282196 300 7.97872
210 8.29667e-05 0.00263599 400 8.08081
220 5.09781e-05 0.0123364 100 8
220 6.76588e-05 0.00675854 200 8.26446
220 7.49421e-05 0.00206095 300 8.02139
220 8.83012e-05 0.00368862 400 8.01603
230 3.52105e-05 0.0131975 100 8.06452
230 5.14438e-05 0.00728802 200 8.29876
230 6.59341e-05 0.00271562 300 8.06452
230 9.11663e-05 0.00378912 400 7.7821
240 4.08526e-05 0.0144521 100 8.13008
240 5.37112e-05 0.00843402 200 8.3682
240 6.51662e-05 0.00359887 300 8.10811
240 8.53836e-05 0.00333861 400 7.57576
250 5.45916e-05 0.0157117 100 8.19672
250 5.02718e-05 0.00906576 200 8.43882
250 7.41067e-05 0.00420173 300 8.17439
260 6.44088e-05 0.015081 100 8.33333
260 5.42632e-05 0.00882452 200 8.51064
260 7.6551e-05 0.00395688 300 8.26446
270 7.40517e-05 0.0143921 100 8.33333
270 6.01997e-05 0.0085804 200 8.43882
270 8.14473e-05 0.00371801 300 8.31025
280 6.65928e-05 0.01367 100 8.40336
280 5.89996e-05 0.00846858 200 8.23045
280 8.19014e-05 0.00389945 300 8.33333
290 7.96365e-05 0.014885 100 8.40336
290 5.42083e-05 0.00945277 200 8.13008
290 8.20953e-05 0.00464502 300 8.33333
300 5.94021e-05 0.0143699 100 8.40336
300 6.38515e-05 0.00843885 200 8.06452
300 8.38199e-05 0.00408139 300 8.31025
310 6.64136e-05 0.0143482 100 8.40336
310 6.8447e-05 0.00827079 200 8
310 8.20307e-05 0.00452787 300 8.28729
320 7.59589e-05 0.0116495 100 8.47458
320 7.85822e-05 0.00575259 200 8
320 9.26335e-05 0.00452914 300 8.24176
330 0.00012285 0.0090327 100 8.47458
330 0.000101372 0.00406293 200 8.03213
330 0.000112015 0.0062768 300 8.19672
340 9.45556e-05 0.00741478 100 8.47458
340 9.92321e-05 0.00403102 200 8
340 0.000108714 0.0077003 300 8.06452
350 0.000105632 0.00720678 100 8.40336
350 0.000102628 0.00552932 200 8
350 0.000117532 0.0101349 300 7.75194
360 0.000106195 0.00698238 100 8.47458
360 9.99205e-05 0.00550302 200 8.03213
360 0.000114414 0.0101998 300 7.42574
370 0.000111131 0.00748672 100 8.54701
370 0.000118581 0.00738478 200 8.13008
380 0.000110917 0.00749939 100 8.54701
380 0.00012473 0.00781129 200 8.19672
390 0.000137502 0.00754575 100 8.33333
390 0.000133592 0.00888232 200 8.23045
400 0.000113782 0.00825868 100 7.93651
400 0.000125207 0.00894119 200 8.23045
410 0.000129003 0.008019 100 7.69231
410 0.000132876 0.0101404 200 8.23045
420 0.000125822 0.00770558 100 7.57576
420 0.00012995 0.00903757 200 8.19672
430 0.00011027 0.00870065 100 7.5188
430 0.000118455 0.0089539 200 8.16327
440 9.74122e-05 0.0088622 100 7.5188
440 0.000118757 0.0091199 200 8.06452
450 0.000120201 0.00793176 100 7.5188
450 0.000115937 0.00895777 200 7.96813
460 0.000104839 0.00779921 100 7.5188
460 0.000115112 0.00874386 200 7.75194
470 0.000113572 0.00835002 100 7.57576
470 0.00014091 0.0103253 200 7.27273
480 0.000121582 0.00868359 100 7.57576
480 0.000143779 0.010075 200 6.75676
490 0.000131927 0.00918283 100 7.69231
500 0.000143775 0.00942799 100 7.87402
510 0.000138453 0.009348 100 8.06452
520 0.000144437 0.00903456 100 8.33333
530 0.000138883 0.00858314 100 8.54701
540 0.000151447 0.00810141 100 8.77193
550 0.000145915 0.00886431 100 8.84956
560 0.000109402 0.00972173 100 8.77193
570 0.000135318 0.00967956 100 8.62069
580 0.000124489 0.00974803 100 8.40336
590 0.000135669 0.00937038 100 8
600 0.000176865 0.00888243 100 6.99301
610 0.000182896 0.00775075 100 6.06061
