0 7.14295e-05 0.00411371 100 13.5135
0 7.14717e-05 0.00430004 200 13.6054
0 6.83606e-05 0.00683564 300 14.0845
10 5.81855e-05 0.00524264 100 13.5135
10 6.46862e-05 0.00400636 200 13.6986
10 6.36651e-05 0.0062873 300 14.1509
20 7.15962e-05 0.00384986 100 13.5135
20 7.5763e-05 0.00481337 200 13.6986
20 6.30798e-05 0.00733519 300 14.2857
30 5.60993e-05 0.00403309 100 13.5135
30 7.07171e-05 0.00484347 200 13.7931
30 5.78895e-05 0.0067316 300 14.3541
40 6.55099e-05 0.00526902 100 13.3333
40 7.63898e-05 0.00480013 200 13.8889
40 5.89101e-05 0.00705556 300 14.4928
50 6.01994e-05 0.00537074 100 13.3333
50 7.01671e-05 0.00454275 200 13.986
50 5.80722e-05 0.00654749 300 14.5631
60 7.84298e-05 0.00659621 100 13.3333
60 7.19289e-05 0.0061668 200 13.986
60 6.2298e-05 0.0069308 300 14.6341
70 6.93979e-05 0.00547659 100 13.3333
70 7.56055e-05 0.00600609 200 14.1844
80 8.38653e-05 0.00503844 100 13.5135
80 7.45336e-05 0.00570553 200 14.2857
90 8.73467e-05 0.00425943 100 13.5135
90 6.43166e-05 0.00574446 200 14.4928
100 9.26452e-05 0.00606928 100 13.6986
100 6.62342e-05 0.00575726 200 14.7059
110 9.71671e-05 0.00554074 100 14.0845
110 6.21964e-05 0.00527054 200 14.8148
120 8.42907e-05 0.00611968 100 14.2857
120 5.21915e-05 0.00509132 200 15.0376
130 7.29161e-05 0.00382425 100 14.4928
130 5.70478e-05 0.00446517 200 15.1515
140 7.73585e-05 0.00441774 100 14.7059
140 5.78261e-05 0.00395119 200 15.3846
150 6.97407e-05 0.0041844 100 14.9254
160 5.25896e-05 0.00379416 100 15.1515
170 2.92969e-05 0.00440936 100 15.3846
180 3.78221e-05 0.00523262 100 15.3846
190 5.25896e-05 0.0047195 100 15.625
200 4.9314e-05 0.00308361 100 15.625
