3.2141e-14 -4.04121e-14 0 -2.98023e-08
0.0204547 2.38989 -0.0252079 2.29052
0.0381671 4.63077 -0.0343872 4.43574
0.0624746 6.58458 -0.0405317 6.40528
0.0780621 8.2945 -0.0323531 8.14235
0.0363 9.64713 -0.00699107 9.61943
0.0376912 10.7557 0.00936432 10.8525
0.0703962 11.572 0.0370402 11.8034
0.0966904 12.008 0.0734519 12.4967
0.124405 12.281 0.0774618 13.0244
0.106056 12.367 0.11047 13.4678
0.125276 12.4807 0.12387 13.8633
0.156946 12.5901 0.143375 14.235
0.151509 12.7029 0.157976 14.6125
0.146149 12.8366 0.152215 14.9833
0.118103 12.9866 0.126023 15.3987
0.0460111 13.2518 0.0440287 15.9122
-0.102743 13.6624 -0.117667 16.5706
-0.377391 14.2372 -0.394117 17.3362
-0.803739 14.9181 -0.834101 18.18
-1.39352 15.5995 -1.45524 19.0577
-2.18364 16.2579 -2.26046 19.883
-3.16863 16.8916 -3.28064 20.6713
-4.41053 17.492 -4.53418 21.3699
-5.88726 17.9579 -5.98605 21.8951
-7.60344 18.2418 -7.67356 22.2068
-9.59378 18.3335 -9.53666 22.3114
-11.7379 18.2624 -11.5963 22.2412
-14.1236 18.1372 -13.8421 22.1264
-16.6601 18.0436 -16.2391 22.0718
-19.3804 17.9415 -18.8259 22.0284
-22.232 17.7912 -21.5932 21.9204
-25.2945 17.6126 -24.5766 21.8164
-28.4203 17.4366 -27.624 21.7353
-31.7353 17.2592 -30.7058 21.5491
-35.0618 17.0123 -33.8759 21.3528
-38.4057 16.7014 -37.0699 21.0837
-41.7263 16.3762 -40.3105 20.7906
-45.021 16.0124 -43.5745 20.4843
-48.347 15.6128 -46.8432 20.1762
-51.6769 15.1924 -50.1509 19.8814
-55.0311 14.7426 -53.5065 19.5979
-58.4018 14.3299 -56.8888 19.3632
-61.8298 14.0348 -60.2958 19.199
-65.2451 13.8244 -63.7619 19.0896
-68.8035 13.6287 -67.2142 19.0408
-72.3963 13.4449 -70.7344 18.98
-76.0408 13.365 -74.2748 18.9349
-79.6299 13.2863 -77.8525 18.903
-83.178 13.1723 -81.3861 18.8772
-86.8064 13.1163 -84.8753 18.8356
-90.4074 13.0302 -88.3773 18.8271
-93.9327 12.9382 -91.8217 18.8369
-97.4259 12.8303 -95.3133 18.8518
-100.922 12.721 -98.74 18.8347
-104.419 12.6468 -102.227 18.8474
-107.951 12.5747 -105.701 18.8453
-111.507 12.492 -109.239 18.8232
-115.125 12.4275 -112.772 18.8106
-118.791 12.3569 -116.435 18.7473
-122.507 12.2776 -120.139 18.6562
-126.283 12.1623 -123.909 18.5109
-130.058 12.0568 -127.694 18.3927
-133.838 11.9401 -131.431 18.3211
-137.647 11.7634 -135.168 18.2114
-141.424 11.6247 -138.877 18.1372
-145.186 11.5237 -142.615 18.0277
-148.919 11.4495 -146.302 17.9553
-152.638 11.3818 -150.009 17.9007
-156.35 11.3105 -153.724 17.8565
-160.047 11.2141 -157.389 17.8171
-163.709 11.1076 -161.056 17.7948
-167.36 10.9834 -164.677 17.8071
-170.968 10.9337 -168.332 17.8173
-174.571 10.8768 -171.952 17.8401
-178.137 10.8331 -175.542 17.8737
-181.49 10.7961 -178.93 17.9324
-184.602 10.7737 -181.997 17.9743
-187.458 10.7588 -184.851 18.0049
-190.233 10.7339 -187.613 18.0053
-192.987 10.6633 -190.355 17.9903
-195.706 10.5859 -193.063 17.968
-198.416 10.4957 -195.794 17.9161
-201.153 10.412 -198.53 17.9434
-203.947 10.3415 -201.354 17.9464
-206.802 10.2984 -204.213 17.9284
-209.757 10.3177 -207.121 17.8985
-212.805 10.3611 -210.121 17.8809
-215.93 10.3964 -213.2 17.8742
-219.013 10.3606 -216.309 17.9027
-222.155 10.2984 -219.487 17.9268
-225.365 10.2468 -222.757 17.9729
-228.707 10.2155 -226.073 18.0128
-232.112 10.221 -229.465 18.0649
-235.564 10.2149 -232.864 18.0875
-239.104 10.2177 -236.399 18.1269
-242.703 10.1834 -240 18.1276
-246.347 10.1302 -243.7 18.1041
-250.053 10.0368 -247.418 18.0565
-253.774 9.88052 -251.176 17.964
-257.535 9.71899 -254.915 17.8689
-261.301 9.59151 -258.678 17.7845
-265.059 9.45955 -262.414 17.7037
-268.827 9.3377 -266.165 17.6316
-272.55 9.17626 -269.916 17.5581
-276.264 8.9761 -273.63 17.4659
-279.947 8.83282 -277.299 17.3989
-283.65 8.7154 -280.966 17.3379
-287.323 8.61051 -284.637 17.2833
-290.988 8.50515 -288.302 17.2343
-294.655 8.3949 -292.005 17.1924
-298.32 8.29447 -295.686 17.1397
-302.013 8.16972 -299.373 17.0877
-305.746 8.07421 -303.06 17.0157
-309.495 7.98298 -306.77 16.9619
-313.22 7.86369 -310.481 16.9034
-316.99 7.78254 -314.208 16.8501
-320.754 7.67947 -317.985 16.7976
-324.53 7.56322 -321.759 16.7494
-328.344 7.45611 -325.535 16.7319
-332.11 7.34733 -329.31 16.6837
-335.86 7.24226 -333.052 16.6571
-339.609 7.14778 -336.769 16.6447
-343.309 7.05394 -340.458 16.6185
-346.908 6.95731 -344.064 16.5843
-350.385 6.86042 -347.573 16.5427
-353.708 6.76839 -350.88 16.5431
-356.878 6.6633 -354.045 16.4896
-360.001 6.55242 -357.149 16.4576
-363.041 6.43569 -360.196 16.3784
-365.856 6.34508 -363.042 16.3635
-368.438 6.30707 -365.674 16.3654
-370.781 6.38396 -368.032 16.4806
-372.866 6.64857 -370.147 16.7897
-374.725 7.10935 -372.02 17.2828
-376.363 7.74189 -373.669 17.9968
-377.862 8.63383 -375.166 18.9362
-379.196 9.71257 -376.471 20.0647
-380.349 10.966 -377.643 21.4094
-381.386 12.4481 -378.66 22.9392
-382.26 14.1227 -379.495 24.6549
-383.011 15.9945 -380.216 26.5582
-383.61 18.0579 -380.772 28.6594
-384.1 20.3145 -381.224 30.9517
-384.497 22.7483 -381.59 33.4139
-384.777 25.3644 -381.82 36.0454
-384.989 28.1282 -381.985 38.8307
-385.213 31.0862 -382.1 41.7321
-385.449 34.1921 -382.202 44.7373
-385.781 37.3157 -382.279 47.7839
-386.061 40.4266 -382.347 50.837
-386.229 43.4927 -382.376 53.892
-386.309 46.5186 -382.392 56.9069
-386.383 49.5057 -382.394 59.8828
-386.435 52.4158 -382.379 62.793
-386.493 55.2254 -382.356 65.5916
-386.554 57.9438 -382.322 68.2955
-386.61 60.5785 -382.258 70.9132
-386.586 63.079 -382.137 73.3807
-386.371 65.4338 -381.904 75.7563
-385.915 67.6483 -381.501 77.9864
-385.249 69.6949 -380.93 80.0321
-384.335 71.5736 -380.15 81.9448
-383.336 73.255 -379.24 83.6691
-382.295 74.8189 -378.172 85.1935
-381.092 76.1917 -376.879 86.49
-379.775 77.3645 -375.415 87.5847
-378.271 78.252 -373.808 88.4548
-376.574 78.9871 -372.057 89.1577
-374.728 79.5378 -370.189 89.68
-372.74 79.9418 -368.208 90.0587
-370.607 80.2 -366.076 90.2947
-368.37 80.4156 -363.84 90.4714
-366.032 80.5714 -361.482 90.5816
-363.598 80.6733 -359.019 90.6403
-361.072 80.7163 -356.453 90.6366
-358.47 80.7058 -353.835 90.5807
-355.833 80.6383 -351.159 90.4679
-353.161 80.5539 -348.473 90.3448
-350.45 80.4656 -345.779 90.2181
-347.763 80.3985 -343.043 90.1249
-345.087 80.3707 -340.341 90.0604
-342.417 80.403 -337.638 90.0487
-339.774 80.4834 -334.981 90.0882
-337.14 80.5751 -332.367 90.1376
-334.529 80.6935 -329.736 90.1945
-331.933 80.8245 -327.09 90.2344
-329.325 80.9185 -324.455 90.2607
-326.739 80.9907 -321.823 90.2685
-324.144 81.0388 -319.22 90.251
-321.562 81.0911 -316.606 90.2417
-319.012 81.1901 -313.985 90.2474
-316.451 81.3081 -311.38 90.2913
-313.909 81.4446 -308.796 90.35
-311.392 81.5801 -306.218 90.413
-308.876 81.707 -303.648 90.4608
-306.379 81.8493 -301.161 90.5201
-303.889 81.9944 -298.621 90.5747
-301.376 82.1582 -296.109 90.6532
-298.833 82.3257 -293.578 90.7605
-296.238 82.5041 -290.99 90.8763
-293.59 82.6834 -288.343 91.0191
-290.877 82.8533 -285.626 91.1388
-288.12 82.9877 -282.848 91.2157
-285.315 83.062 -279.979 91.2449
-282.46 83.0893 -277.165 91.2203
-279.611 83.105 -274.291 91.174
-276.801 83.108 -271.47 91.1332
-274.052 83.0999 -268.713 91.0772
-271.353 83.0549 -266.008 90.9872
-268.677 82.9709 -263.341 90.8743
-266.029 82.9039 -260.705 90.7467
-263.419 82.8733 -258.074 90.6736
-260.804 82.9033 -255.46 90.6624
-258.169 82.9904 -252.836 90.69
-255.51 83.1456 -250.188 90.7868
-252.845 83.3738 -247.512 90.9757
-250.152 83.6377 -244.822 91.176
-247.44 83.911 -242.101 91.3933
-244.714 84.1786 -239.394 91.6155
-242.002 84.383 -236.678 91.7667
-239.315 84.5147 -233.98 91.8514
-236.658 84.5678 -231.331 91.8394
-234.029 84.5262 -228.711 91.7289
-231.443 84.4059 -226.133 91.5452
-228.921 84.2558 -223.624 91.3319
-226.537 84.1055 -221.234 91.1251
-224.323 83.9733 -219.052 90.9491
-222.318 83.8529 -217.069 90.785
-220.525 83.7487 -215.292 90.6501
-218.913 83.6548 -213.706 90.5355
-217.491 83.6149 -212.311 90.4899
-216.2 83.6635 -211.025 90.5282
-214.975 83.8906 -209.788 90.7465
-213.813 84.3031 -208.607 91.1322
-212.768 84.852 -207.554 91.6395
-211.819 85.5051 -206.593 92.2583
-210.945 86.2494 -205.718 93.0126
-210.115 87.191 -204.87 93.9158
-209.376 88.3794 -204.118 95.0808
-208.686 89.7861 -203.383 96.473
-208.12 91.447 -202.792 98.1056
-207.637 93.318 -202.277 99.9636
-207.344 95.3776 -201.946 101.99
-207.199 97.6773 -201.761 104.283
-207.177 100.118 -201.7 106.751
-207.236 102.732 -201.708 109.367
-207.358 105.495 -201.771 112.156
-207.447 108.321 -201.781 115.011
-207.501 111.207 -201.737 117.883
-207.497 114.154 -201.655 120.823
-207.467 117.04 -201.582 123.726
-207.357 119.818 -201.533 126.597
-207.232 122.58 -201.46 129.456
-207.17 125.361 -201.409 132.293
-207.152 128.087 -201.392 135.042
-207.159 130.677 -201.429 137.652
-207.192 133.099 -201.466 140.072
-207.257 135.312 -201.534 142.302
-207.358 137.293 -201.616 144.297
-207.516 139.039 -201.746 146.046
-207.793 140.624 -201.987 147.616
-208.199 142.156 -202.361 149.151
-208.796 143.591 -202.924 150.602
-209.578 144.906 -203.674 151.915
-210.509 146.123 -204.561 153.153
-211.641 147.222 -205.664 154.293
-212.986 148.243 -206.977 155.326
-214.561 149.102 -208.506 156.235
-216.376 149.752 -210.302 156.931
-218.364 150.183 -212.259 157.405
-220.496 150.432 -214.373 157.7
-222.758 150.561 -216.638 157.904
-225.126 150.644 -219.026 158.066
-227.597 150.727 -221.489 158.231
-230.175 150.835 -224.061 158.422
-232.871 150.954 -226.744 158.616
-235.686 151.085 -229.527 158.829
-238.635 151.219 -232.426 159.04
-241.714 151.324 -235.468 159.245
-244.893 151.37 -238.614 159.391
-248.153 151.341 -241.87 159.446
-251.387 151.245 -245.1 159.429
-254.629 151.084 -248.34 159.366
-257.855 150.861 -251.559 159.239
-260.99 150.596 -254.697 159.067
-263.98 150.336 -257.675 158.888
-266.767 150.088 -260.454 158.745
-269.368 149.866 -263.057 158.577
-271.91 149.696 -265.591 158.463
-274.432 149.547 -268.097 158.384
-276.918 149.42 -270.548 158.315
-279.393 149.338 -273.047 158.307
-281.843 149.284 -275.51 158.333
-284.327 149.245 -277.981 158.352
-286.851 149.216 -280.51 158.402
-289.375 149.175 -283.023 158.448
-291.873 149.114 -285.539 158.468
-294.367 149.035 -288.039 158.466
-296.9 148.947 -290.558 158.468
-299.497 148.858 -293.154 158.463
-302.153 148.763 -295.813 158.459
-304.894 148.663 -298.537 158.44
-307.699 148.565 -301.333 158.427
-310.543 148.472 -304.162 158.416
-313.402 148.389 -307.047 158.42
-316.254 148.309 -309.901 158.425
-319.087 148.246 -312.741 158.448
-321.874 148.16 -315.533 158.469
-324.643 148.081 -318.307 158.492
-327.38 148.018 -321.03 158.528
-330.085 147.944 -323.734 158.554
-332.769 147.879 -326.365 158.579
-335.339 147.849 -328.931 158.611
-337.918 147.821 -331.471 158.641
-340.462 147.771 -334.027 158.668
-342.975 147.704 -336.549 158.686
-345.508 147.597 -339.041 158.655
-348.088 147.502 -341.589 158.621
-350.695 147.387 -344.166 158.568
-353.358 147.254 -346.812 158.511
-356.035 147.123 -349.478 158.444
-358.706 146.988 -352.121 158.364
-361.365 146.869 -354.772 158.296
-363.999 146.747 -357.386 158.215
-366.592 146.652 -359.939 158.177
-369.103 146.586 -362.424 158.164
-371.499 146.553 -364.805 158.191
-373.734 146.569 -367.02 158.285
-375.766 146.688 -369.057 158.465
-377.588 146.923 -370.838 158.749
-379.228 147.254 -372.448 159.122
-380.68 147.682 -373.859 159.585
-381.984 148.241 -375.165 160.224
-383.189 148.967 -376.318 160.985
-384.261 149.833 -377.351 161.874
-385.262 150.823 -378.328 162.887
-386.19 152.027 -379.239 164.176
-387.088 153.508 -380.098 165.666
-387.803 155.255 -380.741 167.417
-388.328 157.228 -381.219 169.414
-388.69 159.391 -381.512 171.573
-388.914 161.727 -381.677 173.929
-389.034 164.224 -381.746 176.459
-389.108 166.9 -381.73 179.14
-389.177 169.703 -381.698 181.918
-389.249 172.603 -381.687 184.801
-389.295 175.566 -381.642 187.755
-389.34 178.519 -381.616 190.735
-389.408 181.466 -381.597 193.681
-389.477 184.395 -381.57 196.572
-389.534 187.304 -381.533 199.479
-389.596 190.151 -381.5 202.328
-389.65 192.868 -381.462 205.027
-389.689 195.381 -381.433 207.554
-389.707 197.729 -381.384 209.897
-389.637 199.881 -381.25 212.031
-389.406 201.894 -380.946 214.059
-388.964 203.825 -380.422 215.985
-388.237 205.642 -379.614 217.77
-387.226 207.247 -378.547 219.396
-385.985 208.725 -377.259 220.83
-384.487 210.025 -375.765 222.06
-382.767 211.134 -374.024 223.086
-380.848 212.024 -372.102 223.912
-378.741 212.711 -369.982 224.577
-376.473 213.257 -367.715 225.042
-374.039 213.683 -365.261 225.38
-371.458 214.025 -362.688 225.628
-368.731 214.304 -359.961 225.821
-365.907 214.548 -357.154 225.979
-362.986 214.775 -354.257 226.113
-360 214.982 -351.312 226.221
-356.947 215.144 -348.264 226.305
-353.845 215.269 -345.195 226.337
-350.728 215.344 -342.094 226.339
-347.622 215.397 -338.997 226.307
-344.504 215.436 -335.884 226.256
-341.405 215.432 -332.8 226.18
-338.307 215.375 -329.719 226.049
-335.223 215.258 -326.638 225.827
-332.177 215.091 -323.598 225.562
-329.114 214.919 -320.536 225.294
-326.083 214.755 -317.519 225.015
-323.035 214.645 -314.504 224.793
-319.998 214.594 -311.486 224.633
-316.95 214.613 -308.429 224.558
-313.895 214.702 -305.369 224.554
-310.834 214.852 -302.324 224.607
-307.769 215.021 -299.261 224.686
-304.682 215.21 -296.165 224.778
-301.619 215.403 -293.1 224.886
-298.564 215.602 -290.025 225.005
-295.523 215.775 -286.999 225.075
-292.525 215.926 -283.996 225.137
-289.569 216.08 -281.065 225.208
-286.686 216.208 -278.171 225.254
-283.844 216.321 -275.322 225.295
-281.075 216.415 -272.585 225.308
-278.385 216.482 -269.886 225.287
-275.75 216.525 -267.318 225.242
-273.211 216.564 -264.769 225.189
-270.787 216.597 -262.372 225.159
-268.452 216.627 -260.092 225.122
-266.21 216.67 -257.82 225.082
-264.058 216.715 -255.687 225.052
-261.978 216.759 -253.616 225.027
-260.009 216.805 -251.648 225.006
-258.118 216.847 -249.793 224.995
-256.324 216.892 -248.022 224.985
-254.592 216.937 -246.308 224.982
-252.914 216.969 -244.644 224.99
-251.262 217.002 -243.004 224.986
-249.623 217.031 -241.38 224.979
-248 217.075 -239.762 224.983
-246.395 217.124 -238.153 224.971
-244.798 217.178 -236.556 224.982
-243.238 217.242 -234.986 224.998
-241.698 217.301 -233.462 225.023
-240.16 217.38 -231.937 225.034
-238.624 217.447 -230.42 225.068
-237.098 217.518 -228.886 225.087
-235.569 217.578 -227.356 225.098
-234.014 217.632 -225.805 225.093
-232.429 217.676 -224.234 225.096
-230.825 217.709 -222.624 225.081
-229.214 217.727 -221.036 225.063
-227.62 217.743 -219.461 225.044
-226.039 217.749 -217.895 225.009
-224.475 217.721 -216.336 224.941
-222.944 217.646 -214.804 224.829
-221.518 217.498 -213.389 224.644
-220.196 217.264 -212.069 224.371
-219.015 216.979 -210.891 224.037
-218.001 216.671 -209.882 223.688
-217.074 216.316 -208.956 223.293
-216.225 215.882 -208.097 222.822
-215.454 215.358 -207.322 222.283
-214.757 214.783 -206.636 221.678
-214.077 214.066 -205.973 220.929
-213.46 213.183 -205.384 220.008
-212.908 212.086 -204.864 218.904
-212.452 210.871 -204.444 217.668
-212.114 209.457 -204.16 216.231
-211.859 207.837 -203.951 214.604
-211.742 206.028 -203.895 212.785
-211.736 204.034 -203.948 210.775
-211.767 201.873 -204.052 208.608
-211.796 199.533 -204.153 206.292
-211.787 197.027 -204.239 203.825
-211.76 194.374 -204.3 201.166
-211.698 191.634 -204.342 198.446
-211.627 188.816 -204.37 195.642
-211.537 185.992 -204.391 192.808
-211.444 183.173 -204.414 189.986
-211.363 180.374 -204.449 187.198
-211.265 177.6 -204.451 184.4
-211.172 174.835 -204.458 181.641
-211.068 172.132 -204.442 178.946
-210.943 169.548 -204.414 176.385
-210.807 167.116 -204.337 173.963
-210.678 164.891 -204.251 171.742
-210.524 162.832 -204.129 169.753
-210.369 160.884 -204.008 167.853
-210.243 159.141 -203.908 166.135
-210.18 157.655 -203.876 164.666
-210.12 156.263 -203.839 163.285
-210.06 154.893 -203.774 161.963
-209.979 153.571 -203.725 160.658
-209.892 152.273 -203.664 159.336
-209.767 150.9 -203.574 157.941
-209.618 149.454 -203.459 156.499
-209.402 147.912 -203.289 154.954
-209.174 146.248 -203.08 153.272
-208.939 144.453 -202.914 151.453
-208.715 142.497 -202.742 149.504
-208.504 140.403 -202.601 147.392
-208.393 138.151 -202.54 145.116
-208.39 135.751 -202.591 142.686
-208.458 133.191 -202.726 140.136
-208.555 130.504 -202.835 137.473
-208.68 127.709 -202.982 134.684
-208.808 124.788 -203.102 131.788
-208.928 121.786 -203.234 128.761
-208.986 118.771 -203.351 125.767
-209.011 115.754 -203.459 122.754
-208.944 112.762 -203.509 119.786
-208.837 109.809 -203.463 116.836
-208.711 106.914 -203.447 113.933
-208.613 104.165 -203.384 111.211
-208.524 101.613 -203.352 108.641
-208.412 99.2919 -203.284 106.334
-208.304 97.2314 -203.213 104.275
-208.24 95.4414 -203.168 102.485
-208.187 93.929 -203.128 100.966
-208.169 92.6201 -203.142 99.6715
-208.111 91.3591 -203.094 98.3962
-208.104 90.1081 -203.091 97.1457
-208.057 88.899 -203.041 95.9396
-207.99 87.6862 -203.003 94.7188
-207.887 86.4248 -202.913 93.4592
-207.75 85.1065 -202.781 92.1173
-207.573 83.6794 -202.618 90.6965
-207.364 82.1282 -202.445 89.1411
-207.118 80.4668 -202.235 87.4807
-206.887 78.658 -202.026 85.6484
-206.653 76.7211 -201.809 83.6886
-206.474 74.6872 -201.656 81.6478
-206.388 72.5372 -201.613 79.4906
-206.432 70.2982 -201.68 77.2204
-206.61 68.0006 -201.894 74.9316
-206.893 65.6226 -202.23 72.4956
-207.176 63.1451 -202.554 70.0252
-207.411 60.5825 -202.806 67.5017
-207.566 57.9368 -203.01 64.8784
-207.648 55.1846 -203.136 62.1674
-207.661 52.3854 -203.188 59.3523
-207.621 49.5464 -203.216 56.5546
-207.571 46.7304 -203.232 53.7532
-207.529 43.9515 -203.257 50.9732
-207.485 41.2079 -203.272 48.2425
-207.419 38.4839 -203.294 45.5595
-207.398 35.8591 -203.341 42.9311
-207.39 33.3235 -203.391 40.4567
-207.384 30.9289 -203.414 38.0162
-207.366 28.7379 -203.449 35.919
-207.338 26.7801 -203.439 33.9315
-207.272 25.0762 -203.431 32.2753
-207.185 23.6379 -203.378 30.8497
-207.081 22.407 -203.304 29.6009
-206.954 21.3226 -203.196 28.5625
-206.782 20.3344 -203.047 27.59
-206.552 19.4367 -202.872 26.7465
-206.295 18.6149 -202.653 25.9984
-205.959 17.8523 -202.365 25.2434
-205.602 17.1478 -202.046 24.5316
-205.183 16.4996 -201.62 23.8911
-204.64 15.8343 -201.125 23.1576
-203.962 15.1264 -200.483 22.4648
-203.106 14.4023 -199.692 21.6976
-202.093 13.7238 -198.672 20.9869
-200.891 13.0729 -197.479 20.2994
-199.455 12.4511 -196.118 19.5627
-197.803 11.8479 -194.456 18.9241
-195.986 11.2512 -192.571 18.3294
-194.078 10.7998 -190.664 17.8695
-192.242 10.55 -188.842 17.6067
-190.512 10.4925 -187.057 17.4647
-188.775 10.5147 -185.29 17.4416
-187.053 10.5308 -183.55 17.3891
-185.316 10.5898 -181.778 17.3973
-183.477 10.6725 -179.978 17.4378
-181.518 10.7684 -177.976 17.4575
-179.434 10.8955 -175.86 17.5207
-177.235 11.053 -173.738 17.6265
-174.913 11.228 -171.302 17.7086
-172.454 11.4065 -168.803 17.8226
-169.878 11.6332 -166.182 17.9617
-167.173 11.9035 -163.481 18.183
-164.356 12.2419 -160.666 18.478
-161.414 12.6053 -157.775 18.7944
-158.375 12.9576 -154.705 19.1158
-155.289 13.2664 -151.616 19.3627
-152.154 13.4772 -148.482 19.5548
-148.979 13.5344 -145.284 19.613
-145.756 13.4495 -142.132 19.5297
-142.513 13.324 -138.881 19.4208
-139.219 13.2641 -135.614 19.3054
-135.872 13.2352 -132.346 19.2333
-132.469 13.238 -128.995 19.1416
-128.999 13.2502 -125.473 19.1495
-125.452 13.248 -121.949 19.1256
-121.822 13.2242 -118.38 19.094
-118.143 13.1971 -114.704 19.062
-114.366 13.1954 -110.967 19.0104
-110.549 13.203 -107.217 18.9535
-106.721 13.235 -103.45 18.9304
-102.856 13.2377 -99.6192 18.8175
-99.052 13.3443 -95.7984 18.7582
-95.2376 13.4448 -92.0541 18.6926
-91.4196 13.5301 -88.1767 18.6518
-87.6191 13.6743 -84.3653 18.6395
-83.8254 13.8122 -80.6891 18.6653
-80.045 13.9412 -76.9495 18.6925
-76.2629 14.0642 -73.2123 18.7594
-72.5272 14.1697 -69.5121 18.7944
-68.7601 14.3149 -65.841 18.8351
-65.042 14.4483 -62.1989 18.8871
-61.4095 14.5975 -58.5543 18.95
-57.8128 14.7529 -54.9612 18.9968
-54.2721 14.9167 -51.3912 19.062
-50.8632 15.1117 -47.8966 19.1214
-47.4569 15.289 -44.4133 19.1904
-44.0959 15.4539 -41.0148 19.263
-40.8634 15.6115 -37.741 19.3218
-37.7793 15.7689 -34.5702 19.3752
-34.8785 16.0016 -31.6005 19.4557
-32.1086 16.2243 -28.7747 19.5081
-29.4177 16.3367 -26.0936 19.5415
-26.8648 16.3774 -23.5638 19.5428
-24.5693 16.4539 -21.2051 19.5286
-22.4959 16.5031 -19.0712 19.5038
-20.582 16.5197 -17.1212 19.466
-18.8462 16.5082 -15.3978 19.3937
-17.329 16.4823 -13.8468 19.3798
-16.0375 16.4755 -12.4675 19.3482
-14.9561 16.5152 -11.2642 19.3667
-14.0178 16.6039 -10.2819 19.4185
-13.1256 16.7459 -9.35901 19.5496
-12.2772 17.0186 -8.50091 19.7832
-11.5187 17.3878 -7.71901 20.152
-10.7939 17.8531 -6.97749 20.6251
-10.0237 18.4518 -6.16265 21.1947
-9.26687 19.25 -5.408 21.9762
-8.49998 20.2303 -4.63267 22.9573
-7.71447 21.4488 -3.8899 24.1815
-6.94385 22.8998 -3.13984 25.6542
-6.20942 24.6309 -2.41262 27.4406
-5.58062 26.6368 -1.80502 29.4934
-5.10072 28.9385 -1.33449 31.8261
-4.83229 31.5403 -0.993576 34.4306
-4.75281 34.3277 -0.929256 37.2406
-4.79902 37.3351 -0.974489 40.2551
-4.91194 40.4995 -1.08159 43.4608
-5.09038 43.7008 -1.2352 46.6456
-5.27659 46.9041 -1.37161 49.8565
-5.46434 50.1267 -1.49397 53.0679
-5.70174 53.3484 -1.61634 56.241
-5.92628 56.5668 -1.73074 59.4113
-6.14972 59.7476 -1.8292 62.5828
-6.32619 62.8533 -1.91647 65.6301
-6.45059 65.8153 -1.98198 68.5844
-6.55802 68.6332 -2.04792 71.3985
-6.62523 71.2796 -2.11967 74.0643
-6.65551 73.7498 -2.16199 76.5174
-6.68446 75.9951 -2.21097 78.7595
-6.65235 77.9879 -2.21734 80.7503
-6.50881 79.715 -2.1179 82.4642
-6.21368 81.1579 -1.86199 83.932
-5.72962 82.3905 -1.4369 85.151
-5.16124 83.4352 -0.901302 86.1908
-4.54265 84.2529 -0.272595 87.0379
-3.86611 84.8846 0.368257 87.685
-3.26244 85.3117 0.955493 88.0948
-2.77988 85.6082 1.40466 88.4085
-2.29293 85.8554 1.85946 88.671
-1.73789 86.0252 2.35414 88.8746
-1.12712 86.1474 2.86182 89.0269
-0.518659 86.2513 3.36828 89.1406
0.0982828 86.3544 3.90775 89.2598
0.701588 86.4274 4.4564 89.3278
1.30643 86.4942 5.01576 89.3886
1.8817 86.5444 5.57603 89.4424
2.48205 86.5712 6.15167 89.4592
3.08164 86.6015 6.74663 89.4939
3.76115 86.6254 7.41663 89.5109
4.61979 86.697 8.23688 89.5715
5.59133 86.7709 9.17331 89.6298
6.60844 86.8444 10.1876 89.6951
7.63402 86.9014 11.2399 89.7475
8.71111 86.9585 12.3724 89.7868
9.83278 87.0097 13.5323 89.8167
11.0076 87.0115 14.7031 89.8184
12.2754 86.9651 15.8997 89.7654
13.6263 86.9182 17.1926 89.7171
15.07 86.8252 18.586 89.6347
16.6153 86.7852 20.054 89.609
18.2818 86.8777 21.661 89.7105
20.0478 87.082 23.3876 89.9102
21.9006 87.2857 25.2288 90.0886
23.8632 87.4752 27.1755 90.2287
25.902 87.5919 29.2423 90.2935
28.0106 87.6438 31.3742 90.3345
30.1617 87.6662 33.5199 90.3671
32.3201 87.6642 35.6798 90.3847
34.4576 87.6598 37.7984 90.3827
36.6058 87.6719 39.9646 90.4022
38.7308 87.6934 42.0816 90.4073
40.8455 87.7302 44.2264 90.4294
42.9178 87.7802 46.2917 90.4667
44.9828 87.855 48.3714 90.5322
47.0291 87.9341 50.4217 90.5955
49.0885 87.9881 52.5182 90.6351
51.1312 88.0467 54.5786 90.6682
53.1789 88.0887 56.6009 90.698
55.2287 88.1319 58.6129 90.7358
57.2573 88.1899 60.6478 90.7845
59.2842 88.2314 62.6823 90.8287
61.3079 88.2681 64.6853 90.856
63.3335 88.3132 66.7205 90.8846
65.3836 88.354 68.7136 90.9233
67.4465 88.392 70.7768 90.9599
69.4831 88.4322 72.7918 91.0051
71.5512 88.437 74.8618 91.028
73.5903 88.4498 76.8795 91.0684
75.6424 88.4475 78.8755 91.0863
77.6756 88.4548 80.9013 91.1064
79.7058 88.461 82.8984 91.1192
81.744 88.4803 84.9304 91.1348
83.7746 88.5114 86.9507 91.1777
85.7993 88.5571 88.9611 91.2087
87.8044 88.6012 90.9993 91.2296
89.8069 88.6436 93.0267 91.2558
91.8034 88.7048 95.0309 91.3031
93.754 88.7381 97.0173 91.3296
95.6705 88.7904 98.9688 91.357
97.5384 88.822 100.868 91.355
99.323 88.8597 102.668 91.3762
100.955 88.8568 104.303 91.3658
102.409 88.885 105.785 91.3909
103.66 88.873 107.068 91.3775
104.773 88.8633 108.196 91.369
105.718 88.8445 109.18 91.3539
106.476 88.8453 109.96 91.3696
107.081 88.836 110.555 91.3735
107.6 88.8635 111.032 91.428
108.076 88.9669 111.509 91.5243
108.507 89.1617 111.957 91.7245
108.888 89.4296 112.343 92.0064
109.268 89.7529 112.727 92.34
109.65 90.1817 113.117 92.7708
110.008 90.6837 113.488 93.2802
110.332 91.2624 113.841 93.8835
110.663 91.9582 114.19 94.5741
110.947 92.7508 114.502 95.3697
111.19 93.6499 114.779 96.2608
111.329 94.6763 114.948 97.2783
111.382 95.8344 115.033 98.4304
111.376 97.1567 115.069 99.7403
111.321 98.7121 115.12 101.241
111.179 100.499 115.132 102.922
111.053 102.454 115.142 104.786
110.953 104.574 115.151 106.862
110.848 106.868 115.154 109.064
110.729 109.312 115.131 111.495
110.605 111.878 115.091 114.061
110.451 114.521 115.017 116.681
110.254 117.24 114.902 119.397
110.056 119.971 114.779 122.137
109.856 122.687 114.645 124.868
109.666 125.388 114.517 127.611
109.502 128.078 114.419 130.287
109.371 130.753 114.362 132.967
109.256 133.407 114.316 135.638
109.149 136.007 114.276 138.19
109.039 138.439 114.234 140.626
108.947 140.687 114.194 142.823
108.848 142.714 114.147 144.821
108.76 144.486 114.107 146.581
108.69 146.045 114.067 148.14
108.716 147.402 114.042 149.496
108.828 148.54 114.021 150.675
108.921 149.485 114.034 151.64
109.007 150.284 114.054 152.448
109.05 151.027 114.083 153.202
109.11 151.749 114.12 153.942
109.24 152.403 114.154 154.66
109.344 153.098 114.185 155.389
109.453 153.934 114.231 156.263
109.521 154.936 114.246 157.291
109.584 156.073 114.271 158.443
109.645 157.329 114.302 159.712
109.668 158.738 114.295 161.137
109.715 160.312 114.319 162.723
109.696 162.089 114.325 164.475
109.649 164.032 114.331 166.412
109.639 166.109 114.315 168.506
109.633 168.34 114.297 170.711
109.613 170.711 114.27 173.085
109.583 173.21 114.247 175.56
109.553 175.81 114.21 178.183
109.534 178.5 114.19 180.849
109.536 181.237 114.193 183.578
109.577 183.941 114.191 186.291
109.589 186.636 114.186 189.006
109.628 189.311 114.177 191.696
109.659 191.927 114.141 194.338
109.63 194.43 114.052 196.842
109.575 196.783 113.953 199.187
109.515 198.966 113.864 201.368
109.471 200.971 113.79 203.387
109.449 202.821 113.739 205.252
109.449 204.602 113.708 207.041
109.488 206.354 113.724 208.783
109.546 208.062 113.747 210.496
109.61 209.709 113.779 212.153
109.672 211.263 113.809 213.673
109.706 212.702 113.802 215.097
109.734 214.084 113.782 216.468
109.731 215.443 113.741 217.829
109.707 216.764 113.684 219.148
109.7 218.051 113.639 220.424
109.687 219.347 113.595 221.724
109.663 220.745 113.57 223.095
109.624 222.182 113.53 224.519
109.633 223.69 113.525 226.024
109.598 225.286 113.478 227.615
109.57 226.964 113.428 229.297
109.44 228.724 113.297 231.052
109.201 230.57 113.08 232.907
108.84 232.5 112.753 234.86
108.453 234.508 112.397 236.875
108.103 236.603 112.07 238.976
107.82 238.783 111.816 241.148
107.625 241.068 111.647 243.435
107.501 243.44 111.532 245.818
107.404 245.878 111.466 248.248
107.333 248.416 111.42 250.744
107.257 251.021 111.361 253.306
107.177 253.625 111.288 255.962
107.086 256.217 111.208 258.591
106.99 258.788 111.123 261.215
106.889 261.346 111.031 263.696
106.804 263.853 110.949 266.224
106.757 266.257 110.878 268.605
106.737 268.496 110.823 270.844
106.721 270.543 110.776 272.904
106.665 272.451 110.727 274.86
106.602 274.232 110.691 276.645
106.541 275.936 110.652 278.315
106.49 277.549 110.634 279.916
106.431 279.024 110.637 281.377
106.436 280.326 110.689 282.677
106.526 281.483 110.796 283.825
106.691 282.5 110.973 284.833
106.934 283.394 111.227 285.709
107.265 284.175 111.521 286.488
107.615 284.885 111.839 287.253
108.053 285.553 112.267 287.938
108.564 286.162 112.731 288.563
109.134 286.815 113.289 289.242
109.716 287.521 113.874 289.935
110.122 288.203 114.333 290.603
110.422 288.82 114.663 291.21
110.587 289.418 114.884 291.811
110.618 290.064 114.967 292.418
110.519 290.708 114.947 293.008
110.371 291.314 114.843 293.599
110.142 291.925 114.664 294.18
109.837 292.549 114.391 294.768
109.496 293.15 114.047 295.359
109.127 293.786 113.703 295.997
108.698 294.485 113.293 296.678
108.257 295.314 112.857 297.485
107.818 296.219 112.446 298.4
107.428 297.304 112.08 299.471
107.065 298.537 111.744 300.714
106.761 299.883 111.463 302.069
106.505 301.404 111.222 303.613
106.275 303.166 111.005 305.386
106.086 305.101 110.825 307.293
105.832 307.215 110.607 309.396
105.631 309.512 110.426 311.665
105.511 311.925 110.291 314.101
105.445 314.491 110.24 316.674
105.421 317.133 110.198 319.284
105.443 319.874 110.206 322.036
105.446 322.692 110.212 324.9
105.418 325.55 110.167 327.756
105.395 328.464 110.131 330.668
105.364 331.395 110.111 333.589
105.291 334.292 110.06 336.491
105.22 337.192 109.993 339.382
105.144 340.052 109.933 342.23
105.075 342.868 109.845 345.046
105.009 345.616 109.733 347.79
104.963 348.184 109.611 350.408
104.902 350.569 109.508 352.851
104.817 352.734 109.426 355.043
104.677 354.661 109.369 356.997
104.615 356.352 109.336 358.7
104.604 357.799 109.365 360.162
104.701 359.026 109.469 361.417
104.891 360.124 109.675 362.539
105.193 361.14 109.965 363.578
105.584 362.034 110.36 364.534
106.095 362.891 110.87 365.398
106.699 363.652 111.483 366.169
107.414 364.338 112.225 366.859
108.207 364.984 113.049 367.6
109.274 365.625 114.133 368.27
110.518 366.322 115.362 368.959
111.969 367.023 116.845 369.675
113.629 367.645 118.493 370.297
115.503 368.146 120.378 370.802
117.563 368.47 122.455 371.151
119.826 368.664 124.731 371.349
122.238 368.733 127.141 371.427
124.813 368.744 129.721 371.448
127.51 368.75 132.414 371.47
130.334 368.743 135.241 371.469
133.296 368.738 138.197 371.491
136.384 368.77 141.264 371.526
139.555 368.816 144.416 371.578
142.817 368.904 147.663 371.67
146.129 369.028 150.947 371.788
149.484 369.138 154.297 371.918
152.891 369.31 157.679 372.039
156.306 369.518 161.086 372.179
159.737 369.684 164.529 372.253
163.199 369.812 167.984 372.327
166.695 369.93 171.485 372.419
170.207 370.046 175.015 372.533
173.772 370.157 178.557 372.646
177.361 370.267 182.145 372.781
180.975 370.367 185.74 372.908
184.518 370.493 189.356 373.027
188.058 370.608 192.895 373.151
191.65 370.691 196.491 373.275
195.256 370.767 200.052 373.409
198.85 370.86 203.586 373.538
202.381 370.946 207.098 373.635
205.846 371.042 210.563 373.727
209.283 371.14 213.985 373.807
212.668 371.264 217.357 373.904
216.064 371.406 220.716 374.005
219.482 371.543 224.092 374.114
222.884 371.678 227.464 374.223
226.298 371.815 230.859 374.341
229.736 371.946 234.215 374.456
233.194 372.081 237.633 374.586
236.65 372.202 241.078 374.676
240.111 372.286 244.501 374.763
243.564 372.362 247.912 374.844
247.015 372.439 251.318 374.927
250.457 372.513 254.732 375.006
253.892 372.591 258.118 375.103
257.29 372.696 261.495 375.194
260.691 372.783 264.913 375.321
264.069 372.88 268.256 375.437
267.432 372.989 271.641 375.568
270.777 373.106 274.972 375.705
274.109 373.237 278.273 375.846
277.433 373.382 281.563 376.005
280.759 373.51 284.882 376.152
284.056 373.639 288.179 376.289
287.359 373.744 291.485 376.424
290.66 373.828 294.78 376.523
293.948 373.891 298.065 376.593
297.238 373.938 301.342 376.669
300.521 373.989 304.58 376.758
303.768 374.045 307.827 376.854
306.958 374.123 311.061 376.927
310.147 374.188 314.302 377.007
313.322 374.161 317.468 377.094
316.484 374.148 320.641 377.158
319.614 374.138 323.771 377.224
322.711 374.135 326.841 377.29
325.755 374.16 329.951 377.38
328.76 374.253 332.887 377.537
331.723 374.48 335.843 377.83
334.63 374.898 338.734 378.301
337.444 375.575 341.554 378.962
340.191 376.426 344.261 379.854
342.858 377.501 346.916 380.934
345.468 378.758 349.524 382.198
348.032 380.139 352.093 383.59
350.528 381.659 354.565 385.076
353.019 383.175 357.075 386.616
355.491 384.652 359.56 388.077
357.947 386.052 362.038 389.458
360.45 387.298 364.608 390.708
362.989 388.343 367.153 391.718
365.63 389.18 369.826 392.566
368.277 389.785 372.46 393.172
371 390.204 375.21 393.607
373.811 390.41 377.967 393.834
376.67 390.516 380.824 393.899
379.566 390.476 383.708 393.839
382.519 390.335 386.659 393.669
385.569 390.096 389.677 393.442
388.668 389.806 392.783 393.148
391.801 389.496 395.85 392.844
394.948 389.201 399.011 392.565
398.071 388.865 402.083 392.228
401.148 388.482 405.146 391.861
404.066 388.059 408.028 391.445
406.692 387.53 410.668 390.915
409 386.806 412.936 390.204
410.963 385.896 414.844 389.298
412.562 384.785 416.491 388.257
413.997 383.545 417.891 386.992
415.181 382.106 419.039 385.522
416.123 380.517 419.949 383.895
416.78 378.715 420.644 382.127
417.258 376.862 421.121 380.229
417.474 374.922 421.351 378.263
417.571 372.941 421.453 376.22
417.595 370.957 421.468 374.199
417.608 368.989 421.475 372.205
417.584 367.038 421.454 370.222
417.564 365.09 421.427 368.251
417.542 363.163 421.403 366.296
417.538 361.254 421.381 364.379
417.529 359.369 421.353 362.473
417.528 357.497 421.352 360.569
417.533 355.637 421.326 358.693
417.535 353.779 421.327 356.823
417.572 351.871 421.327 354.905
417.625 349.951 421.352 352.968
417.694 348.024 421.424 351.031
417.786 346.082 421.504 349.07
417.909 344.103 421.63 347.064
418.016 342.077 421.725 345.019
418.081 339.965 421.776 342.904
418.09 337.761 421.773 340.676
418.051 335.424 421.717 338.315
417.958 332.974 421.606 335.852
417.86 330.443 421.461 333.31
417.713 327.892 421.249 330.731
417.483 325.34 420.962 328.147
417.033 322.796 420.549 325.618
416.342 320.296 419.935 323.121
415.5 317.847 419.144 320.643
414.502 315.486 418.16 318.287
413.318 313.202 416.989 315.964
412.033 310.983 415.73 313.751
410.705 308.826 414.408 311.581
409.333 306.723 413.052 309.447
407.939 304.69 411.654 307.406
406.473 302.693 410.195 305.391
404.955 300.72 408.686 303.382
403.422 298.744 407.163 301.385
401.884 296.709 405.639 299.333
400.392 294.64 404.178 297.261
398.848 292.569 402.77 295.158
397.412 290.464 401.419 293.021
396.057 288.363 400.117 290.878
394.718 286.28 398.829 288.759
393.408 284.21 397.572 286.655
392.117 282.094 396.319 284.599
390.835 279.983 395.068 282.465
389.58 277.838 393.822 280.269
388.345 275.666 392.638 278.126
387.12 273.483 391.437 275.914
385.876 271.265 390.222 273.711
384.628 269.049 389.008 271.457
383.382 266.843 387.789 269.253
382.126 264.656 386.569 267.043
380.854 262.504 385.317 264.873
379.661 260.395 384.058 262.747
378.447 258.284 382.78 260.664
377.135 256.232 381.512 258.627
375.83 254.204 380.215 256.604
374.666 252.142 378.986 254.631
373.467 250.09 377.728 252.65
372.26 248.017 376.422 250.598
371.007 245.9 375.081 248.527
369.693 243.723 373.716 246.412
368.315 241.49 372.281 244.222
366.888 239.204 370.836 241.973
365.461 236.869 369.343 239.672
364.013 234.51 367.868 237.337
362.53 232.104 366.388 234.936
361.127 229.647 364.91 232.521
359.661 227.165 363.413 230.034
358.173 224.665 361.907 227.572
356.667 222.124 360.382 225.136
355.094 219.563 358.745 222.621
353.424 216.994 357.042 220.066
351.712 214.401 355.298 217.471
349.976 211.758 353.541 214.851
348.217 209.054 351.765 212.163
346.44 206.296 349.972 209.447
344.719 203.491 348.181 206.675
343.049 200.668 346.412 203.915
341.324 197.881 344.613 201.117
339.569 195.094 342.858 198.332
337.853 192.287 341.11 195.519
336.195 189.467 339.393 192.72
334.505 186.644 337.676 189.907
332.81 183.813 335.972 187.075
331.136 180.975 334.288 184.248
329.491 178.149 332.6 181.413
327.933 175.42 330.986 178.709
326.471 172.833 329.452 176.111
325.095 170.445 328.044 173.714
323.762 168.206 326.723 171.484
322.412 165.997 325.349 169.279
321.011 163.835 323.979 167.11
319.642 161.679 322.639 164.982
318.296 159.472 321.31 162.775
316.952 157.229 319.964 160.53
315.589 154.961 318.609 158.263
314.136 152.693 317.218 155.983
312.632 150.387 315.766 153.653
311.148 148.012 314.338 151.28
309.613 145.58 312.837 148.859
308.017 143.109 311.296 146.334
306.331 140.598 309.675 143.818
304.564 138.076 308.051 141.297
302.797 135.509 306.343 138.656
300.997 132.894 304.61 135.96
299.223 130.219 302.889 133.279
297.437 127.496 301.155 130.541
295.655 124.726 299.409 127.769
293.887 121.905 297.677 124.995
292.107 119.015 295.891 122.116
290.286 116.097 294.159 119.29
288.486 113.135 292.335 116.321
286.686 110.205 290.529 113.396
284.894 107.269 288.701 110.419
283.126 104.35 286.889 107.516
281.355 101.454 285.146 104.679
279.594 98.5937 283.366 101.813
277.854 95.7823 281.624 98.978
276.123 93.0151 279.909 96.1753
274.407 90.2946 278.198 93.3989
272.693 87.6206 276.517 90.7283
270.986 84.9908 274.864 88.1194
269.325 82.3706 273.18 85.4848
267.721 79.7614 271.605 82.9574
266.125 77.1878 269.991 80.3911
264.543 74.6501 268.386 77.8186
262.986 72.1461 266.88 75.3769
261.442 69.6721 265.344 72.9107
259.914 67.2289 263.833 70.4418
258.305 64.8845 262.327 68.0043
256.746 62.5662 260.868 65.5837
255.295 60.2347 259.503 63.2382
253.998 57.8593 258.282 60.8065
252.911 55.4136 257.265 58.3316
252.071 52.9184 256.501 55.8243
251.456 50.3795 255.953 53.2925
251.102 47.849 255.641 50.7291
250.932 45.3623 255.523 48.2049
250.859 42.9704 255.503 45.7746
250.881 40.7031 255.492 43.4519
250.86 38.5296 255.451 41.2411
250.643 36.4222 255.243 39.0978
250.22 34.4315 254.827 37.0982
249.55 32.5224 254.189 35.1897
248.682 30.8059 253.318 33.4548
247.595 29.2962 252.181 31.8921
246.326 27.9868 250.887 30.5375
244.807 26.8705 249.415 29.396
243.208 26.0462 247.819 28.5433
241.618 25.512 246.236 27.9815
240.183 25.2447 244.786 27.6872
238.935 25.1827 243.527 27.6018
237.834 25.3064 242.436 27.7081
236.751 25.5474 241.38 27.9556
235.82 26.015 240.463 28.4075
235.019 26.634 239.655 28.9811
234.322 27.3804 238.948 29.713
233.665 28.27 238.343 30.6236
233.152 29.3702 237.833 31.71
232.718 30.6238 237.406 32.937
232.381 32.0261 237.091 34.3057
232.146 33.5639 236.857 35.8342
231.97 35.2309 236.698 37.4754
231.824 37.0574 236.556 39.2702
231.712 38.9718 236.44 41.2201
231.614 41.0547 236.32 43.2566
231.5 43.2654 236.197 45.4311
231.399 45.5764 236.088 47.7231
231.32 47.958 235.984 50.0946
231.245 50.4551 235.9 52.576
231.18 53.0457 235.831 55.1293
231.113 55.7346 235.754 57.8278
231.018 58.532 235.68 60.571
230.923 61.4683 235.614 63.4679
230.782 64.3864 235.536 66.2969
230.554 67.3012 235.348 69.1907
230.383 70.2794 235.19 72.152
230.252 73.2658 235.061 75.1096
230.117 76.2792 234.93 78.1189
229.964 79.299 234.772 81.1588
229.813 82.3509 234.621 84.2237
229.64 85.3617 234.475 87.2526
229.508 88.3724 234.342 90.3012
229.396 91.4042 234.242 93.2765
229.226 94.3904 234.081 96.2109
229.043 97.3836 233.89 99.1792
228.916 100.421 233.777 102.177
228.777 103.43 233.637 105.181
228.62 106.515 233.469 108.288
228.493 109.618 233.328 111.381
228.345 112.766 233.194 114.49
228.262 115.954 233.062 117.66
228.174 119.124 232.926 120.781
228.063 122.3 232.783 123.974
227.924 125.439 232.625 127.129
227.8 128.526 232.472 130.188
227.652 131.598 232.306 133.266
227.535 134.639 232.158 136.303
227.42 137.638 232.017 139.282
227.314 140.648 231.892 142.292
227.209 143.552 231.756 145.219
227.067 146.491 231.575 148.154
226.959 149.421 231.433 151.04
226.876 152.286 231.329 153.887
226.801 155.135 231.22 156.692
226.732 157.929 231.111 159.482
226.671 160.677 231.01 162.225
226.582 163.434 230.885 164.953
226.485 166.141 230.757 167.651
226.397 168.835 230.628 170.336
226.292 171.503 230.475 173.008
226.194 174.156 230.327 175.688
226.098 176.846 230.189 178.328
226.004 179.603 230.058 181.051
225.899 182.37 229.935 183.818
225.79 185.147 229.812 186.538
225.666 187.882 229.671 189.284
225.56 190.597 229.565 191.958
225.451 193.273 229.428 194.657
225.344 195.959 229.32 197.357
225.255 198.651 229.218 200.048
225.193 201.335 229.134 202.672
225.127 204.007 229.044 205.28
225.066 206.635 228.964 207.905
225.011 209.237 228.876 210.465
224.943 211.826 228.796 213.051
224.891 214.4 228.722 215.573
224.851 216.936 228.657 218.103
224.575 219.362 228.594 220.544
224.296 221.837 228.522 223.037
224.077 224.336 228.469 225.588
223.913 226.902 228.421 228.158
223.742 229.522 228.341 230.806
223.607 232.177 228.27 233.444
223.385 235.003 228.151 236.185
223.16 237.809 228 238.945
222.961 240.675 227.851 241.812
222.792 243.535 227.725 244.616
222.589 246.352 227.586 247.411
222.381 249.17 227.45 250.162
222.221 251.92 227.345 252.899
222.08 254.673 227.257 255.644
221.957 257.368 227.175 258.305
221.829 260.047 227.098 260.946
221.693 262.647 226.98 263.56
221.569 265.262 226.895 266.191
221.46 267.84 226.82 268.782
221.336 270.382 226.732 271.33
221.19 272.766 226.619 273.708
221.088 275.002 226.535 275.925
221.026 277.046 226.497 277.973
221.049 278.872 226.535 279.752
221.13 280.543 226.618 281.41
221.22 282.1 226.734 282.94
221.344 283.572 226.879 284.398
221.383 284.983 226.948 285.781
221.427 286.297 227.029 287.073
221.355 287.505 226.99 288.253
221.243 288.626 226.915 289.351
221.037 289.679 226.734 290.398
220.706 290.652 226.42 291.362
220.342 291.553 226.058 292.268
219.854 292.365 225.599 293.102
219.27 293.213 225.036 293.956
218.538 294.065 224.315 294.806
217.687 294.89 223.449 295.645
216.658 295.681 222.431 296.436
215.445 296.4 221.226 297.11
214.043 296.981 219.82 297.686
212.393 297.367 218.203 298.074
210.497 297.523 216.359 298.286
208.423 297.551 214.304 298.328
206.131 297.483 212.038 298.274
203.651 297.386 209.581 298.218
200.976 297.311 206.933 298.189
198.089 297.235 204.1 298.159
194.998 297.17 201.018 298.146
191.702 297.088 197.752 298.119
188.259 296.973 194.313 298.076
184.688 296.837 190.751 298.012
180.991 296.698 187.079 297.95
177.262 296.546 183.39 297.862
173.558 296.375 179.667 297.759
169.919 296.278 175.979 297.66
166.317 296.216 172.303 297.556
162.711 296.177 168.62 297.462
159.135 296.12 165.004 297.35
155.571 296.038 161.368 297.251
152.008 295.961 157.757 297.147
148.468 295.873 154.201 297.065
144.947 295.785 150.652 296.978
141.444 295.698 147.108 296.886
137.976 295.609 143.622 296.817
134.475 295.536 140.159 296.725
131.021 295.387 136.71 296.605
127.585 295.185 133.259 296.437
124.194 294.919 129.902 296.198
120.833 294.569 126.567 295.873
117.524 294.148 123.259 295.467
114.277 293.717 119.993 295.064
111.044 293.263 116.765 294.641
107.875 292.82 113.588 294.216
104.689 292.433 110.39 293.838
101.526 292.113 107.201 293.528
98.3207 291.868 103.975 293.282
95.0757 291.698 100.714 293.138
91.7816 291.601 97.4119 293.059
88.4617 291.51 94.0348 293.019
85.094 291.416 90.6514 292.965
81.6725 291.325 87.213 292.906
78.2236 291.217 83.7597 292.839
74.7664 291.107 80.3052 292.759
71.3442 290.985 76.8334 292.651
67.9419 290.873 73.4527 292.573
64.5746 290.766 70.1321 292.497
61.2464 290.656 66.8331 292.381
57.9444 290.556 63.5794 292.29
54.6885 290.464 60.3411 292.207
51.4652 290.375 57.0953 292.128
48.2504 290.299 53.8886 292.049
45.0501 290.226 50.6759 291.983
41.8753 290.158 47.5868 291.905
38.7115 290.079 44.4657 291.838
35.5787 289.999 41.3659 291.768
32.468 289.919 38.2564 291.698
29.399 289.856 35.2195 291.642
26.3744 289.806 32.1731 291.602
23.4662 289.754 29.2763 291.571
20.7033 289.696 26.626 291.537
18.0656 289.632 24.0208 291.475
15.5451 289.574 21.4975 291.417
13.1479 289.52 19.1165 291.381
10.888 289.488 16.884 291.373
8.79307 289.52 14.7942 291.428
6.88382 289.607 12.897 291.541
5.08284 289.771 11.0824 291.704
3.36077 289.989 9.35532 291.941
1.69344 290.246 7.69556 292.212
0.0817619 290.524 6.08028 292.502
-1.45404 290.825 4.5695 292.8
-2.91214 291.154 3.12391 293.121
-4.26383 291.496 1.79562 293.472
-5.46963 291.865 0.60306 293.825
-6.5618 292.25 -0.475737 294.234
-7.56733 292.72 -1.4566 294.688
-8.25085 293.151 -2.12919 295.107
-8.61556 293.415 -2.4936 295.373
-8.70138 293.498 -2.57567 295.458
-8.67782 293.476 -2.55516 295.433
-8.67069 293.481 -2.5596 295.434
-8.66047 293.477 -2.56012 295.429
-8.6517 293.469 -2.55652 295.435
-8.64383 293.46 -2.55585 295.433
-8.65193 293.468 -2.57164 295.453
-8.68785 293.502 -2.61581 295.488
-8.76211 293.57 -2.69265 295.564
-8.92049 293.731 -2.85834 295.741
-9.16968 294.008 -3.10862 296.024
-9.5061 294.395 -3.45467 296.451
-9.95865 294.935 -3.90088 297.013
-10.5205 295.676 -4.46124 297.764
-11.1175 296.668 -5.04693 298.763
-11.7085 297.866 -5.63197 300.006
-12.2376 299.339 -6.1522 301.476
-12.6833 301.018 -6.58708 303.153
-13.0706 302.865 -6.97036 304.992
-13.3687 304.91 -7.26484 307.048
-13.5656 307.103 -7.46535 309.283
-13.7225 309.484 -7.61948 311.636
