0 7.84298e-05 0.00254077 100 8.47458
0 3.58813e-05 0.00384913 200 9.43396
0 3.42959e-05 0.00519609 300 10.4167
0 2.68833e-05 0.00258393 400 10.4712
0 2.66014e-05 0.00271462 500 10.4167
0 2.7211e-05 0.00351139 600 10.4167
0 2.55061e-05 0.00435829 700 10.279
0 2.4483e-05 0.00433077 800 10.2828
10 8.85665e-05 0.00185256 100 9.00901
10 3.22044e-05 0.00414296 200 9.7561
10 3.32766e-05 0.00470334 300 10.7143
10 2.53719e-05 0.0023606 400 10.6667
10 2.66909e-05 0.00223599 500 10.5708
10 2.48179e-05 0.00286229 600 10.5448
10 2.51603e-05 0.00358432 700 10.3704
10 2.32097e-05 0.00378746 800 10.3761
20 9.2129e-05 0.00356446 100 9.61539
20 2.84715e-05 0.00137173 200 10
20 2.90244e-05 0.0020984 300 10.9489
20 1.78156e-05 0.00211518 400 10.8108
20 1.90117e-05 0.00244661 500 10.7066
20 2.37404e-05 0.00338014 600 10.6572
20 2.18813e-05 0.00416483 700 10.4478
20 2.22928e-05 0.00428263 800 10.4712
30 7.34049e-05 0.00417907 100 10.101
30 2.56057e-05 0.00147309 200 10.2564
30 3.65398e-05 0.00205731 300 11.194
30 1.98341e-05 0.00175057 400 10.929
30 2.00613e-05 0.00213704 500 10.8225
30 2.33749e-05 0.00303396 600 10.7527
30 2.30404e-05 0.00396041 700 10.5105
30 2.26656e-05 0.00397338 800 10.5541
40 7.00817e-05 0.00487376 100 10.6383
40 2.51358e-05 0.00159061 200 10.4712
40 2.60417e-05 0.00217873 300 11.4068
40 2.03898e-05 0.00149821 400 11.0193
40 2.08309e-05 0.0021112 500 10.917
40 2.2376e-05 0.0029761 600 10.8303
40 2.27641e-05 0.00401429 700 10.5422
40 2.25503e-05 0.00382445 800 10.6242
50 8.03815e-05 0.00514151 100 10.989
50 2.82614e-05 0.00254268 200 10.6383
50 3.07958e-05 0.00255299 300 11.5385
50 2.09308e-05 0.00163853 400 11.0803
50 2.17492e-05 0.00191618 500 10.989
50 2.1776e-05 0.0026895 600 10.8893
50 2.25494e-05 0.00374818 700 10.5581
50 2.33298e-05 0.003414 800 10.6809
60 6.09864e-05 0.00522793 100 11.3636
60 3.31169e-05 0.00392613 200 10.8108
60 3.35146e-05 0.00298085 300 11.6279
60 2.10727e-05 0.00167069 400 11.0803
60 2.00613e-05 0.00147231 500 11.0132
60 2.09229e-05 0.00217184 600 10.9091
60 2.07982e-05 0.00317237 700 10.5581
60 2.01141e-05 0.0026337 800 10.7239
70 8.70733e-05 0.00470189 100 11.4943
70 3.65397e-05 0.00817981 200 10.929
70 2.98789e-05 0.00463508 300 11.6279
70 2.38897e-05 0.00266066 400 11.0803
70 2.08538e-05 0.00188064 500 10.9649
70 1.99009e-05 0.00207893 600 10.9091
70 2.14773e-05 0.002829 700 10.5581
70 2.06803e-05 0.00220016 800 10.7672
80 0.000101488 0.00485309 100 11.4943
80 4.08527e-05 0.00897054 200 11.0497
80 3.20602e-05 0.00468596 300 11.583
80 2.93732e-05 0.00287824 400 11.0497
80 2.65835e-05 0.00286602 500 10.9409
80 2.24941e-05 0.00320985 600 10.8893
80 2.31141e-05 0.00400503 700 10.5581
80 2.29515e-05 0.00319624 800 10.7962
90 8.05296e-05 0.00581784 100 11.4943
90 4.23569e-05 0.00885014 200 11.236
90 3.135e-05 0.0042121 300 11.5385
90 3.06882e-05 0.00251126 400 11.0497
90 2.01087e-05 0.00213546 500 10.917
90 2.0475e-05 0.00211098 600 10.8499
90 2.08916e-05 0.00245693 700 10.5581
90 2.09665e-05 0.00192031 800 10.8254
100 3.12653e-05 0.00482415 100 11.236
100 4.78418e-05 0.0073464 200 11.4286
100 1.84861e-05 0.00336888 300 11.4504
100 2.46571e-05 0.0012856 400 11.0193
100 2.0321e-05 0.00063105 500 10.917
100 1.90159e-05 0.00110201 600 10.772
100 2.11808e-05 0.00155793 700 10.5581
100 2.00584e-05 0.00109629 800 10.8548
110 5.54582e-05 0.0068042 100 10.8696
110 5.47553e-05 0.00785905 200 11.5607
110 2.60925e-05 0.00375978 300 11.4068
110 2.84192e-05 0.00213242 400 11.0193
110 2.07621e-05 0.00147848 500 10.917
110 2.14697e-05 0.00144117 600 10.6952
110 1.86129e-05 0.00130674 700 10.574
110 1.90779e-05 0.00105145 800 10.8548
120 8.8701e-05 0.00892015 100 10.4167
120 5.56729e-05 0.00795349 200 11.6959
120 2.72351e-05 0.0048432 300 11.2782
120 2.83405e-05 0.0037668 400 11.0193
120 1.5034e-05 0.00300128 500 10.8932
120 1.61945e-05 0.00236633 600 10.6007
120 1.50256e-05 0.0018535 700 10.59
120 1.51732e-05 0.00184051 800 10.8254
130 6.88807e-05 0.00956612 100 10.2041
130 4.35366e-05 0.00668902 200 11.7647
130 2.38098e-05 0.00429237 300 11.1524
130 2.12487e-05 0.00243709 400 10.9589
130 1.48103e-05 0.00161264 500 10.846
130 1.85398e-05 0.00062543 600 10.5263
130 1.72987e-05 0.000366717 700 10.59
130 1.77634e-05 0.000178528 800 10.7962
140 7.3729e-05 0.00827559 100 10.101
140 3.73464e-05 0.00708585 200 11.6959
140 9.76563e-06 0.00534034 300 11.0294
140 7.32422e-06 0.00481442 400 10.929
140 1.06531e-05 0.00442879 500 10.8225
140 1.4259e-05 0.0038952 600 10.453
140 1.46485e-05 0.00356558 700 10.6061
140 1.59629e-05 0.00319748 800 10.7672
150 4.9314e-05 0.0100271 100 10.2041
150 2.76214e-05 0.0066168 200 11.6279
150 1.37144e-05 0.00386497 300 10.9091
150 1.80648e-05 0.00346429 400 10.8401
150 1.49705e-05 0.0034275 500 10.7759
150 1.83061e-05 0.0032829 600 10.3986
150 1.92807e-05 0.00295643 700 10.6383
150 1.90975e-05 0.00307282 800 10.7527
160 6.90535e-05 0.010694 100 10.3093
160 3.31169e-05 0.00734045 200 11.5607
160 1.02939e-05 0.00495333 300 10.8696
160 2.28373e-05 0.00495425 400 10.7817
160 1.37415e-05 0.00510533 500 10.7527
160 1.91028e-05 0.00487926 600 10.3806
160 1.64035e-05 0.00435016 700 10.6707
160 2.04083e-05 0.00451867 800 10.7527
170 4.97952e-05 0.0107786 100 10.6383
170 3.0785e-05 0.00639189 200 11.4943
170 1.92581e-05 0.00435406 300 10.8303
170 2.79966e-05 0.00445098 400 10.7527
170 2.067e-05 0.00492482 500 10.7296
170 2.4482e-05 0.0051245 600 10.3806
170 2.20475e-05 0.00450292 700 10.7034
170 2.36234e-05 0.00514443 800 10.7672
180 4.20036e-05 0.0117989 100 10.989
180 2.34172e-05 0.00553466 200 11.4286
180 2.29025e-05 0.00304112 300 10.8696
180 2.42611e-05 0.00313728 400 10.7527
180 1.98702e-05 0.00339357 500 10.6838
180 2.37682e-05 0.00373478 600 10.3986
180 2.35211e-05 0.00323796 700 10.7362
180 2.16226e-05 0.00409633 800 10.7672
190 5.6943e-05 0.0106707 100 11.4943
190 2.53719e-05 0.00291839 200 11.4943
190 3.60655e-05 0.000962729 300 10.9091
190 3.08335e-05 0.0016703 400 10.8108
190 2.74831e-05 0.00213683 500 10.6383
190 2.62824e-05 0.00291144 600 10.4348
190 2.6128e-05 0.00272992 700 10.7858
190 2.29677e-05 0.0040121 800 10.7527
200 4.78416e-05 0.00907772 100 12.1951
200 2.37959e-05 0.00351258 200 11.5607
200 2.92517e-05 0.00177583 300 11.0294
200 2.88356e-05 0.00251376 400 10.8696
200 2.37006e-05 0.00289167 500 10.6383
200 2.48445e-05 0.00343049 600 10.5079
200 2.52472e-05 0.00315271 700 10.8192
200 2.57223e-05 0.00436217 800 10.7239
210 4.11433e-05 0.00737596 100 12.8205
210 2.48976e-05 0.00303522 200 11.6959
210 2.8933e-05 0.00217075 300 11.1111
210 3.43322e-05 0.00290392 400 10.929
210 2.52401e-05 0.00322618 500 10.6157
210 2.64207e-05 0.00372167 600 10.5634
210 2.67901e-05 0.0034249 700 10.8527
210 2.8965e-05 0.00454833 800 10.7095
220 1.19604e-05 0.00574345 100 13.3333
220 2.37959e-05 0.00444359 200 11.6959
220 2.75254e-05 0.00409226 300 11.194
220 3.51048e-05 0.00455164 400 10.989
220 2.47055e-05 0.00485473 500 10.5932
220 2.72475e-05 0.0050536 600 10.6195
220 2.72136e-05 0.0047035 700 10.8527
220 3.03654e-05 0.00557317 800 10.6667
230 2.88871e-05 0.0036318 100 13.6986
230 3.83698e-05 0.00214397 200 11.5607
230 3.15605e-05 0.00310211 300 11.194
230 2.8393e-05 0.0035272 400 10.989
230 2.50885e-05 0.00410321 500 10.5485
230 2.65706e-05 0.00420261 600 10.6572
230 2.65804e-05 0.00424633 700 10.8527
230 2.92975e-05 0.00483044 800 10.582
240 3.08816e-05 0.00265411 100 13.5135
240 4.30548e-05 0.00269313 200 11.4286
240 3.48324e-05 0.00379414 300 11.1524
240 2.7756e-05 0.00396557 400 10.9589
240 2.66552e-05 0.0045464 500 10.4603
240 2.70033e-05 0.00448554 600 10.6762
240 2.71778e-05 0.00496195 700 10.8359
240 2.7344e-05 0.00497924 800 10.4987
250 4.14321e-05 0.00154398 100 13.1579
250 4.46185e-05 0.00345199 200 11.1732
250 4.0232e-05 0.00359906 300 10.989
250 2.57509e-05 0.00342249 400 10.8696
250 2.61859e-05 0.00385199 500 10.395
250 2.98016e-05 0.00375104 600 10.6952
250 2.7142e-05 0.0044202 700 10.8192
250 2.58667e-05 0.00374991 800 10.4302
260 3.12653e-05 0.00287182 100 12.5
260 4.80283e-05 0.00462399 200 10.929
260 4.84746e-05 0.00418419 300 10.7914
260 2.36389e-05 0.00372287 400 10.7527
260 2.96691e-05 0.00417749 500 10.3093
260 2.81795e-05 0.00408741 600 10.6762
260 2.76922e-05 0.00512258 700 10.7692
260 2.34254e-05 0.00375283 800 10.3761
270 3.41797e-05 0.00321072 100 11.6279
270 4.62582e-05 0.00450487 200 10.6952
270 4.42161e-05 0.00497262 300 10.6007
270 2.71591e-05 0.00513271 400 10.5263
270 3.2886e-05 0.00556983 500 10.2459
270 3.14136e-05 0.00506688 600 10.6572
270 2.67082e-05 0.00633022 700 10.7034
270 2.44145e-05 0.00419914 800 10.3093
280 4.58049e-05 0.00448888 100 10.8696
280 4.06332e-05 0.00500871 200 10.4712
280 4.43059e-05 0.00600113 300 10.453
280 2.84716e-05 0.00622447 400 10.2828
280 3.22417e-05 0.00634638 500 10.1833
280 3.23996e-05 0.0057158 600 10.6007
280 2.99219e-05 0.00702886 700 10.5422
280 2.18369e-05 0.00456167 800 10.2433
290 5.89993e-05 0.00449054 100 10.4167
290 4.78418e-05 0.00508712 200 10.3093
290 4.56314e-05 0.00517004 300 10.3448
290 2.93479e-05 0.00507141 400 10.101
290 3.05715e-05 0.00538231 500 10.1626
290 3.38297e-05 0.00511528 600 10.5263
290 3.06926e-05 0.00635281 700 10.3858
290 2.1922e-05 0.0039548 800 10.1911
300 7.65841e-05 0.00370081 100 9.90099
300 4.79662e-05 0.00481254 200 10.2041
300 3.85164e-05 0.0050054 300 10.274
300 2.75945e-05 0.00526544 400 9.95025
300 3.11892e-05 0.0050497 500 10.1626
300 3.02209e-05 0.00493948 600 10.4712
300 3.1483e-05 0.0056093 700 10.2489
300 1.99093e-05 0.00339562 800 10.1394
310 9.36689e-05 0.0044307 100 9.70874
310 5.85941e-05 0.00465638 200 10.1523
310 3.37901e-05 0.00432715 300 10.2389
310 2.94745e-05 0.00446169 400 9.87654
310 3.07116e-05 0.00432253 500 10.2041
310 3.14453e-05 0.00484738 600 10.453
310 3.19205e-05 0.00496261 700 10.1597
310 2.09576e-05 0.00289759 800 10.0503
320 8.08251e-05 0.00463774 100 9.61539
320 5.53508e-05 0.00435185 200 10.101
320 2.93421e-05 0.00425151 300 10.2389
320 2.75675e-05 0.00412662 400 9.82801
320 2.98773e-05 0.00382282 500 10.2459
320 2.86804e-05 0.00453444 600 10.453
320 2.80587e-05 0.00402862 700 10.1156
320 2.02249e-05 0.00206678 800 9.96264
330 7.96365e-05 0.00517731 100 9.52381
330 5.45918e-05 0.00369289 200 10.0503
330 2.04587e-05 0.00372087 300 10.2389
330 2.69663e-05 0.00314487 400 9.85222
330 2.78964e-05 0.00292356 500 10.3093
330 2.73445e-05 0.00377901 600 10.4895
330 2.52665e-05 0.00281373 700 10.1156
330 1.81164e-05 0.00104358 800 9.92556
340 8.72101e-05 0.00534346 100 9.61539
340 5.21915e-05 0.00363118 200 10
340 2.26699e-05 0.00337492 300 10.2389
340 3.08094e-05 0.00315425 400 9.85222
340 2.85219e-05 0.00302813 500 10.3734
340 2.83786e-05 0.0041936 600 10.5079
340 2.50051e-05 0.00271204 700 10.1156
340 1.86134e-05 0.000817818 800 9.91326
350 7.04211e-05 0.00421643 100 9.70874
350 4.97953e-05 0.00381659 200 10.0503
350 2.26699e-05 0.00421076 300 10.2041
350 3.01493e-05 0.0039169 400 9.90099
350 2.99411e-05 0.00338759 500 10.4384
350 2.6295e-05 0.00451122 600 10.5263
350 2.32192e-05 0.00266389 700 10.1302
350 1.67041e-05 0.00112009 800 9.92556
360 8.27203e-05 0.0043006 100 9.80392
360 5.28723e-05 0.00449844 200 10.101
360 2.8657e-05 0.00468456 300 10.1351
360 3.28913e-05 0.00465586 400 9.95025
360 3.08819e-05 0.00390498 500 10.4822
360 2.90247e-05 0.00517097 600 10.5079
360 2.25062e-05 0.00290779 700 10.1302
360 1.50623e-05 0.00135835 800 9.93789
370 6.17633e-05 0.0040192 100 9.90099
370 4.50175e-05 0.0041923 200 10.1523
370 2.8191e-05 0.00429546 300 10.0334
370 3.09541e-05 0.0041436 400 10
370 3.01949e-05 0.00339476 500 10.5263
370 2.88186e-05 0.00459871 600 10.453
370 1.95314e-05 0.00228212 700 10.1302
370 1.33443e-05 0.00126286 800 9.95025
380 3.71864e-05 0.00399432 100 10
380 5.38774e-05 0.0056147 200 10.2041
380 2.93421e-05 0.00565393 300 9.96678
380 3.21119e-05 0.00508791 400 10.0503
380 3.18099e-05 0.00388037 500 10.5263
380 3.11702e-05 0.00481134 600 10.3806
380 1.91921e-05 0.00253703 700 10.1449
380 1.23285e-05 0.00191917 800 9.96264
390 3.78221e-05 0.00472154 100 10.2041
390 5.01531e-05 0.0056591 200 10.3093
390 3.06233e-05 0.00575465 300 9.93377
390 2.90159e-05 0.00485083 400 10.101
390 2.9973e-05 0.00362483 500 10.5263
390 3.32969e-05 0.00429546 600 10.3448
390 1.67702e-05 0.00219262 700 10.1449
390 8.18874e-06 0.00197015 800 9.97506
400 2.67443e-05 0.00705801 100 10.3093
400 4.54129e-05 0.00771856 200 10.3627
400 3.23071e-05 0.00772659 300 9.90099
400 3.14792e-05 0.00588507 400 10.2041
400 2.96531e-05 0.00462358 500 10.5485
400 3.03521e-05 0.00482922 600 10.274
400 1.46817e-05 0.00292015 700 10.1449
400 7.6233e-06 0.00289515 800 10
410 2.53718e-05 0.00861878 100 10.4167
410 3.98182e-05 0.00844947 200 10.4712
410 3.468e-05 0.00806324 300 9.90099
410 3.26184e-05 0.00586349 400 10.2828
410 2.84214e-05 0.00492998 500 10.5708
410 2.81795e-05 0.00451751 600 10.2215
410 1.43464e-05 0.00314529 700 10.101
410 7.22179e-06 0.00320326 800 10.0251
420 4.17188e-05 0.00926856 100 10.5263
420 3.76643e-05 0.00879807 200 10.4712
420 3.52106e-05 0.0079104 300 9.86842
420 2.7432e-05 0.00578411 400 10.3627
420 2.84717e-05 0.00518988 500 10.6157
420 2.56834e-05 0.00436471 600 10.1868
420 1.48792e-05 0.0032667 700 10.0143
420 9.72743e-06 0.00328992 800 10.0629
430 7.27524e-05 0.0092602 100 10.4167
430 4.03388e-05 0.00938103 200 10.5263
430 3.62852e-05 0.00821351 300 9.86842
430 3.19724e-05 0.00576211 400 10.4439
430 3.01949e-05 0.00557448 500 10.6383
430 2.50833e-05 0.00429223 600 10.1868
430 1.42955e-05 0.00333153 700 9.97151
430 6.25425e-06 0.00339471 800 10.0883
440 7.46928e-05 0.00883006 100 10.3093
440 3.67025e-05 0.0093608 200 10.5263
440 3.54356e-05 0.0077941 300 9.90099
440 3.117e-05 0.00560249 400 10.5263
440 2.97173e-05 0.00580416 500 10.6838
440 2.1112e-05 0.00414451 600 10.1868
440 1.42614e-05 0.00356715 700 9.94318
440 9.27656e-06 0.00359834 800 10.1266
450 7.78194e-05 0.00985403 100 10.3093
450 4.33308e-05 0.0103875 200 10.4167
450 4.31241e-05 0.0085987 300 9.93377
450 3.75853e-05 0.00612282 400 10.582
450 3.07736e-05 0.00673053 500 10.6838
450 2.33607e-05 0.00464854 600 10.1868
450 1.48792e-05 0.0039503 700 9.94318
450 9.76565e-06 0.00395446 800 10.1523
460 8.56933e-05 0.0100075 100 10.3093
460 3.78222e-05 0.00973549 200 10.2564
460 4.17508e-05 0.00800417 300 9.93377
460 3.3697e-05 0.00576106 400 10.6383
460 2.74831e-05 0.00647924 500 10.6383
460 1.92238e-05 0.00430063 600 10.1695
460 1.35259e-05 0.00399992 700 9.94318
460 9.23632e-06 0.00408676 800 10.1781
470 7.93365e-05 0.0095448 100 10.3093
470 4.06332e-05 0.00910825 200 10.0503
470 4.00009e-05 0.00723224 300 9.96678
470 3.52108e-05 0.00530014 400 10.6383
470 2.61495e-05 0.00602578 500 10.5263
470 1.77178e-05 0.00398076 600 10.1523
470 1.17553e-05 0.00379933 700 9.92908
470 1.38242e-05 0.00422439 800 10.2041
480 8.03815e-05 0.0101409 100 10.3093
480 4.07065e-05 0.00934036 200 9.85222
480 4.48703e-05 0.00724379 300 10
480 3.73267e-05 0.00533412 400 10.6101
480 3.45685e-05 0.0062273 500 10.4167
480 1.74162e-05 0.00398111 600 10.1351
480 1.00117e-05 0.00386374 700 9.92908
480 1.52222e-05 0.00452652 800 10.2433
490 0.000104839 0.00919816 100 10.2041
490 4.90719e-05 0.00866475 200 9.70874
490 3.81014e-05 0.00622323 300 10.0671
490 3.45701e-05 0.00460491 400 10.582
490 3.4361e-05 0.00518637 500 10.3093
490 1.45578e-05 0.00349648 600 10.101
490 7.95324e-06 0.00397109 700 9.92908
490 1.66259e-05 0.00492421 800 10.2696
500 7.34049e-05 0.00842255 100 10.3093
500 5.54046e-05 0.00772875 200 9.61539
500 3.47563e-05 0.00482796 300 10.1351
500 3.05909e-05 0.00390301 400 10.582
500 2.80328e-05 0.00405153 500 10.1833
500 1.21799e-05 0.00356751 600 10.0503
500 4.52061e-06 0.00451954 700 9.94318
500 1.30336e-05 0.00539096 800 10.3093
510 6.5145e-05 0.00798742 100 10.3093
510 4.47519e-05 0.0066166 200 9.52381
510 2.56316e-05 0.00419601 300 10.2041
510 2.62381e-05 0.00374461 400 10.582
510 2.3458e-05 0.00357116 500 10.101
510 9.86684e-06 0.00391739 600 9.95025
510 6.31654e-06 0.00458087 700 9.97151
510 1.53198e-05 0.00532716 800 10.3359
520 7.93365e-05 0.00646816 100 10.4167
520 4.33308e-05 0.00468727 200 9.52381
520 2.39762e-05 0.00301599 300 10.3448
520 2.27065e-05 0.00300291 400 10.6383
520 2.12389e-05 0.0029757 500 10.101
520 8.45729e-06 0.00423013 600 9.88468
520 5.53659e-06 0.00466987 700 10
520 1.48003e-05 0.00526167 800 10.3896
530 7.82776e-05 0.00575376 100 10.5263
530 3.80578e-05 0.00344785 200 9.56938
530 2.45763e-05 0.00260665 300 10.453
530 2.06801e-05 0.00260313 400 10.6952
530 1.57769e-05 0.00287323 500 10.1215
530 5.39815e-06 0.00446721 600 9.85222
530 8.76801e-06 0.00465051 700 10.043
530 1.5453e-05 0.00504754 800 10.4439
540 7.81252e-05 0.00483245 100 10.5263
540 3.53794e-05 0.00268007 200 9.66184
540 1.98675e-05 0.00233121 300 10.5634
540 2.03532e-05 0.00227195 400 10.7527
540 1.50657e-05 0.00271092 500 10.1215
540 6.61136e-06 0.00447335 600 9.85222
540 9.43623e-06 0.00448202 700 10.0865
540 1.53198e-05 0.0047492 800 10.4849
550 7.17626e-05 0.00289185 100 10.3093
550 2.9195e-05 0.00194687 200 9.70874
550 2.38654e-05 0.00221858 300 10.6762
550 1.76897e-05 0.00173331 400 10.7527
550 1.05179e-05 0.00245204 500 10.1215
550 7.00059e-06 0.00428355 600 9.86842
550 1.2881e-05 0.00417718 700 10.1302
550 1.80546e-05 0.00429958 800 10.5263
560 5.77743e-05 0.00391877 100 9.80392
560 2.82614e-05 0.00282801 200 9.70874
560 2.42508e-05 0.00267408 300 10.7143
560 2.02431e-05 0.00250394 400 10.6383
560 1.13045e-05 0.00271704 500 10.101
560 8.68904e-06 0.00442797 600 9.85222
560 1.40379e-05 0.00425242 700 10.1597
560 1.90193e-05 0.00447162 800 10.5541
570 5.32653e-05 0.00326828 100 9.52381
570 3.02971e-05 0.00310288 200 9.7561
570 2.71377e-05 0.00277219 300 10.6762
570 2.58951e-05 0.00253608 400 10.4987
570 1.30655e-05 0.00295024 500 10.0806
570 1.00332e-05 0.00432599 600 9.85222
570 1.60133e-05 0.00462944 700 10.1892
570 1.99653e-05 0.00457981 800 10.596
580 8.05296e-05 0.00198541 100 9.25926
580 2.70765e-05 0.00314864 200 9.85222
580 1.95313e-05 0.0034311 300 10.6762
580 2.41071e-05 0.00311309 400 10.3627
580 1.02423e-05 0.00359669 500 10.0604
580 1.16803e-05 0.00472112 600 9.85222
580 1.90777e-05 0.0049967 700 10.2339
580 2.14669e-05 0.00433626 800 10.6242
590 6.64136e-05 0.00152094 100 9.00901
590 2.34172e-05 0.00170606 200 9.95025
590 2.66451e-05 0.00116838 300 10.6383
590 3.19957e-05 0.00121741 400 10.2041
590 1.4219e-05 0.00180138 500 10.02
590 1.41892e-05 0.00340042 600 9.85222
590 2.22671e-05 0.00410156 700 10.2639
590 2.2608e-05 0.00338412 800 10.6525
600 3.23889e-05 0.00326443 100 8.84956
600 3.2389e-05 0.00253822 200 10.0503
600 2.79077e-05 0.00239429 300 10.6007
600 3.09782e-05 0.00270287 400 10.0756
600 1.72219e-05 0.00303137 500 9.92064
600 1.61125e-05 0.00396811 600 9.86842
600 2.46524e-05 0.00475017 700 10.2941
600 2.49279e-05 0.00412371 800 10.6952
610 3.12653e-05 0.00319012 100 8.69565
610 3.87562e-05 0.00240561 200 10.1523
610 3.39855e-05 0.00283688 300 10.6383
610 3.08094e-05 0.00294649 400 10
610 2.11264e-05 0.00343813 500 9.80392
610 1.67177e-05 0.00393528 600 9.90099
610 2.69621e-05 0.00488752 700 10.3397
610 2.69944e-05 0.00420468 800 10.7239
620 5.09781e-05 0.00289878 100 8.69565
620 4.81522e-05 0.00305398 200 10.3093
620 3.89268e-05 0.00434774 300 10.6762
620 3.3027e-05 0.00389689 400 10
620 2.16172e-05 0.00420769 500 9.72763
620 2.09861e-05 0.00429136 600 9.93377
620 2.51313e-05 0.00525312 700 10.3858
620 3.07494e-05 0.0046754 800 10.7672
630 5.98021e-05 0.00246084 100 8.77193
630 4.01907e-05 0.00282939 200 10.4712
630 3.71153e-05 0.00424455 300 10.7527
630 2.86021e-05 0.00344831 400 10
630 2.17711e-05 0.00424636 500 9.70874
630 2.05879e-05 0.00423975 600 9.98336
630 2.69169e-05 0.00515013 700 10.4478
630 2.78101e-05 0.0045075 800 10.8108
640 5.32653e-05 0.00230349 100 8.92857
640 4.38096e-05 0.00238955 200 10.6383
640 3.27146e-05 0.00397032 300 10.8303
640 2.68833e-05 0.00324162 400 10.0251
640 1.99421e-05 0.0043588 500 9.72763
640 2.10019e-05 0.00437662 600 10.0334
640 2.77624e-05 0.00514764 700 10.4948
640 2.7269e-05 0.00448746 800 10.8696
650 6.07906e-05 0.00410606 100 9.17431
650 4.56747e-05 0.00347244 200 10.8696
650 3.24707e-05 0.00489293 300 10.8696
650 2.47777e-05 0.00376701 400 10.0756
650 2.10132e-05 0.00463496 500 9.76562
650 2.16998e-05 0.00465884 600 10.101
650 2.74716e-05 0.00539131 700 10.574
650 2.82223e-05 0.00486829 800 10.929
660 6.90535e-05 0.00511828 100 9.43396
660 4.48184e-05 0.00467346 200 11.1111
660 3.2755e-05 0.00585607 300 10.8696
660 2.32896e-05 0.00480213 400 10.1266
660 2.0945e-05 0.0056602 500 9.82318
660 2.34032e-05 0.00549667 600 10.1868
660 2.75159e-05 0.00623734 700 10.6383
660 2.76758e-05 0.0057552 800 11.0041
670 6.85337e-05 0.00559736 100 9.80392
670 4.52815e-05 0.00484924 200 11.2994
670 4.03635e-05 0.00572463 300 10.8303
670 2.27065e-05 0.00477131 400 10.1781
670 1.87846e-05 0.00538087 500 9.88142
670 2.98238e-05 0.00564429 600 10.2564
670 2.89129e-05 0.00619644 700 10.7198
670 3.00385e-05 0.00586444 800 11.065
680 8.62479e-05 0.00593557 100 10.101
680 5.21344e-05 0.00556462 200 11.3636
680 4.08204e-05 0.0062458 300 10.7914
680 2.26407e-05 0.00498329 400 10.2302
680 2.29857e-05 0.00547118 500 9.92064
680 2.92633e-05 0.00587599 600 10.3448
680 3.03578e-05 0.00633772 700 10.7858
680 3.08099e-05 0.00606462 800 11.1421
690 5.43728e-05 0.00475721 100 10.5263
690 4.52815e-05 0.00443421 200 11.4943
690 4.43059e-05 0.00485407 300 10.7143
690 2.10018e-05 0.00384198 400 10.2564
690 1.70829e-05 0.0048431 500 9.96016
690 2.70033e-05 0.00559433 600 10.4167
690 3.02212e-05 0.00556644 700 10.8527
690 2.7857e-05 0.00527347 800 11.2045
700 6.23397e-05 0.00490206 100 10.8696
700 4.80903e-05 0.00530378 200 11.5607
700 4.2318e-05 0.00528018 300 10.6007
700 2.601e-05 0.00444793 400 10.2828
700 2.69399e-05 0.0048064 500 10.02
700 3.6066e-05 0.00551972 600 10.4895
700 3.36569e-05 0.00588395 700 10.9204
700 3.10868e-05 0.00611424 800 11.2676
710 5.16749e-05 0.00398191 100 11.3636
710 4.74665e-05 0.0043514 200 11.6959
710 3.94004e-05 0.00461406 300 10.5263
710 2.20404e-05 0.0041813 400 10.2302
710 2.40204e-05 0.00481259 500 10.0806
710 3.29671e-05 0.00566353 600 10.5634
710 3.37146e-05 0.00556324 700 10.989
710 3.05549e-05 0.00569334 800 11.3314
720 4.52814e-05 0.00353943 100 11.7647
720 4.00421e-05 0.00388484 200 11.8343
720 3.56592e-05 0.00406848 300 10.4895
720 2.78365e-05 0.00435344 400 10.1266
720 2.59665e-05 0.0048045 500 10.1215
720 3.29269e-05 0.00576098 600 10.6195
720 3.44146e-05 0.00539545 700 11.041
720 2.892e-05 0.00555754 800 11.396
730 5.02717e-05 0.00254567 100 12.1951
730 3.66212e-05 0.00334314 200 11.9048
730 3.43731e-05 0.0034178 300 10.453
730 2.41071e-05 0.00443477 400 10
730 2.87218e-05 0.00456587 500 10.1833
730 3.16133e-05 0.00541609 600 10.6952
730 2.97752e-05 0.00498695 700 11.0935
730 2.96389e-05 0.00515811 800 11.4449
740 3.52105e-05 0.00267942 100 12.6582
740 3.62942e-05 0.00316159 200 11.976
740 2.85644e-05 0.00329143 300 10.4167
740 2.56639e-05 0.00477579 400 9.95025
740 2.75351e-05 0.00447284 500 10.2249
740 3.57895e-05 0.00540659 600 10.7335
740 3.39018e-05 0.00510033 700 11.1465
740 3.14206e-05 0.00551804 800 11.4943
750 4.60644e-05 0.00123519 100 12.987
750 3.33858e-05 0.00258188 200 11.976
750 3.03627e-05 0.00264284 300 10.4167
750 2.57509e-05 0.0045418 400 9.92556
750 2.9183e-05 0.00423579 500 10.2669
750 3.3653e-05 0.00500887 600 10.7914
750 3.41378e-05 0.00453198 700 11.1821
750 2.86156e-05 0.00490251 800 11.544
760 3.27549e-05 0.0013828 100 13.1579
760 2.68555e-05 0.00222439 200 11.8343
760 1.93268e-05 0.00267795 300 10.3448
760 2.42611e-05 0.00477991 400 9.90099
760 2.92483e-05 0.0043667 500 10.2881
760 3.38493e-05 0.00511902 600 10.8303
760 3.46752e-05 0.00496823 700 11.2179
760 3.01499e-05 0.00549952 800 11.5774
770 3.78221e-05 0.00149785 100 12.987
770 3.82141e-05 0.00166397 200 11.3636
770 2.38098e-05 0.0025733 300 10.274
770 2.24092e-05 0.00438226 400 9.85222
770 3.3518e-05 0.00437972 500 10.3306
770 3.48234e-05 0.00492683 600 10.8499
770 3.7194e-05 0.00490283 700 11.254
770 3.10988e-05 0.00552879 800 11.611
780 3.75056e-05 0.002374 100 12.6582
780 4.52156e-05 0.00214806 200 10.929
780 2.43598e-05 0.00262681 300 10.1695
780 2.71865e-05 0.00429561 400 9.82801
780 3.68261e-05 0.00476116 500 10.352
780 3.59649e-05 0.00475389 600 10.8696
780 3.53768e-05 0.00484494 700 11.2721
780 3.10448e-05 0.00570863 800 11.6279
790 3.41797e-05 0.00301782 100 12.0482
790 4.24974e-05 0.00329037 200 10.4167
790 1.93952e-05 0.00351991 300 10.0334
790 2.77292e-05 0.00513919 400 9.77995
790 3.60673e-05 0.00573435 500 10.3734
790 3.57339e-05 0.00547112 600 10.8893
790 3.44923e-05 0.00569129 700 11.2903
790 3.06523e-05 0.00653042 800 11.6448
800 5.05083e-05 0.00256066 100 11.7647
800 3.86021e-05 0.00408638 200 9.95025
800 2.10333e-05 0.00490532 300 9.74026
800 2.76754e-05 0.00571667 400 9.7561
800 3.8224e-05 0.00640834 500 10.3734
800 3.86886e-05 0.00574461 600 10.8893
800 3.49408e-05 0.00596852 700 11.3086
800 3.0713e-05 0.00680805 800 11.611
810 2.9701e-05 0.00451537 100 11.3636
810 2.52541e-05 0.00552768 200 9.66184
810 2.58375e-05 0.00651267 300 9.40439
810 3.61298e-05 0.00598496 400 9.73236
810 3.80615e-05 0.00670933 500 10.395
810 3.68022e-05 0.00637383 600 10.8893
810 3.70826e-05 0.00701061 700 11.3086
810 3.15449e-05 0.008133 800 11.5108
820 4.42158e-05 0.00484599 100 11.1111
820 1.61945e-05 0.00541321 200 9.47867
820 2.65455e-05 0.00740891 300 9.20245
820 3.37632e-05 0.00628672 400 9.70874
820 3.84851e-05 0.00712753 500 10.395
820 4.13531e-05 0.00651773 600 10.9091
820 3.52321e-05 0.00698007 700 11.3269
820 3.15389e-05 0.00751947 800 11.2676
830 3.16443e-05 0.00412665 100 10.7527
830 2.37959e-05 0.00452888 200 9.34579
830 2.98789e-05 0.00658249 300 9.11854
830 3.80973e-05 0.00560037 400 9.73236
830 4.18565e-05 0.00654259 500 10.4167
830 4.41196e-05 0.00655277 600 10.9091
830 3.76685e-05 0.00737576 700 11.3452
830 3.13078e-05 0.00746559 800 11.1111
840 5.25896e-05 0.00312148 100 10.2041
840 2.53719e-05 0.00396604 200 9.25926
840 3.42573e-05 0.00620101 300 9.09091
840 3.90629e-05 0.00532303 400 9.7561
840 4.31689e-05 0.00603613 500 10.4384
840 4.4067e-05 0.0063397 600 10.9489
840 3.74482e-05 0.00732806 700 11.3821
840 2.96138e-05 0.00692875 800 11.0345
850 5.07437e-05 0.00408111 100 9.70874
850 3.49557e-05 0.00380713 200 9.21659
850 3.98682e-05 0.00530005 300 9.09091
850 4.86454e-05 0.00513215 400 9.80392
850 4.47207e-05 0.00591092 500 10.5042
850 4.59651e-05 0.00664157 600 11.0092
850 3.87699e-05 0.00791458 700 11.4192
850 2.85048e-05 0.00699047 800 10.9739
860 5.05083e-05 0.00478938 100 9.43396
860 3.71062e-05 0.00355271 200 9.21659
860 4.02649e-05 0.00504216 300 9.11854
860 4.53806e-05 0.00513626 400 9.90099
860 4.47207e-05 0.00542358 500 10.5708
860 4.37351e-05 0.0062087 600 11.0701
860 3.75261e-05 0.00749267 700 11.4943
870 6.00011e-05 0.00492335 100 9.00901
870 4.19327e-05 0.00367288 200 9.17431
870 4.16237e-05 0.00504153 300 9.14634
870 4.1594e-05 0.00530411 400 9.97506
870 4.47207e-05 0.00516558 500 10.6383
870 4.28168e-05 0.00610992 600 11.1317
870 3.71088e-05 0.00741425 700 11.5321
880 6.01994e-05 0.00619806 100 8.62069
880 2.40451e-05 0.00629139 200 9.00901
880 3.48324e-05 0.00685442 300 9.17431
880 3.95557e-05 0.00683026 400 10.0251
880 4.2095e-05 0.00569145 500 10.6838
880 4.05933e-05 0.00603861 600 11.194
880 3.51768e-05 0.00706938 700 11.5702
890 4.65791e-05 0.00757009 100 8.40336
890 3.2755e-05 0.00734487 200 8.73362
890 4.34912e-05 0.00652907 300 9.20245
890 4.59679e-05 0.00698836 400 10.101
890 4.70588e-05 0.00623695 500 10.7296
890 4.3924e-05 0.00713847 600 11.236
890 3.77653e-05 0.00844604 700 11.5702
900 4.52814e-05 0.00808718 100 8.26446
900 3.92149e-05 0.00830561 200 8.51064
900 4.68912e-05 0.00634176 300 9.25926
900 4.48853e-05 0.00694869 400 10.1523
900 4.81408e-05 0.00647293 500 10.7759
900 4.48418e-05 0.00756407 600 11.2782
900 3.70629e-05 0.00884527 700 11.4192
910 3.04932e-05 0.00910882 100 8.13008
910 3.52951e-05 0.00970601 200 8.40336
910 4.70604e-05 0.00677647 300 9.28793
910 4.9766e-05 0.00733 400 10.2041
910 4.92475e-05 0.00686294 500 10.8225
910 4.37123e-05 0.00786947 600 11.3208
910 3.77846e-05 0.00845394 700 11.2179
920 3.04932e-05 0.00936141 100 8.13008
920 4.63869e-05 0.0108361 200 8.40336
920 5.01666e-05 0.00846457 300 9.34579
920 5.16613e-05 0.00928641 400 10.2564
920 5.15469e-05 0.00895829 500 10.8932
920 4.42545e-05 0.0096708 600 11.4068
920 3.7305e-05 0.00963891 700 11.1288
930 3.84473e-05 0.00958431 100 8.26446
930 5.07439e-05 0.0113956 200 8.47458
930 5.28664e-05 0.00917948 300 9.46372
930 5.34338e-05 0.0100432 400 10.3896
930 5.65667e-05 0.00992402 500 10.989
930 4.43815e-05 0.0107087 600 11.4943
930 3.69446e-05 0.0101396 700 11.1288
940 2.71864e-05 0.01144 100 8.40336
940 4.54129e-05 0.0127878 200 8.58369
940 4.86655e-05 0.010817 300 9.61539
940 4.90876e-05 0.0110192 400 10.5263
940 4.94601e-05 0.0101844 500 11.1111
940 4.16881e-05 0.0105724 600 11.6054
940 3.4152e-05 0.00948995 700 11.1465
950 6.87074e-05 0.00793162 100 8.62069
950 6.76588e-05 0.00974355 200 8.73362
950 6.03101e-05 0.00942785 300 9.77199
950 5.91016e-05 0.0108089 400 10.6667
950 5.82366e-05 0.0116496 500 11.236
950 4.91072e-05 0.0127383 600 11.7188
950 3.69775e-05 0.011217 700 11.1465
960 8.56933e-05 0.00711528 100 8.84956
960 7.59202e-05 0.00898522 200 8.84956
960 7.12822e-05 0.00975036 300 9.93377
960 6.37944e-05 0.0114755 400 10.7817
960 5.97643e-05 0.0128952 500 11.3636
960 5.19645e-05 0.0141795 600 11.8343
960 3.77201e-05 0.0121339 700 11.1465
970 9.63045e-05 0.0066753 100 9.00901
970 8.04562e-05 0.00869869 200 8.96861
970 7.01584e-05 0.00972864 300 10.101
970 6.60441e-05 0.0116029 400 10.929
970 5.99158e-05 0.0132827 500 11.4943
970 5.14263e-05 0.0145868 600 11.9522
980 8.47139e-05 0.00722447 100 9.25926
980 7.40924e-05 0.00938324 200 9.17431
980 6.69509e-05 0.010338 300 10.274
980 6.21377e-05 0.0115858 400 11.0803
980 5.7362e-05 0.0128031 500 11.6279
980 4.95168e-05 0.0139554 600 12.0724
990 6.67716e-05 0.00800915 100 9.34579
990 7.06328e-05 0.0102308 200 9.34579
990 6.19782e-05 0.0110253 300 10.453
990 6.14988e-05 0.0116613 400 11.236
990 5.43129e-05 0.0126405 500 11.7925
990 4.79539e-05 0.0137136 600 12.1951
1000 6.83595e-05 0.00896021 100 9.17431
1000 6.77028e-05 0.00997781 200 9.52381
1000 6.69904e-05 0.0111487 300 10.6383
1000 6.31369e-05 0.0114939 400 11.396
1000 5.50889e-05 0.0126005 500 11.9048
1000 4.79055e-05 0.0136903 600 12.2699
1010 6.44088e-05 0.0106048 100 8.92857
1010 6.62342e-05 0.00966236 200 9.66184
1010 6.1204e-05 0.0109398 300 10.7914
1010 6.55913e-05 0.0109208 400 11.5274
1010 5.45058e-05 0.0120616 500 12.0482
1010 4.63382e-05 0.0132975 600 12.2951
1020 5.89993e-05 0.0127276 100 8.69565
1020 6.43166e-05 0.0100171 200 9.7561
1020 5.6359e-05 0.0111063 300 10.9489
1020 5.8097e-05 0.0106113 400 11.6279
1020 5.21539e-05 0.0113761 500 12.1359
1020 4.21149e-05 0.0124509 600 12.1704
1030 6.21482e-05 0.0135664 100 8.62069
1030 6.12792e-05 0.00916832 200 9.90099
1030 5.873e-05 0.0102351 300 11.0701
1030 5.43326e-05 0.00946086 400 11.7302
1030 4.93539e-05 0.0101002 500 12.2249
1030 4.11846e-05 0.0104919 600 11.9522
1040 6.55099e-05 0.0141685 100 8.62069
1040 6.36177e-05 0.00975482 200 10
1040 5.8504e-05 0.0106512 300 11.194
1040 5.91646e-05 0.00988785 400 11.8343
1040 5.03677e-05 0.0104934 500 12.3457
1040 3.97941e-05 0.0104405 600 11.8343
1050 6.60536e-05 0.0150929 100 8.62069
1050 6.12792e-05 0.0100955 200 10.1523
1050 5.85266e-05 0.0107155 300 11.3208
1050 6.15715e-05 0.00982034 400 11.9403
1050 4.67334e-05 0.0103801 500 12.4378
1050 3.79366e-05 0.00966254 600 11.7647
1060 7.02516e-05 0.0143254 100 8.69565
1060 6.5191e-05 0.0110197 200 10.3093
1060 5.76372e-05 0.0111336 300 11.4504
1060 5.88995e-05 0.0101998 400 12.0482
1060 4.71499e-05 0.0105466 500 12.5313
1060 3.74003e-05 0.0091905 600 11.7188
1070 8.0233e-05 0.0141861 100 8.77193
1070 6.54192e-05 0.0125442 200 10.4712
1070 6.0922e-05 0.0119597 300 11.583
1070 5.72573e-05 0.0112066 400 12.1581
1070 4.7703e-05 0.0116313 500 12.6263
1070 3.14558e-05 0.00963282 600 11.6279
1080 7.3729e-05 0.0144716 100 8.84956
1080 6.6772e-05 0.0128787 200 10.6952
1080 6.00459e-05 0.0114299 300 11.7188
1080 5.23206e-05 0.0105264 400 12.3077
1080 4.39896e-05 0.0109892 500 12.7551
1090 6.99114e-05 0.0150913 100 9.00901
1090 7.26299e-05 0.0134993 200 10.8696
1090 5.97141e-05 0.0115179 300 11.9048
1090 5.20207e-05 0.0108071 400 12.4611
1090 4.45497e-05 0.0113013 500 12.8535
1100 7.2424e-05 0.0138136 100 9.34579
1100 6.96556e-05 0.0128195 200 11.1732
1100 6.25314e-05 0.0108968 300 12.0968
1100 5.39473e-05 0.0105273 400 12.6582
1100 4.47527e-05 0.0110894 500 12.987
1110 6.83595e-05 0.0131408 100 9.80392
1110 6.60539e-05 0.0130554 200 11.5607
1110 6.44714e-05 0.011103 300 12.3967
1110 5.33361e-05 0.0108797 400 12.8617
1110 4.36741e-05 0.0115228 500 13.1579
1120 7.1095e-05 0.0109534 100 10.3093
1120 6.95271e-05 0.0119199 200 11.976
1120 6.80498e-05 0.0102589 300 12.6582
1120 5.29294e-05 0.0105087 400 13.1148
1120 4.22308e-05 0.011394 500 13.2626
1130 7.30794e-05 0.00981169 100 10.8696
1130 6.71725e-05 0.0114053 200 12.3457
1130 6.31637e-05 0.00985671 300 12.931
1130 5.14156e-05 0.0101682 400 13.3333
1130 4.2095e-05 0.0110112 500 13.2626
1140 7.27524e-05 0.00754415 100 11.236
1140 5.81345e-05 0.00981318 200 12.6582
1140 5.76832e-05 0.00828806 300 13.1579
1140 4.95259e-05 0.00874312 400 13.5593
1140 4.28918e-05 0.00946708 500 13.0548
1150 6.44088e-05 0.0064178 100 11.6279
1150 6.35708e-05 0.00891275 200 12.9032
1150 5.98028e-05 0.00734669 300 13.3333
1150 4.88442e-05 0.00783352 400 13.6986
1150 3.8099e-05 0.00785281 500 12.8205
1160 6.32886e-05 0.00625826 100 11.9048
1160 5.82881e-05 0.00830797 200 13.1579
1160 5.67338e-05 0.00650393 300 13.5135
1160 4.57567e-05 0.00681056 400 13.8408
1160 3.50752e-05 0.00649405 500 12.6904
1170 5.56727e-05 0.00694654 100 12.3457
1170 5.64174e-05 0.00834275 200 13.3333
1170 5.30415e-05 0.00620999 300 13.6986
1170 4.20749e-05 0.00646745 400 13.986
1170 3.15691e-05 0.00555803 500 12.5945
1180 8.11196e-05 0.0101597 100 12.6582
1180 5.68384e-05 0.00874458 200 13.6054
1180 5.04299e-05 0.0063643 300 13.8249
1180 3.9082e-05 0.00638149 400 14.0845
1180 3.20042e-05 0.00505161 500 12.4688
1190 8.0233e-05 0.0125454 100 13.1579
1190 6.5692e-05 0.0089296 200 13.7931
1190 5.07963e-05 0.00674171 300 14.0187
1190 3.89483e-05 0.00686984 400 14.2349
1200 9.46816e-05 0.0134348 100 13.5135
1200 6.12792e-05 0.0091348 200 13.986
1200 4.71728e-05 0.00746305 300 14.1509
1200 3.69455e-05 0.007746 400 14.2857
1210 8.48545e-05 0.0147177 100 13.6986
1210 6.64139e-05 0.00964944 200 14.0845
1210 4.66079e-05 0.00823436 300 14.2857
1210 3.75655e-05 0.00871441 400 14.2857
1220 6.11816e-05 0.0145301 100 13.8889
1220 4.15758e-05 0.00879778 200 14.1844
1220 4.2754e-05 0.00708802 300 14.3541
1220 3.36084e-05 0.00778282 400 13.986
1230 7.00817e-05 0.0145247 100 14.0845
1230 6.01502e-05 0.00828398 200 14.2857
1230 4.20353e-05 0.00704887 300 14.4231
1230 3.54848e-05 0.00713026 400 13.3333
1240 6.78343e-05 0.0141883 100 14.2857
1240 5.98024e-05 0.0083392 200 14.2857
1240 4.29394e-05 0.00736913 300 14.4928
1240 3.16915e-05 0.00692164 400 12.8617
1250 5.98021e-05 0.0122957 100 14.2857
1250 5.40431e-05 0.00697351 200 14.3885
1250 4.06578e-05 0.00664557 300 14.4928
1250 3.37191e-05 0.00531733 400 12.5786
1260 5.839e-05 0.00791468 100 14.2857
1260 5.57799e-05 0.00481007 200 14.3885
1260 4.17508e-05 0.00504108 300 14.5631
1260 2.95503e-05 0.00376231 400 12.2324
1270 6.73051e-05 0.00554535 100 14.2857
1270 5.83903e-05 0.00475601 200 14.3885
1270 4.4066e-05 0.00523822 300 14.4928
1280 6.36642e-05 0.00437693 100 14.0845
1280 5.86957e-05 0.00412844 200 14.3885
1280 4.25054e-05 0.00480948 300 14.4231
1290 4.68343e-05 0.00358121 100 14.0845
1290 5.29287e-05 0.00381455 200 14.3885
1290 3.77873e-05 0.00482378 300 13.9535
1300 6.80098e-05 0.00244155 100 14.0845
1300 5.59932e-05 0.00323728 200 14.3885
1300 4.60072e-05 0.00373141 300 12.931
1310 6.90535e-05 0.00297825 100 14.0845
1310 5.17903e-05 0.00323134 200 14.4928
1310 4.33692e-05 0.00343871 300 12.3457
1320 6.85337e-05 0.00304059 100 14.0845
1320 4.75919e-05 0.00347096 200 14.4928
1320 4.96357e-05 0.002674 300 12
1330 5.67332e-05 0.00349037 100 14.0845
1330 4.16474e-05 0.00388713 200 14.4928
1330 3.76116e-05 0.00272581 300 11.5385
1340 5.56727e-05 0.00385607 100 14.0845
1340 3.66212e-05 0.00565129 200 14.4928
1350 6.1956e-05 0.00403557 100 14.2857
1350 3.78222e-05 0.00632875 200 14.2857
1360 6.13761e-05 0.00230661 100 14.2857
1360 3.91388e-05 0.00465679 200 13.6054
1370 4.47518e-05 0.00404314 100 14.4928
1370 4.02648e-05 0.00579767 200 12.2699
1380 5.12114e-05 0.00618572 100 14.4928
1380 3.93666e-05 0.00576076 200 11.4943
1390 4.73407e-05 0.00852134 100 14.4928
1390 6.11331e-05 0.00519807 200 11.0497
1400 3.62119e-05 0.00918435 100 14.4928
1410 5.3041e-05 0.0116731 100 14.4928
1420 2.62948e-05 0.012444 100 13.8889
1430 4.31239e-05 0.0116295 100 12.1951
1440 5.19051e-05 0.0112785 100 10.101
1450 5.3041e-05 0.00652867 100 9.25926
1460 0.000120498 0.00389378 100 8.54701
