0 5.81855e-05 0.00312634 100 12.1951
0 7.72048e-05 0.00235009 200 15.3846
0 7.41424e-05 0.00631731 300 17.5439
0 8.46121e-05 0.0109517 400 19.1388
0 9.06441e-05 0.0166219 500 20.3252
0 8.97913e-05 0.0214864 600 21.1268
0 8.81699e-05 0.0256421 700 21.8069
0 7.96801e-05 0.029268 800 22.2841
10 5.77743e-05 0.00325289 100 12.987
10 7.20118e-05 0.00338745 200 16.129
10 7.98541e-05 0.00721062 300 18.1818
10 8.6079e-05 0.0119045 400 19.7044
10 9.71959e-05 0.0175939 500 20.8333
10 9.04567e-05 0.0223124 600 21.5827
10 8.8065e-05 0.0264179 700 22.2222
10 7.92791e-05 0.0299338 800 22.6629
20 6.1956e-05 0.00422989 100 13.8889
20 7.26709e-05 0.00314451 200 16.9492
20 8.1772e-05 0.00659996 300 18.8679
20 8.53749e-05 0.011325 400 20.3046
20 9.40278e-05 0.0169876 500 21.3675
20 9.05738e-05 0.021503 600 22.1402
20 8.78435e-05 0.0258029 700 22.6537
20 7.81949e-05 0.0290674 800 23.1214
30 8.91033e-05 0.00256997 100 14.9254
30 8.52407e-05 0.00486334 200 17.8571
30 8.77423e-05 0.00927742 300 19.6078
30 8.86717e-05 0.0144421 400 21.0526
30 0.000100478 0.0197853 500 22.0264
30 9.63382e-05 0.0244726 600 22.6415
30 8.65088e-05 0.0285 700 23.1788
30 7.93449e-05 0.0319015 800 23.5294
40 9.46816e-05 0.0030914 100 16.129
40 9.59956e-05 0.00659968 200 18.8679
40 9.88194e-05 0.0110753 300 20.4082
40 9.90265e-05 0.0167431 400 21.7391
40 0.000101822 0.0217478 500 22.6244
40 9.8171e-05 0.026284 600 23.166
40 8.77493e-05 0.0301934 700 23.6486
40 7.91827e-05 0.0333507 800 23.9521
50 0.000111986 0.00323505 100 17.2414
50 0.000102308 0.00711451 200 19.802
50 0.000101895 0.011625 300 21.2766
50 0.000101956 0.0173437 400 22.4719
50 9.8017e-05 0.0225579 500 23.1481
50 9.6839e-05 0.0268595 600 23.7154
50 8.76605e-05 0.030936 700 24.055
50 7.85398e-05 0.0338645 800 24.3161
60 0.000119505 0.00356698 100 18.5185
60 9.95919e-05 0.00774885 200 20.6186
60 0.000105548 0.0123401 300 21.8978
60 0.000103573 0.0182633 400 22.9885
60 9.86186e-05 0.0228601 500 23.6967
60 0.000101829 0.0274893 600 24.0964
60 8.63651e-05 0.0310464 700 24.4755
60 7.7238e-05 0.0337531 800 24.6914
70 0.000103696 0.00155477 100 19.2308
70 8.63178e-05 0.00575118 200 21.2766
70 0.000100177 0.0104768 300 22.5564
70 9.91017e-05 0.0163991 400 23.5294
70 9.7348e-05 0.0209923 500 24.1546
70 9.56063e-05 0.0255136 600 24.4898
70 8.1752e-05 0.0290045 700 24.8227
70 7.53991e-05 0.0316817 800 25
80 7.30794e-05 0.000445689 100 20.4082
80 7.77434e-05 0.00433014 200 21.978
80 9.05801e-05 0.00899605 300 23.2558
80 9.66037e-05 0.015177 400 24.0964
80 9.4352e-05 0.0199281 500 24.5098
80 9.17007e-05 0.0238717 600 24.8963
80 8.16298e-05 0.0272606 700 25.0896
80 7.53076e-05 0.0296485 800 25.3165
90 8.08251e-05 0.00221924 100 21.2766
90 9.9831e-05 0.00635656 200 22.4719
90 9.78224e-05 0.011052 300 23.8095
90 0.000107131 0.0171525 400 24.5399
90 9.92455e-05 0.0217068 500 24.8756
90 9.33976e-05 0.0255215 600 25.2101
90 8.17668e-05 0.0286279 700 25.3623
90 7.56188e-05 0.0310808 800 25.4777
100 0.000109728 0.00304018 100 21.7391
100 0.000102831 0.0073407 200 23.2558
100 0.00010244 0.0135405 300 24.3902
100 0.000106524 0.0187729 400 24.8447
100 9.75633e-05 0.0228451 500 25.2525
100 8.84419e-05 0.0267265 600 25.4237
100 7.90083e-05 0.0295947 700 25.5474
100 7.72091e-05 0.0318465 800 25.7235
110 6.80098e-05 0.00138532 100 22.2222
110 9.56846e-05 0.0054474 200 23.8095
110 0.000101517 0.0124288 300 24.7934
110 9.40868e-05 0.016979 400 25.1572
110 9.52426e-05 0.0210472 500 25.5102
110 8.12416e-05 0.0246497 600 25.641
110 7.38228e-05 0.0270368 700 25.8303
110 7.51664e-05 0.02964 800 25.89
120 6.07906e-05 0.00125299 100 22.7273
120 9.63984e-05 0.00511709 200 24.0964
120 0.000101269 0.0121663 300 25.2101
120 9.52363e-05 0.0162861 400 25.4777
120 9.43924e-05 0.0203401 500 25.7732
120 7.89714e-05 0.0235516 600 25.8621
120 7.35122e-05 0.0260463 700 25.9259
120 7.43762e-05 0.0288624 800 25.974
130 9.00349e-05 0.00141938 100 23.2558
130 9.31915e-05 0.0052312 200 24.6914
130 0.000110694 0.0129261 300 25.4237
130 9.71115e-05 0.0169476 400 25.641
130 9.28948e-05 0.0204817 500 25.9067
130 8.01869e-05 0.0233603 600 25.974
130 7.5833e-05 0.0256202 700 26.1194
130 7.32272e-05 0.0284367 800 26.1438
140 0.000104725 0.00259022 100 23.8095
140 9.4051e-05 0.00917509 200 25
140 0.000112675 0.0150793 300 25.641
140 0.000103343 0.0186853 400 25.974
140 8.82984e-05 0.0219757 500 26.0417
140 7.95523e-05 0.0247551 600 26.087
140 7.61533e-05 0.0270163 700 26.2172
140 7.6681e-05 0.0297414 800 26.2295
150 0.000117797 0.00251444 100 23.8095
150 0.00010407 0.0107418 200 25.641
150 9.73064e-05 0.0150128 300 25.8621
150 9.61629e-05 0.0183265 400 26.1438
150 8.5432e-05 0.0215 500 26.178
150 7.67721e-05 0.0240488 600 26.2009
150 7.6297e-05 0.0265432 700 26.3158
150 7.66762e-05 0.0296141 800 26.3158
160 0.000120102 0.00304421 100 25
160 0.000119432 0.0134567 200 25.974
160 0.000100797 0.0161953 300 26.087
160 9.9492e-05 0.0194047 400 26.3158
160 8.27202e-05 0.0220983 500 26.3158
160 7.66512e-05 0.0242728 600 26.3158
160 7.53015e-05 0.0266484 700 26.4151
160 7.75872e-05 0.0297644 800 26.4026
170 0.00011729 0.00370894 100 25.641
170 0.000115783 0.0143249 200 26.3158
170 0.000105586 0.0168711 300 26.3158
170 9.66499e-05 0.019282 400 26.3158
170 8.43871e-05 0.0214448 500 26.455
170 7.64955e-05 0.0235782 600 26.4317
170 7.64913e-05 0.0262354 700 26.4151
170 7.57764e-05 0.0293962 800 26.4901
180 8.70733e-05 0.00619146 100 25.641
180 0.000112148 0.0148359 200 26.3158
180 9.15547e-05 0.0152364 300 26.5487
180 8.81491e-05 0.0168176 400 26.4901
180 7.67006e-05 0.0188817 500 26.455
180 7.42095e-05 0.021235 600 26.5487
180 7.42239e-05 0.0241792 700 26.5152
180 7.90696e-05 0.0284602 800 26.4901
190 0.000103465 0.0162067 100 26.3158
190 9.39242e-05 0.0152992 200 26.3158
190 9.34593e-05 0.015672 300 26.5487
190 8.17634e-05 0.0169439 400 26.4901
190 7.41523e-05 0.0189204 500 26.455
190 7.44546e-05 0.0214803 600 26.5487
190 7.48477e-05 0.024657 700 26.5152
190 8.78684e-05 0.033622 800 26.4901
200 0.000118805 0.0199454 100 26.3158
200 9.47456e-05 0.0156661 200 26.3158
200 9.44463e-05 0.01578 300 26.5487
200 7.96957e-05 0.0168032 400 26.4901
200 7.44412e-05 0.01877 500 26.455
200 7.57994e-05 0.0218654 600 26.4317
200 7.55307e-05 0.0251996 700 26.5152
200 9.48672e-05 0.0410401 800 26.4026
210 0.000141519 0.0220202 100 25.641
210 0.000101401 0.0168456 200 26.3158
210 9.65136e-05 0.015492 300 26.3158
210 7.78607e-05 0.0159446 400 26.4901
210 7.44796e-05 0.0180873 500 26.455
210 7.43032e-05 0.0211463 600 26.4317
210 7.41485e-05 0.0249013 700 26.4151
210 9.57299e-05 0.0517001 800 26.4026
220 0.00014526 0.0126662 100 25.641
220 0.00010484 0.0124741 200 26.3158
220 9.16559e-05 0.0134824 300 26.3158
220 7.63433e-05 0.0154418 400 26.3158
220 7.62891e-05 0.0180832 500 26.455
220 7.58562e-05 0.0212297 600 26.4317
220 8.58081e-05 0.0273405 700 26.4151
220 9.82976e-05 0.0591648 800 26.3158
230 7.85816e-05 0.0105066 100 25.641
230 8.87354e-05 0.0107059 200 26.3158
230 7.49421e-05 0.0107552 300 26.3158
230 7.47353e-05 0.0136006 400 26.3158
230 7.32984e-05 0.017161 500 26.455
230 7.56507e-05 0.0209175 600 26.4317
230 8.90737e-05 0.0335131 700 26.4151
230 9.89555e-05 0.0593417 800 26.3158
240 6.55099e-05 0.00965153 100 25.641
240 8.1157e-05 0.0087361 200 25.974
240 7.01017e-05 0.00953028 300 26.3158
240 7.37214e-05 0.0127061 400 26.3158
240 7.29134e-05 0.01697 500 26.3158
240 7.37843e-05 0.0208078 600 26.4317
240 9.56426e-05 0.042362 700 26.3158
240 9.5535e-05 0.0591935 800 26.2295
250 8.28643e-05 0.010482 100 25.641
250 8.42914e-05 0.00813306 200 25.974
250 7.15419e-05 0.00981698 300 26.3158
250 7.48748e-05 0.0138186 400 26.3158
250 7.39462e-05 0.0179651 500 26.3158
250 7.70133e-05 0.0222969 600 26.3158
250 9.90097e-05 0.0598887 700 26.3158
250 9.54452e-05 0.0594088 800 26.2295
260 8.27203e-05 0.00880662 100 25.641
260 7.23009e-05 0.00668972 200 25.974
260 7.56108e-05 0.0100949 300 26.3158
260 7.30717e-05 0.0148857 400 26.3158
260 7.50347e-05 0.0186506 500 26.3158
260 8.63724e-05 0.0275612 600 26.3158
260 9.91375e-05 0.0630437 700 26.3158
260 9.40322e-05 0.0594469 800 26.1438
270 0.000119605 0.00945378 100 25.641
270 7.25067e-05 0.00646593 200 25.974
270 7.95882e-05 0.0100288 300 26.3158
270 7.31328e-05 0.0146393 400 26.3158
270 7.49965e-05 0.0185803 500 26.3158
270 9.4659e-05 0.0358216 600 26.3158
270 0.000101341 0.0631201 700 26.2172
270 9.49379e-05 0.0595626 800 26.1438
280 6.99114e-05 0.0061695 100 25.641
280 7.89606e-05 0.00829552 200 25.974
280 8.26742e-05 0.0130111 300 26.3158
280 7.94147e-05 0.017671 400 26.3158
280 7.71347e-05 0.0214285 500 26.3158
280 0.000103414 0.048132 600 26.3158
280 9.79292e-05 0.0636953 700 26.2172
280 9.43014e-05 0.0603801 800 26.0586
290 7.75124e-05 0.00475012 100 25.641
290 7.85063e-05 0.0092114 200 25.974
290 8.34715e-05 0.0143264 300 26.3158
290 7.54893e-05 0.0186876 400 26.3158
290 8.20951e-05 0.0226655 500 26.3158
290 0.000106744 0.0701068 600 26.2009
290 9.79292e-05 0.063834 700 26.1194
290 9.54432e-05 0.0610072 800 26.0586
300 8.28643e-05 0.00453637 100 25.641
300 9.78407e-05 0.0102862 200 25.974
300 8.2994e-05 0.0154822 300 26.3158
300 7.99012e-05 0.0191929 400 26.3158
300 9.50973e-05 0.0306848 500 26.3158
300 0.000104136 0.0703563 600 26.2009
300 9.80062e-05 0.0641044 700 26.1194
300 9.65117e-05 0.0613847 800 26.0586
310 0.000107533 0.00714159 100 25.641
310 0.000106252 0.0130662 200 25.974
310 8.97279e-05 0.0178591 300 26.087
310 7.80327e-05 0.0210369 400 26.3158
310 0.000105064 0.0442255 500 26.178
310 0.000104165 0.0710913 600 26.2009
310 9.82965e-05 0.0648252 700 26.0223
310 9.59459e-05 0.0618442 800 26.0586
320 9.75345e-05 0.0114016 100 25.641
320 9.61197e-05 0.0166505 200 25.974
320 8.73337e-05 0.0207365 300 26.087
320 8.33521e-05 0.0234613 400 26.3158
320 0.000111548 0.060759 500 26.178
320 0.000103257 0.0714152 600 26.087
320 9.87487e-05 0.065622 700 26.0223
320 9.64092e-05 0.062893 800 26.0586
330 0.0001203 0.0127854 100 25.641
330 9.79625e-05 0.0182889 200 25.974
330 8.55561e-05 0.0209788 300 26.087
330 8.86465e-05 0.0261739 400 26.1438
330 0.000114244 0.0817623 500 26.178
330 0.000102588 0.0714948 600 26.087
330 9.78048e-05 0.0659826 700 26.0223
330 9.74594e-05 0.0631531 800 26.0586
340 0.000103003 0.0103672 100 25.641
340 8.71083e-05 0.0147804 200 25.974
340 7.87516e-05 0.0172392 300 26.087
340 0.000100253 0.0372581 400 26.1438
340 0.000111377 0.081084 500 26.178
340 0.000102167 0.0704352 600 25.974
340 9.85389e-05 0.0648674 700 26.0223
340 9.80488e-05 0.0620957 800 26.0586
350 0.000102656 0.0112547 100 25.641
350 7.73591e-05 0.0143331 200 25.974
350 7.47297e-05 0.0167615 300 26.087
350 0.000114905 0.0533764 400 26.1438
350 0.000112128 0.0810721 500 26.0417
350 0.000102134 0.0703972 600 25.974
350 9.97008e-05 0.064972 700 25.9259
350 9.81248e-05 0.0619707 800 26.1438
360 8.74831e-05 0.0147409 100 25.641
360 8.08995e-05 0.0162752 200 25.974
360 7.76165e-05 0.01856 300 26.087
360 0.00011857 0.0797387 400 26.1438
360 0.000110128 0.0807855 500 26.0417
360 0.000102607 0.0709124 600 25.8621
360 0.000100431 0.0653785 700 26.0223
360 9.86271e-05 0.0625511 800 26.1438
370 7.79725e-05 0.0137266 100 25.641
370 7.46534e-05 0.0131242 200 25.974
370 9.79848e-05 0.0254158 300 26.087
370 0.000120014 0.0974632 400 25.974
370 0.000109336 0.0801971 500 25.9067
370 0.000105893 0.0708562 600 25.8621
370 0.000103504 0.0653974 700 26.0223
370 0.000100405 0.0628412 800 26.1438
380 8.65239e-05 0.011534 100 25.641
380 8.3866e-05 0.0111647 200 25.974
380 0.000109139 0.0481652 300 26.087
380 0.000130676 0.0978597 400 25.974
380 0.000110547 0.0802542 500 25.9067
380 0.000105937 0.0709591 600 25.8621
380 0.00010524 0.0657062 700 26.0223
380 0.000100915 0.0637057 800 26.1438
390 6.95695e-05 0.0110545 100 25.641
390 7.77817e-05 0.0127383 200 25.974
390 0.000126773 0.0709723 300 26.087
390 0.000124201 0.0970972 400 25.974
390 0.000109754 0.0800784 500 25.7732
390 0.000106433 0.0707868 600 25.8621
390 0.000104959 0.0657074 700 26.0223
390 9.8782e-05 0.0636631 800 26.1438
400 7.73585e-05 0.00856878 100 25.641
400 7.95622e-05 0.0122351 200 25.974
400 0.000131079 0.117909 300 25.8621
400 0.000121065 0.0959593 400 25.8065
400 0.000112064 0.0796844 500 25.7732
400 0.000108141 0.0705884 600 25.8621
400 0.000106042 0.0655655 700 26.1194
400 9.97139e-05 0.0638064 800 26.2295
410 8.0233e-05 0.0112582 100 25.641
410 0.000108994 0.0377007 200 25.974
410 0.00013558 0.125914 300 25.8621
410 0.000119278 0.0958319 400 25.8065
410 0.000112773 0.0804062 500 25.7732
410 0.000107816 0.0712493 600 25.974
410 0.000104592 0.0664507 700 26.1194
410 9.81799e-05 0.0646309 800 26.2295
420 9.02993e-05 0.0115146 100 25.641
420 0.000139229 0.0756184 200 25.641
420 0.000142721 0.125621 300 25.8621
420 0.000120076 0.0963004 400 25.641
420 0.000113124 0.0806096 500 25.7732
420 0.000111292 0.0717647 600 25.974
420 0.000105126 0.0674541 700 26.1194
420 0.0001004 0.0659133 800 26.1438
430 8.97697e-05 0.0137097 100 25.641
430 0.000160417 0.115048 200 25.641
430 0.000142573 0.126001 300 25.641
430 0.000119802 0.0966141 400 25.641
430 0.000116387 0.0809655 500 25.7732
430 0.000111708 0.0722437 600 25.974
430 0.000103556 0.0678203 700 26.1194
430 0.000101625 0.0661249 800 26.1438
440 9.06945e-05 0.0178149 100 25.641
440 0.000165898 0.185967 200 25.641
440 0.000137415 0.12554 300 25.641
440 0.000122143 0.0966693 400 25.641
440 0.000115511 0.0813178 500 25.7732
440 0.000109272 0.0722456 600 26.087
440 0.000101868 0.0681613 700 26.1194
440 0.000100528 0.0659218 800 26.1438
450 0.000169851 0.0906855 100 25
450 0.000166131 0.186313 200 25.641
450 0.000132506 0.124955 300 25.641
450 0.000121427 0.0971324 400 25.641
450 0.000115317 0.0815547 500 25.7732
450 0.000107948 0.0726707 600 26.087
450 0.000101818 0.0687944 700 26.1194
450 9.82008e-05 0.0665482 800 26.0586
460 0.000204791 0.156486 100 25
460 0.000170942 0.183962 200 25.3165
460 0.000130054 0.123504 300 25.4237
460 0.000120898 0.0955198 400 25.641
460 0.00011589 0.080505 500 25.9067
460 0.000106299 0.0722585 600 26.087
460 0.000102138 0.0684499 700 26.1194
460 9.7986e-05 0.0665603 800 25.974
470 0.00025146 0.236048 100 25
470 0.000168995 0.18195 200 25.3165
470 0.000134363 0.123035 300 25.4237
470 0.000123152 0.0956906 400 25.641
470 0.000116215 0.0807637 500 25.9067
470 0.000105241 0.0726949 600 26.087
470 0.000102637 0.0685361 700 26.1194
470 9.81799e-05 0.0673366 800 25.89
480 0.000212055 0.348644 100 25
480 0.000155779 0.175463 200 25.3165
480 0.000126354 0.119256 300 25.4237
480 0.0001202 0.0925634 400 25.641
480 0.000111621 0.0779212 500 26.0417
480 0.000103568 0.0705202 600 26.087
480 9.76952e-05 0.0660102 700 26.1194
480 9.29192e-05 0.0651372 800 25.8065
490 0.000171388 0.272951 100 25
490 0.000118203 0.136417 200 25.3165
490 0.00010903 0.0933724 300 25.4237
490 0.00010496 0.0726361 400 25.8065
490 0.00010044 0.0618405 500 26.0417
490 9.1538e-05 0.0568988 600 26.2009
490 8.94283e-05 0.0544544 700 26.0223
490 8.34731e-05 0.0540415 800 25.7235
500 0.000179342 0.203286 100 25
500 0.000105971 0.100643 200 25
500 0.000103967 0.0689873 300 25.4237
500 0.000101985 0.0544918 400 25.8065
500 9.17841e-05 0.0480684 500 26.0417
500 8.86663e-05 0.0456077 600 26.2009
500 8.68402e-05 0.0451062 700 25.9259
500 8.1553e-05 0.0459229 800 25.5591
510 0.000166877 0.111876 100 25
510 9.94121e-05 0.056948 200 25
510 0.000100402 0.0405286 300 25.4237
510 9.79672e-05 0.0335965 400 25.974
510 8.70361e-05 0.0320799 500 26.178
510 8.9736e-05 0.0328239 600 26.087
510 8.17341e-05 0.0351956 700 25.8303
510 8.21882e-05 0.0377376 800 25.3968
520 0.000136108 0.00212439 100 24.3902
520 9.71069e-05 0.00568248 200 25
520 9.83895e-05 0.00923179 300 25.641
520 9.42293e-05 0.0133954 400 25.974
520 8.04163e-05 0.0174465 500 26.178
520 8.11396e-05 0.0217479 600 26.087
520 7.65486e-05 0.0258169 700 25.7353
520 8.38386e-05 0.0323691 800 25.2366
530 8.09725e-05 0.0107504 100 24.3902
530 7.20531e-05 0.012681 200 25
530 7.8617e-05 0.0133887 300 25.641
530 8.00689e-05 0.0146838 400 25.974
530 7.47098e-05 0.0176373 500 26.178
530 7.25483e-05 0.0205071 600 26.087
530 7.08072e-05 0.0242779 700 25.641
530 9.40302e-05 0.0540747 800 25.0784
540 7.76661e-05 0.0131838 100 24.3902
540 7.15967e-05 0.0124517 200 25.3165
540 7.7872e-05 0.0124836 300 25.8621
540 7.39435e-05 0.0140576 400 26.1438
540 7.37977e-05 0.0171434 500 26.178
540 7.35775e-05 0.0201994 600 25.974
540 7.29906e-05 0.0240858 700 25.4545
540 0.000132888 0.128463 800 24.8447
550 8.03815e-05 0.0148086 100 24.3902
550 8.07889e-05 0.0134796 200 25.3165
550 8.42927e-05 0.0133081 300 26.087
550 7.53609e-05 0.0153435 400 26.3158
550 7.86835e-05 0.0183509 500 26.178
550 7.46279e-05 0.0219203 600 25.8621
550 7.73929e-05 0.0258229 700 25.3623
550 0.000173965 0.25795 800 24.4648
560 8.40073e-05 0.0129716 100 24.3902
560 9.00027e-05 0.0118928 200 25.641
560 8.95949e-05 0.012711 300 26.087
560 7.95273e-05 0.0155646 400 26.3158
560 7.84832e-05 0.0190279 500 26.178
560 7.42408e-05 0.0228867 600 25.7511
560 8.45938e-05 0.0318122 700 25.1799
560 0.000200801 0.370634 800 24.024
570 8.91033e-05 0.0101622 100 25
570 9.69226e-05 0.0094743 200 25.974
570 9.28621e-05 0.0111991 300 26.3158
570 7.84138e-05 0.0151542 400 26.3158
570 7.93355e-05 0.018434 500 26.178
570 7.30896e-05 0.0225636 600 25.641
570 0.000103193 0.0640762 700 25
570 0.000204271 0.370998 800 23.5988
580 9.22583e-05 0.00876672 100 25
580 9.76578e-05 0.00845489 200 25.974
580 8.09416e-05 0.0113949 300 26.3158
580 8.12514e-05 0.0150894 400 26.4901
580 7.92814e-05 0.0188376 500 26.0417
580 7.67203e-05 0.0227068 600 25.5319
580 0.000150117 0.155669 700 24.735
580 0.000206092 0.368456 800 23.0548
590 9.98298e-05 0.00863513 100 25.641
590 9.64911e-05 0.00813407 200 26.3158
590 7.92045e-05 0.0108355 300 26.5487
590 8.50162e-05 0.0143814 400 26.3158
590 7.52948e-05 0.0183223 500 26.0417
590 7.88412e-05 0.0226061 600 25.3165
590 0.000191561 0.304044 700 24.3056
590 0.00020814 0.365309 800 22.6629
600 0.00010381 0.0102639 100 25.641
600 9.39242e-05 0.00923647 200 26.3158
600 7.57158e-05 0.0121823 300 26.5487
600 8.24712e-05 0.0152272 400 26.3158
600 7.32398e-05 0.0193579 500 25.7732
600 8.6984e-05 0.0316973 600 25.1046
600 0.000218818 0.422546 700 23.8095
600 0.000209409 0.361984 800 22.2222
610 0.000111346 0.00775157 100 25.641
610 8.76881e-05 0.00794627 200 26.6667
610 8.01025e-05 0.011836 300 26.5487
610 7.81472e-05 0.0146865 400 26.1438
610 6.84951e-05 0.018476 500 25.641
610 0.000112609 0.0836099 600 24.7934
610 0.000221069 0.421545 700 23.1788
610 0.000205322 0.358917 800 21.7984
620 8.72101e-05 0.00893028 100 26.3158
620 7.07171e-05 0.00912694 200 26.6667
620 7.68446e-05 0.0122788 300 26.5487
620 7.23234e-05 0.0153351 400 25.974
620 7.29723e-05 0.0192222 500 25.3807
620 0.000163311 0.21684 600 24.3902
620 0.000224282 0.418888 700 22.6537
620 0.000201628 0.357164 800 21.5054
630 9.59324e-05 0.00898782 100 26.3158
630 7.33242e-05 0.0101949 200 26.6667
630 7.57858e-05 0.0116552 300 26.3158
630 7.0328e-05 0.0155222 400 25.8065
630 7.92031e-05 0.0201299 500 25
630 0.000214154 0.393202 600 23.9044
630 0.000223682 0.415081 700 22.082
630 0.000200529 0.354904 800 21.164
640 8.82969e-05 0.0084061 100 26.3158
640 7.17215e-05 0.0112028 200 26.6667
640 7.80929e-05 0.0128018 300 26.087
640 6.89368e-05 0.0168598 400 25.4777
640 9.18153e-05 0.0403037 500 24.7525
640 0.000241014 0.491205 600 23.166
640 0.000223621 0.411601 700 21.5385
640 0.000201217 0.35284 800 20.7254
650 7.17626e-05 0.0119176 100 26.3158
650 7.25889e-05 0.0139006 200 26.3158
650 6.938e-05 0.0147995 300 25.8621
650 7.32651e-05 0.0177898 400 25.1572
650 0.000136214 0.129841 500 24.2718
650 0.000241785 0.489257 600 22.4719
650 0.000218206 0.409284 700 21.0843
650 0.000200952 0.353193 800 20.3046
660 7.75124e-05 0.0103821 100 26.3158
660 6.84906e-05 0.0119421 200 25.974
660 6.83799e-05 0.014391 300 25.641
660 7.16921e-05 0.0183891 400 24.8447
660 0.000201072 0.311066 500 23.8095
660 0.000244346 0.485699 600 21.8182
660 0.000216773 0.40695 700 20.7715
660 0.000195523 0.354845 800 19.8511
670 7.81252e-05 0.0144451 100 25.641
670 7.05906e-05 0.0130434 200 25.974
670 7.00261e-05 0.0166634 300 25.2101
670 8.22088e-05 0.0230758 400 24.3902
670 0.000252741 0.557271 500 23.0415
670 0.000245978 0.481896 600 21.2014
670 0.00021597 0.404736 700 20.3488
670 0.000191529 0.358043 800 19.4175
680 7.40517e-05 0.0143238 100 25.641
680 7.29983e-05 0.0120807 200 25.641
680 7.14122e-05 0.0153698 300 24.7934
680 0.000104319 0.0707809 400 23.9521
680 0.000275261 0.586977 500 22.2222
680 0.000247013 0.477834 600 20.6897
680 0.000219376 0.402238 700 19.8864
680 0.000188632 0.360608 800 19.0931
690 8.22868e-05 0.0124375 100 25.641
690 7.50913e-05 0.0116849 200 25.3165
690 7.34062e-05 0.0155074 300 24.3902
690 0.000176925 0.210393 400 23.5294
690 0.000282485 0.583663 500 21.4592
690 0.000247468 0.474409 600 20.202
690 0.000227421 0.402291 700 19.4444
700 0.000105857 0.0089573 100 25
700 7.1846e-05 0.0132037 200 24.6914
700 7.97711e-05 0.0173766 300 24
700 0.000267462 0.469102 400 22.8571
700 0.000287643 0.579219 500 20.8333
700 0.000245125 0.472137 600 19.8675
700 0.000217333 0.405169 700 18.9702
710 9.08259e-05 0.011795 100 25
710 7.13047e-05 0.0134628 200 24.3902
710 9.13374e-05 0.0340823 300 23.622
710 0.000326619 0.727378 400 21.978
710 0.000291257 0.57359 500 20.1613
710 0.000249749 0.468127 600 19.4175
710 0.000216118 0.40791 700 18.5676
720 7.1095e-05 0.00776029 100 24.3902
720 7.10954e-05 0.0139212 200 23.8095
720 0.000134855 0.128032 300 23.0769
720 0.000327268 0.729397 400 21.164
720 0.000280897 0.569676 500 19.6078
720 0.00024914 0.467206 600 18.9873
730 7.22592e-05 0.0105446 100 23.8095
730 7.76283e-05 0.0154435 200 23.5294
730 0.000243924 0.347331 300 22.5564
730 0.000331776 0.725195 400 20.3046
730 0.000279796 0.566956 500 19.2308
730 0.000251922 0.468701 600 18.5185
740 8.31515e-05 0.0170522 100 23.8095
740 8.79934e-05 0.0214706 200 22.9885
740 0.000348866 0.695723 300 21.7391
740 0.000334611 0.721241 400 19.7044
740 0.000276484 0.565579 500 18.8679
740 0.000241859 0.473188 600 18.0723
750 9.95906e-05 0.0162522 100 23.2558
750 0.000112387 0.0570756 200 22.4719
750 0.000408717 0.970567 300 20.8333
750 0.000344272 0.714005 400 19.0476
750 0.000282195 0.560943 500 18.5185
750 0.00023473 0.475149 600 17.7515
760 0.000105406 0.0195982 100 22.7273
760 0.000178916 0.20825 200 21.978
760 0.000416983 0.969574 300 20
760 0.000333772 0.710766 400 18.6047
760 0.000283879 0.560258 500 18.0505
770 9.9351e-05 0.0201736 100 22.2222
770 0.000330084 0.515717 200 21.5054
770 0.000422032 0.96388 300 19.2308
770 0.000332251 0.706708 400 18.1818
770 0.000288878 0.561178 500 17.6056
780 0.000103119 0.0218576 100 21.7391
780 0.000477075 0.960165 200 20.8333
780 0.000433149 0.955987 300 18.5185
780 0.000333842 0.702059 400 17.8571
780 0.00027967 0.563527 500 17.2414
790 0.000129372 0.0723624 100 21.2766
790 0.000582532 1.4352 200 19.802
790 0.000438198 0.94719 300 17.9641
790 0.000342675 0.697001 400 17.5439
790 0.000276968 0.566244 500 16.8919
800 0.000246479 0.278621 100 20.8333
800 0.00061229 1.44702 200 18.8679
800 0.000452311 0.940169 300 17.4419
800 0.00035362 0.693225 400 17.1674
800 0.000278666 0.569723 500 16.6667
810 0.000485832 0.745364 100 20.4082
810 0.000629712 1.4396 200 18.018
810 0.000443972 0.935433 300 17.1429
810 0.000361354 0.69376 400 16.8067
820 0.00078209 1.56782 100 19.6078
820 0.000612221 1.42804 200 17.2414
820 0.000433428 0.93133 300 16.8539
820 0.00034432 0.697747 400 16.3934
830 0.000921173 2.53448 100 18.5185
830 0.000618519 1.41647 200 16.6667
830 0.00042213 0.926205 300 16.5746
830 0.000326044 0.701158 400 16.129
840 0.00102054 2.77232 100 17.2414
840 0.000592981 1.35567 200 16.129
840 0.000408551 0.887917 300 16.3043
840 0.000308827 0.679818 400 15.873
850 0.000931111 2.49159 100 16.3934
850 0.000527294 1.21462 200 15.873
850 0.000380041 0.797887 300 15.9574
860 0.000734261 2.00872 100 15.625
860 0.000397964 0.980049 200 15.625
860 0.000313479 0.647889 300 15.625
870 0.000629096 1.30075 100 14.9254
870 0.000336429 0.631166 200 15.5039
870 0.000267604 0.420738 300 15.3846
880 0.000540935 0.568771 100 14.7059
880 0.00028711 0.270364 200 15.5039
880 0.000220038 0.184778 300 15.3061
890 0.000233259 0.0198059 100 14.7059
890 0.000158679 0.00649448 200 15.625
890 0.000128836 0.0105408 300 15.3061
900 0.000210702 0.00975925 100 14.9254
900 0.000146021 0.0129139 200 15.625
900 0.000105083 0.00710362 300 15.3061
910 0.000125538 0.00805101 100 14.9254
910 0.000144729 0.0116038 200 15.5039
920 9.0957e-05 0.00407464 100 15.3846
920 0.000121633 0.00755637 200 15.5039
930 7.75124e-05 0.00291034 100 15.625
930 0.000128914 0.00656191 200 15.5039
940 7.07588e-05 0.00157761 100 15.873
940 9.43674e-05 0.00299852 200 15.3846
950 7.64283e-05 0.00298703 100 16.129
950 7.89606e-05 0.00308691 200 15.3846
960 7.17626e-05 0.00504326 100 16.129
960 6.56466e-05 0.00489302 200 15.3846
970 0.000103696 0.00498484 100 15.873
970 7.29983e-05 0.00502901 200 15.3846
980 0.000168229 0.00780532 100 15.625
990 0.0001736 0.00742813 100 15.1515
1000 0.000124297 0.00621921 100 14.7059
1010 8.22868e-05 0.00780485 100 14.4928
1020 6.64136e-05 0.0105424 100 14.4928
1030 5.73601e-05 0.00942739 100 14.7059
