# initialization preprocessing icp loop mapping
0 0.00150335 0.00503595 0 0 0.0221632 0.0287057
1 0.000791661 0.00286167 0.00839497 2.9333e-05 0.000514554 0.0125941
2 0.000843433 0.00221074 0.00815043 7.007e-06 0.000553162 0.0117665
3 0.000769957 0.00225816 0.00804358 7.83e-06 0.000590047 0.011672
4 0.000752685 0.00235719 0.00801949 1.1899e-05 0.000612594 0.0117552
5 0.000766203 0.00224176 0.00787863 8.445e-06 0.00062887 0.011525
6 0.000764651 0.00212533 0.00789401 9.582e-06 0.000651232 0.0114467
7 0.000761123 0.00224559 0.00509805 9.398e-06 0.000670712 0.00878642
8 0.00074254 0.00211617 0.00472275 9.741e-06 0.000705291 0.00829813
9 0.000766658 0.00217593 0.00794209 1.0702e-05 0.00353253 0.0144294
10 0.000767966 0.00322492 0.0123095 1.2534e-05 0.00138135 0.0176972
11 0.000760979 0.00321962 0.0124062 1.1888e-05 0.00129919 0.0176995
12 0.000777655 0.0031769 0.012463 1.2711e-05 0.0146668 0.0310986
13 0.000766064 0.00323441 0.0124595 1.2467e-05 0.00800012 0.0244734
14 0.000762341 0.0032392 0.0125408 1.3697e-05 0.00800612 0.0245646
15 0.000760711 0.00322273 0.0124892 1.3407e-05 0.00141158 0.0178986
16 0.00075637 0.00323646 0.0125275 1.4535e-05 0.00155026 0.0180866
17 0.000791659 0.00333273 0.0127893 1.7126e-05 0.0014666 0.0183989
18 0.000764239 0.00324135 0.0125965 1.9422e-05 0.00133177 0.0179547
19 0.000759643 0.00322457 0.0125803 1.7156e-05 0.00133869 0.0179224
20 0.000759567 0.00324675 0.0127732 2.0508e-05 0.00135423 0.0181556
21 0.000748687 0.00329399 0.0127053 1.8091e-05 0.0013777 0.0181456
22 0.000747789 0.00321352 0.0127298 1.8814e-05 0.00137675 0.0180878
23 0.00075847 0.00322812 0.0131294 1.708e-05 0.00101269 0.0181473
24 0.000774204 0.00316953 0.0128141 2.3084e-05 0.00143155 0.0182143
25 0.000762937 0.00322336 0.0128688 1.9636e-05 0.00165061 0.018527
26 0.000776702 0.00323726 0.0132064 1.9132e-05 0.00789258 0.0251331
27 0.000735988 0.00319622 0.01324 1.9596e-05 0.00797502 0.0251681
28 0.000766478 0.00318561 0.0129303 2.1423e-05 0.0083838 0.0252888
29 0.000996981 0.00322374 0.0132047 2.1077e-05 0.00797546 0.025424
30 0.000764217 0.00320532 0.0131357 2.3551e-05 0.00851128 0.0256417
31 0.000746302 0.00319078 0.013144 2.0786e-05 0.00139457 0.0184986
32 0.000764011 0.00326428 0.0133918 2.1174e-05 0.0014111 0.0188538
33 0.000817574 0.00457038 0.0132328 2.2634e-05 0.00119273 0.0198372
34 0.000765005 0.00330127 0.0133266 2.2402e-05 0.00121886 0.0186355
35 0.00074552 0.00383343 0.0131978 2.7493e-05 0.00187216 0.0196774
36 0.000829889 0.00378316 0.0131868 2.6622e-05 0.00189145 0.0197188
37 0.00110612 0.00417137 0.0133539 2.8643e-05 0.00183088 0.0204923
38 0.00109908 0.00409756 0.0132034 2.936e-05 0.00194965 0.0203802
39 0.00113318 0.00408552 0.0134632 2.5143e-05 0.00155264 0.0202608
40 0.000776448 0.00390939 0.0133787 2.5932e-05 0.008194 0.0262857
41 0.000827853 0.00386358 0.0135713 2.5551e-05 0.00831927 0.0266092
42 0.00113426 0.00425318 0.0105457 2.8067e-05 0.00861356 0.0245758
43 0.0018168 0.00382903 0.0135388 2.7285e-05 0.00833089 0.0275438
44 0.000831667 0.00382851 0.013547 2.8808e-05 0.00832406 0.026561
45 0.000811769 0.00384588 0.0135292 2.7363e-05 0.00171374 0.0199298
46 0.000760809 0.00390741 0.0135799 2.9896e-05 0.00170704 0.0199872
47 0.000816269 0.00381337 0.0137552 2.9398e-05 0.00142163 0.0198374
48 0.00110703 0.00409724 0.0137082 3.0603e-05 0.00150789 0.0204522
49 0.00141399 0.0037692 0.0138532 3.0334e-05 0.00146956 0.0205375
50 0.000757078 0.00388698 0.0139378 2.9501e-05 0.00149077 0.0201043
51 0.000764053 0.00326112 0.0137885 2.9175e-05 0.00150855 0.0193529
52 0.00112846 0.00389147 0.0138723 3.2617e-05 0.00186248 0.0207886
53 0.000819914 0.00385991 0.0138103 3.1181e-05 0.00855181 0.0270749
54 0.000776995 0.00383116 0.0138251 3.3818e-05 0.00848974 0.0269581
55 0.000787747 0.00326277 0.0138683 3.3831e-05 0.00862766 0.0265815
56 0.000791516 0.0032051 0.0139073 3.4432e-05 0.00859252 0.0265324
57 0.000814581 0.00390432 0.0140428 3.4297e-05 0.00870277 0.0275
58 0.000823769 0.00317431 0.0138771 3.499e-05 0.00865533 0.0265666
59 0.000817891 0.00410079 0.013938 3.4607e-05 0.00861512 0.0275077
60 0.00183934 0.00372508 0.0143146 3.7882e-05 0.0020435 0.0219623
61 0.000786551 0.00407662 0.014051 3.6115e-05 0.00165607 0.0206075
62 0.000834345 0.00384338 0.014164 3.6827e-05 0.00164494 0.0205244
63 0.000812887 0.0040004 0.0141136 3.7948e-05 0.00166615 0.0206324
64 0.000792686 0.00319864 0.0142435 3.916e-05 0.00174647 0.0200223
65 0.000824766 0.00394043 0.0140587 3.9308e-05 0.00171178 0.0205758
66 0.000821188 0.00380231 0.0141913 4.0085e-05 0.00877057 0.0276263
67 0.0012 0.00399581 0.0142077 3.9849e-05 0.00874789 0.0281923
68 0.000774395 0.00401558 0.0142715 4.0764e-05 0.00879762 0.0279016
69 0.000797703 0.00327267 0.0142044 3.8286e-05 0.00894107 0.0272556
70 0.000816103 0.00391693 0.0141925 4.0496e-05 0.00973698 0.0287039
71 0.000815275 0.00410795 0.0142867 3.9823e-05 0.00895994 0.0282106
72 0.000836909 0.0039264 0.0142664 4.1121e-05 0.00887888 0.0279513
73 0.000804244 0.00390762 0.0142646 4.1664e-05 0.00895259 0.0279717
74 0.000777846 0.00320567 0.0144134 4.3053e-05 0.00885744 0.0272992
75 0.000801914 0.00332766 0.0142558 4.2353e-05 0.00190402 0.0203328
76 0.000779508 0.00316803 0.0140531 4.5957e-05 0.00172537 0.0197735
77 0.000780241 0.00333307 0.0142142 4.523e-05 0.0017676 0.020142
78 0.000758367 0.00316842 0.014253 4.4437e-05 0.00176825 0.0199942
79 0.000773946 0.00327354 0.0141943 4.4331e-05 0.00185264 0.0201403
80 0.000783977 0.00323535 0.0142079 4.5738e-05 0.00187988 0.0201544
81 0.000783604 0.00330436 0.014212 4.6483e-05 0.00895579 0.0273037
82 0.000758458 0.00317044 0.0142204 4.7417e-05 0.00897758 0.0271757
83 0.000799559 0.00329212 0.0142935 4.7672e-05 0.00890649 0.0273409
84 0.00148422 0.00350644 0.0144358 4.8569e-05 0.00902099 0.0284971
85 0.000776619 0.00376057 0.0144101 5.0171e-05 0.0107708 0.0297701
86 0.000853876 0.00326868 0.0143879 4.9719e-05 0.00906998 0.0276313
87 0.000775183 0.0039752 0.0144029 4.7912e-05 0.00900906 0.0282124
88 0.00115484 0.00395076 0.0144593 4.9495e-05 0.00918974 0.0288053
89 0.00083532 0.00394533 0.0143417 5.0076e-05 0.00237668 0.0215502
90 0.000805827 0.00395609 0.0143709 5.0642e-05 0.00192469 0.0211098
91 0.000789471 0.00405553 0.0142083 5.0554e-05 0.00172721 0.0208321
92 0.00114267 0.00431516 0.0144022 5.1221e-05 0.00174003 0.0216526
93 0.000789924 0.00399968 0.0142571 5.1249e-05 0.00184837 0.0209477
94 0.00146939 0.00382331 0.0142308 5.2802e-05 0.00176922 0.0213472
95 0.000774313 0.00408637 0.0142763 5.2912e-05 0.0017958 0.0209873
96 0.00091016 0.00323132 0.0143573 5.351e-05 0.00884802 0.0274019
97 0.000836491 0.0038999 0.014418 5.4199e-05 0.00892907 0.0281392
98 0.000806445 0.00380687 0.0144134 5.4827e-05 0.00890949 0.0279927
99 0.00112805 0.0040883 0.0143588 5.4496e-05 0.00904376 0.028675
100 0.000829198 0.00326411 0.0142728 5.7675e-05 0.0106579 0.0290832
101 0.000791557 0.00330851 0.0143362 5.5594e-05 0.00903106 0.0275251
102 0.000801581 0.0032492 0.0144717 5.7829e-05 0.00895193 0.027534
103 0.000792641 0.00335315 0.0143893 5.6624e-05 0.00242567 0.0210185
104 0.00078327 0.00323937 0.0144507 5.8429e-05 0.00236504 0.0208981
105 0.000779703 0.00332116 0.0143619 5.8184e-05 0.00193562 0.0204581
106 0.000792946 0.00321105 0.0140483 5.913e-05 0.00170306 0.0198163
107 0.000790098 0.00330294 0.0140771 6.0149e-05 0.0017231 0.0199549
108 0.00079366 0.00321851 0.0141155 5.8567e-05 0.00174909 0.0199366
109 0.000826714 0.00370544 0.014216 6.0986e-05 0.0017856 0.0205959
110 0.000815034 0.00359939 0.0142066 6.0784e-05 0.00177475 0.0204581
111 0.0011297 0.00421299 0.014384 6.0557e-05 0.00223112 0.0220193
112 0.000798581 0.00390092 0.014319 6.2179e-05 0.0089061 0.0279882
113 0.00082953 0.0039259 0.0142593 6.0979e-05 0.00895883 0.0280358
114 0.000829039 0.00384029 0.0142742 6.555e-05 0.00905501 0.0280651
115 0.00077399 0.00357219 0.0142868 6.591e-05 0.0104883 0.0291892
116 0.000779694 0.00324573 0.0143231 6.5158e-05 0.00896867 0.0273837
117 0.000802606 0.00335266 0.0143558 6.4434e-05 0.00893989 0.0275168
118 0.000770248 0.00321183 0.0143338 6.641e-05 0.00232831 0.0207116
119 0.000856946 0.00332 0.0143656 6.6525e-05 0.00238803 0.0209992
120 0.00079145 0.00320455 0.0143392 6.564e-05 0.00198595 0.020388
121 0.000797647 0.00335994 0.0141284 6.622e-05 0.00173407 0.0200879
122 0.000792299 0.00323573 0.0143991 6.6708e-05 0.00173117 0.0202263
123 0.000818235 0.00327907 0.0141066 6.7777e-05 0.00173532 0.0200085
124 0.000789221 0.00319776 0.0141298 6.9131e-05 0.00176409 0.0199518
125 0.000794052 0.00329849 0.0141369 6.9776e-05 0.00184159 0.0201427
126 0.00079729 0.00318866 0.0142483 7.0256e-05 0.0023206 0.0206265
127 0.000791471 0.00326999 0.0143817 7.1769e-05 0.00886742 0.027384
128 0.000777206 0.00324698 0.0143038 7.2979e-05 0.0088928 0.0272956
129 0.000782009 0.00334662 0.0143338 7.1914e-05 0.00912909 0.0276653
130 0.000783435 0.00320524 0.0143576 7.2991e-05 0.0105237 0.0289441
131 0.000781736 0.00328227 0.0142802 9.024e-05 0.00893706 0.027373
132 0.000784374 0.00321495 0.0144708 7.3651e-05 0.0089317 0.0274768
133 0.000779471 0.00330484 0.0143936 7.3932e-05 0.00897222 0.0275252
134 0.000772919 0.00330866 0.0143344 7.4427e-05 0.00234137 0.0208328
135 0.000774696 0.00334488 0.0143221 7.3964e-05 0.00190918 0.0204262
136 0.000774878 0.00328768 0.0144145 7.6205e-05 0.00170955 0.0202646
137 0.000779814 0.00331457 0.0141821 7.7369e-05 0.00173246 0.0200879
138 0.000784819 0.00318108 0.014149 7.7275e-05 0.00182948 0.020023
139 0.000798212 0.00327394 0.0141982 7.6385e-05 0.00174954 0.0200973
140 0.000783455 0.00323396 0.0141869 7.8025e-05 0.00230344 0.0205881
141 0.00078009 0.0032663 0.0141882 7.7628e-05 0.00227446 0.0205878
142 0.000776145 0.0032211 0.0141509 7.9903e-05 0.00229232 0.0205222
143 0.000836224 0.00330474 0.0143846 7.9695e-05 0.00907396 0.0276804
144 0.000778075 0.00326516 0.0142516 8.1784e-05 0.0104317 0.0288099
145 0.000781586 0.00328725 0.0142768 8.1006e-05 0.0089773 0.027406
146 0.00078529 0.00320841 0.0143424 8.3019e-05 0.00893485 0.0273555
147 0.000793616 0.00325395 0.0143442 8.3759e-05 0.00235575 0.0208323
148 0.000850623 0.00323183 0.0143169 8.4874e-05 0.0023614 0.020847
149 0.000795526 0.00331779 0.0143805 8.3738e-05 0.00194076 0.0205193
150 0.000803876 0.00325581 0.0140805 8.3572e-05 0.00175659 0.0199821
151 0.000796103 0.00330341 0.0141706 8.4322e-05 0.00174755 0.0201031
152 0.000794079 0.00324307 0.0142387 8.7194e-05 0.00177412 0.0201385
153 0.000779159 0.00329344 0.0141265 8.5497e-05 0.00178928 0.0200754
154 0.000780067 0.00322935 0.0143203 8.6522e-05 0.0022398 0.0206572
155 0.000801713 0.00329778 0.0142099 8.7769e-05 0.0022498 0.020648
156 0.00078492 0.00327377 0.014179 8.967e-05 0.00226808 0.0205964
157 0.000787623 0.00339509 0.0142715 8.8616e-05 0.00906092 0.0276058
158 0.00079368 0.00331708 0.0143798 9.0977e-05 0.0105704 0.0291538
159 0.000800967 0.00243144 0.0108504 8.9662e-05 0.00961212 0.0237859
160 0.000789129 0.00234226 0.0106127 0.000102104 0.00956014 0.0234083
161 0.000791288 0.00242009 0.0106551 0.000101274 0.00295848 0.0169274
162 0.000796427 0.00235303 0.0107031 0.000117297 0.00305586 0.0170268
163 0.000777871 0.0024264 0.0108026 0.000102646 0.00246739 0.0165787
164 0.000778254 0.0023627 0.0104205 9.8985e-05 0.00224456 0.0159072
165 0.000797441 0.00252655 0.0104775 0.000100424 0.00225071 0.0161537
166 0.00079451 0.00234013 0.0104464 0.000103035 0.00231018 0.0159952
167 0.000797508 0.00245106 0.0103848 0.000102326 0.00313191 0.0168696
168 0.00078909 0.00233595 0.0104705 0.000104238 0.00313401 0.0168357
169 0.000799701 0.00245515 0.0104428 0.000102067 0.00957103 0.0233729
170 0.000792205 0.00231773 0.0105193 0.000106611 0.00961494 0.0233529
171 0.000838753 0.00240891 0.0104956 0.000106513 0.01188 0.025731
172 0.000788665 0.00231701 0.0105434 0.000104551 0.00954374 0.0232988
173 0.000871034 0.00241017 0.0105679 0.000104242 0.00963673 0.0235921
174 0.000779682 0.00235444 0.0105595 0.000106101 0.00299084 0.016792
175 0.000794197 0.00239853 0.0106148 0.000108659 0.00278888 0.0167066
176 0.000784325 0.0023197 0.0106871 0.000108164 0.00253734 0.0164387
177 0.000778642 0.00244976 0.0104841 0.000106677 0.00223005 0.0160508
178 0.000783539 0.00234345 0.0103557 0.000113993 0.00224964 0.0158475
179 0.000792565 0.00239882 0.010452 0.00011218 0.00227606 0.0160327
180 0.000788229 0.00234385 0.0104287 0.000113937 0.0022893 0.0159654
181 0.000948585 0.00241861 0.0104943 0.000112219 0.00293943 0.0169146
182 0.000779531 0.00232366 0.0108888 0.000100928 0.00303952 0.0171335
183 0.000783954 0.0023979 0.0105406 0.000110405 0.00956693 0.0234014
184 0.000787452 0.00233173 0.0106378 0.000111373 0.00963253 0.0235023
185 0.000799686 0.00239437 0.0105965 0.000115171 0.0110594 0.0249663
186 0.000798171 0.00229345 0.0106153 0.000114641 0.00960918 0.0234318
187 0.00077269 0.00242115 0.0106677 0.000117416 0.00974556 0.0237257
188 0.000781031 0.00230058 0.0106847 0.00011563 0.00277615 0.0166595
189 0.000791032 0.00247687 0.0106963 0.000121496 0.00299448 0.017081
190 0.000790484 0.00246075 0.0108112 0.000102279 0.00251684 0.0166826
191 0.000789164 0.00244588 0.0104398 0.00011114 0.00225816 0.0160455
192 0.000782301 0.00236213 0.0104411 0.000113174 0.00231726 0.0160177
193 0.000786323 0.00248045 0.0104577 0.000110657 0.00229289 0.016129
194 0.000778415 0.00239093 0.0105718 0.000112159 0.00286298 0.0167175
195 0.000767998 0.00243626 0.0105035 0.000113988 0.00288262 0.016706
196 0.000793508 0.00235712 0.010546 0.000110044 0.00947328 0.0232816
197 0.000790473 0.00244224 0.0105173 0.000116411 0.00962908 0.023497
198 0.000778501 0.00235049 0.0106791 0.000112927 0.0112298 0.0251528
199 0.000772628 0.00247419 0.0105452 0.000114011 0.00957216 0.0234795
200 0.000788949 0.00238698 0.0106203 0.000114043 0.00307164 0.0169829
201 0.000785532 0.00244085 0.01068 0.00011398 0.00311296 0.0171347
202 0.000784515 0.00235723 0.0107245 0.000122445 0.00311586 0.0171059
203 0.000776312 0.0024549 0.0106268 0.000117315 0.0021164 0.0160927
204 0.00077416 0.00234224 0.0103091 0.000122397 0.00225442 0.0158037
205 0.00122674 0.00304246 0.010451 0.000123999 0.00230686 0.0171534
206 0.000781574 0.00237719 0.0104277 0.000124072 0.00291073 0.0166223
207 0.000779469 0.00240693 0.0103977 0.000120864 0.00309989 0.0168059
208 0.000786668 0.00236419 0.0104461 0.000126182 0.00338977 0.0171145
209 0.000793656 0.00247782 0.0104854 0.000123755 0.00976025 0.0236427
210 0.000782879 0.00235166 0.0104863 0.000124236 0.0111153 0.0248618
211 0.000819315 0.00245231 0.0105271 0.000126356 0.00988726 0.0238134
212 0.000773236 0.00234754 0.010517 0.000125082 0.00285884 0.0166237
213 0.000785389 0.00249323 0.0105619 0.000124339 0.00308957 0.0170555
214 0.00078345 0.00238452 0.0105621 0.000129345 0.00291614 0.0167766
215 0.00077008 0.0024591 0.010609 0.000131341 0.0025141 0.0164854
216 0.00105655 0.00232949 0.0102548 0.000134049 0.0022709 0.0160466
217 0.000881786 0.00239515 0.0103435 0.000135849 0.00229839 0.0160557
218 0.000786368 0.00233297 0.0102904 0.00013661 0.00223089 0.0157795
219 0.000785978 0.00249804 0.0103707 0.000135194 0.00313753 0.0169291
220 0.00078119 0.00237223 0.010401 0.000133017 0.00308351 0.0167719
221 0.000776504 0.00246419 0.010412 0.000131168 0.00974756 0.0235324
222 0.000783996 0.00233732 0.0105849 0.000131568 0.00960971 0.0234489
223 0.000783547 0.00244468 0.0105022 0.000136066 0.0112758 0.0251443
224 0.000777066 0.00237852 0.0104705 0.000135588 0.00956026 0.0233233
225 0.000780566 0.00245961 0.0105409 0.000132957 0.00293674 0.0168522
226 0.000778471 0.00234274 0.0106259 0.00013804 0.00295094 0.0168371
227 0.000783524 0.00243312 0.0106452 0.000134958 0.00299145 0.0169893
228 0.000858366 0.00231777 0.0106229 0.000139111 0.00210409 0.0160437
229 0.000764237 0.0024149 0.0104003 0.000139406 0.00222109 0.0159422
230 0.000786174 0.00236402 0.0103886 0.000142025 0.00221797 0.0159007
231 0.000785406 0.00241976 0.0104098 0.000140792 0.00309165 0.0168486
232 0.000775158 0.00233762 0.0104633 0.000138034 0.00259279 0.0163079
233 0.000790096 0.0024493 0.0104769 0.000138214 0.00981451 0.02367
234 0.000789675 0.00246425 0.0104551 0.000141936 0.0100093 0.0238624
235 0.000797188 0.00251404 0.0104977 0.000148233 0.0110629 0.025021
236 0.000798733 0.00244333 0.0105694 0.000143174 0.00956383 0.0235196
237 0.000773286 0.00246633 0.0105846 0.000145366 0.00292202 0.016893
238 0.000778238 0.00235195 0.0105625 0.000146286 0.00290452 0.0167445
239 0.000731779 0.00240645 0.0106399 0.000146008 0.00320779 0.0171336
240 0.000772502 0.00233908 0.0122536 0.000139811 0.00210846 0.0176145
241 0.000768972 0.00246333 0.0103756 0.000146505 0.00220589 0.0159614
242 0.000776863 0.00236551 0.0104356 0.000149225 0.00219748 0.0159266
243 0.000784907 0.00246015 0.0103527 0.000157585 0.0022277 0.0159846
244 0.000778161 0.00235993 0.0104906 0.000153132 0.00950682 0.0232897
245 0.000775274 0.00247374 0.0105354 0.000152393 0.00948306 0.0234211
246 0.000777665 0.00236409 0.0105207 0.000151061 0.00944019 0.023255
247 0.00076853 0.00245109 0.0104981 0.000151003 0.00968051 0.0235511
248 0.000780955 0.00235255 0.0104909 0.000183406 0.0111846 0.0249935
249 0.000781876 0.00260323 0.0106305 0.000154574 0.00990716 0.0240786
250 0.000788251 0.00240189 0.0105611 0.000155403 0.0096844 0.0235931
251 0.000772557 0.00246883 0.0106305 0.000154295 0.00294209 0.0169701
252 0.000809873 0.00237656 0.0106566 0.000153375 0.00294979 0.0169477
253 0.000767169 0.00244461 0.0106341 0.000152902 0.0020976 0.0160977
254 0.000773042 0.00237207 0.0103474 0.000165346 0.00220431 0.0158633
255 0.000782567 0.00244818 0.0104042 0.000157983 0.00224055 0.0160349
256 0.000732485 0.00236227 0.0104144 0.000155411 0.00326331 0.0169297
257 0.000777044 0.00247092 0.0104842 0.000165678 0.0031716 0.0170704
258 0.000773608 0.00236223 0.010504 0.000159553 0.00956539 0.0233659
259 0.000783579 0.00245007 0.0105235 0.000157041 0.00956564 0.0234808
260 0.000783869 0.00238209 0.0105504 0.000158328 0.0110124 0.0248889
261 0.0010562 0.00272438 0.0108746 0.000148415 0.0103684 0.0251745
262 0.000769982 0.00234958 0.0105909 0.000167788 0.00958517 0.0234644
263 0.000775172 0.00243276 0.01048 0.000162356 0.00287421 0.0167256
264 0.000783067 0.00233883 0.0104793 0.000163831 0.00287793 0.0166438
265 0.000757726 0.00245994 0.0105738 0.000163489 0.00206194 0.0160185
266 0.000775826 0.00236006 0.0102961 0.000176588 0.00218245 0.0157924
267 0.000767443 0.00245563 0.0103254 0.000174555 0.00221531 0.0159397
268 0.00075054 0.00237823 0.0103879 0.000168195 0.00225537 0.0159419
269 0.000760987 0.00243686 0.0104392 0.00016591 0.00279379 0.0165979
270 0.000766322 0.00232683 0.0104226 0.000166769 0.00321737 0.0169008
