5.55112e-17 2.22045e-16 -4.65661e-10 -2.98023e-08
0.0541807 0.879235 0.0170905 0.89159
0.0697684 1.82433 0.0021637 1.83841
0.00341514 2.87551 -0.0977122 2.86038
-0.12313 4.0219 -0.249521 3.98675
-0.355562 5.24872 -0.491637 5.18012
-0.622388 6.58694 -0.763405 6.50416
-0.941959 8.04159 -1.0768 7.96287
-1.31795 9.60761 -1.4803 9.54017
-1.74603 11.2615 -1.95244 11.1904
-2.24733 13.0013 -2.48314 12.9817
-2.81937 14.8415 -3.09174 14.8493
-3.47158 16.7949 -3.77072 16.788
-4.20623 18.801 -4.50807 18.8512
-5.00233 20.9242 -5.31007 21.0059
-5.89573 23.1412 -6.2119 23.2273
-6.89367 25.3849 -7.17108 25.4122
-7.98219 27.6887 -8.25356 27.7597
-9.16441 30.0597 -9.41953 30.1133
-10.4443 32.4921 -10.6798 32.5777
-11.8249 34.997 -12.0873 35.0704
-13.2883 37.6162 -13.4727 37.5427
-14.808 40.3431 -14.9961 40.2602
-16.4055 43.1146 -16.5865 43.0327
-18.0467 45.8569 -18.209 45.7577
-19.8228 48.5507 -19.9808 48.5079
-21.6751 51.1581 -21.7567 51.0513
-23.5601 53.7342 -23.6905 53.7711
-25.4948 56.3134 -25.5472 56.2886
-27.4825 58.8647 -27.5223 58.9403
-29.5412 61.3609 -29.5865 61.4485
-31.6783 63.8405 -31.665 63.8278
-33.9024 66.2939 -33.8572 66.3311
-36.2506 68.682 -36.1958 68.7755
-38.6926 71.0526 -38.5686 71.175
-41.1928 73.4057 -41.0047 73.512
-43.7838 75.7356 -43.6181 75.8955
-46.4323 78.0513 -46.2533 78.2136
-49.1522 80.3613 -48.9901 80.5414
-51.9408 82.6467 -51.7956 82.854
-54.8487 84.8619 -54.6574 85.0382
-57.8592 86.9837 -57.5577 87.1152
-60.9641 89.0272 -60.7181 89.1504
-64.1713 90.9595 -63.9256 91.1007
-67.4867 92.8094 -67.2799 92.947
-70.8583 94.5834 -70.6767 94.7388
-74.2625 96.2881 -74.1058 96.448
-77.6761 97.9397 -77.5044 98.1134
-81.0631 99.533 -80.873 99.7167
-84.3708 101.063 -84.2861 101.312
-87.6204 102.509 -87.5194 102.805
-90.7863 103.874 -90.7229 104.271
-93.8705 105.256 -93.7679 105.73
-96.8816 106.71 -96.7926 107.215
-99.8058 108.24 -99.6245 108.748
-102.636 109.9 -102.425 110.388
-105.378 111.659 -105.094 112.114
-107.976 113.472 -107.683 113.976
-110.448 115.333 -110.151 115.879
-112.785 117.226 -112.382 117.738
-115.015 119.133 -114.602 119.717
-117.123 121.057 -116.605 121.649
-119.079 122.948 -118.535 123.597
-120.896 124.857 -120.364 125.559
-122.564 126.794 -122.054 127.561
-124.115 128.785 -123.615 129.622
-125.557 130.849 -125.048 131.735
-126.901 132.986 -126.378 133.924
-128.166 135.163 -127.661 136.148
-129.39 137.439 -128.89 138.466
-130.625 139.817 -130.089 140.888
-131.85 142.308 -131.297 143.46
-133.054 144.929 -132.477 146.134
-134.221 147.697 -133.626 148.969
-135.286 150.585 -134.682 151.871
-136.188 153.655 -135.608 155.047
-136.902 156.886 -136.353 158.274
-137.415 160.268 -136.861 161.743
-137.716 163.797 -137.161 165.243
-137.812 167.452 -137.264 168.921
-137.693 171.19 -137.13 172.726
-137.342 175.019 -136.796 176.608
-136.765 178.911 -136.191 180.548
-135.962 182.88 -135.333 184.623
-134.921 186.888 -134.269 188.715
-133.677 190.928 -133 192.759
-132.176 194.967 -131.408 196.892
-130.412 198.974 -129.623 200.879
-128.325 202.908 -127.459 204.847
-125.88 206.684 -124.999 208.572
-123.116 210.266 -122.183 212.177
-120.073 213.663 -119.128 215.525
-116.798 216.868 -115.817 218.697
-113.327 219.882 -112.296 221.697
-109.742 222.622 -108.682 224.434
-106.071 225.055 -105.007 226.814
-102.33 227.163 -101.318 228.859
-98.5491 228.935 -97.5629 230.585
-94.7653 230.394 -93.7783 231.988
-91.0401 231.573 -90.1006 233.13
-87.3564 232.508 -86.3947 234.021
-83.7128 233.199 -82.7733 234.674
-80.1318 233.665 -79.2091 235.101
-76.5971 233.929 -75.6907 235.36
-73.2217 234.047 -72.3025 235.446
-69.9512 234.094 -69.0607 235.486
-66.7444 234.09 -65.8626 235.478
-63.6313 234.073 -62.7715 235.465
-60.5882 234.081 -59.7364 235.472
-57.59 234.13 -56.7558 235.531
-54.6313 234.221 -53.7885 235.624
-51.6918 234.381 -50.8724 235.778
-48.79 234.6 -47.9725 235.981
-45.9147 234.881 -45.1058 236.234
-43.0566 235.221 -42.2561 236.543
-40.2266 235.615 -39.4254 236.925
-37.4365 236.072 -36.6318 237.355
-34.6718 236.603 -33.8809 237.855
-31.8721 237.159 -31.0763 238.393
-29.03 237.739 -28.2315 238.949
-26.1642 238.361 -25.3791 239.548
-23.2884 239.015 -22.5216 240.192
-20.4202 239.738 -19.6591 240.924
-17.5859 240.558 -16.8401 241.727
-14.7877 241.484 -14.049 242.649
-12.0278 242.498 -11.3162 243.648
-9.29703 243.59 -8.57235 244.733
-6.61587 244.741 -5.91035 245.862
-4.00089 245.95 -3.29293 247.063
-1.44517 247.223 -0.716088 248.334
1.04535 248.561 1.79502 249.661
3.47195 249.951 4.25536 251.042
5.86499 251.41 6.66081 252.484
8.23512 252.948 9.04429 253.979
10.5837 254.573 11.4338 255.49
12.9533 256.177 13.8444 257.04
15.3464 257.781 16.2827 258.619
17.7511 259.4 18.7138 260.208
20.1889 261.03 21.1498 261.818
22.6477 262.667 23.6019 263.426
25.0994 264.306 26.0424 265.038
27.5258 265.954 28.4517 266.676
29.9363 267.632 30.8811 268.349
32.2862 269.361 33.2158 270.049
34.6062 271.144 35.5199 271.84
36.8852 273.027 37.7605 273.698
39.097 274.999 39.9735 275.666
41.2908 277.097 42.1491 277.754
43.4393 279.297 44.2909 279.934
45.5132 281.622 46.3523 282.219
47.5142 284.071 48.3526 284.659
49.4318 286.627 50.2738 287.189
51.2941 289.274 52.141 289.8
53.1013 292.012 53.9596 292.522
54.8752 294.81 55.7341 295.301
56.6464 297.643 57.5131 298.136
58.4455 300.513 59.3084 300.98
60.2524 303.405 61.1219 303.885
62.0439 306.331 62.8909 306.783
63.7612 309.296 64.5967 309.753
65.3499 312.312 66.1689 312.761
66.8068 315.364 67.6354 315.85
68.1161 318.458 68.9329 318.918
69.2966 321.58 70.1132 322.041
70.4443 324.702 71.2525 325.155
71.5445 327.823 72.3379 328.274
72.5791 330.963 73.3482 331.382
73.5376 334.11 74.3053 334.532
74.4568 337.228 75.2089 337.661
75.3394 340.28 76.1164 340.705
76.2867 343.179 77.0403 343.617
77.2641 345.919 78.0224 346.35
78.2171 348.599 78.9733 349.03
79.0765 351.282 79.8368 351.707
79.7884 353.971 80.5423 354.373
80.2892 356.68 81.0564 357.099
80.5442 359.423 81.329 359.841
80.5539 362.182 81.3388 362.586
80.3253 364.95 81.1301 365.34
79.9483 367.765 80.7756 368.156
79.5529 370.624 80.3809 371.005
79.1899 373.576 80.0177 373.954
78.8477 376.617 79.6731 376.994
78.4872 379.779 79.2968 380.167
78.1092 383.025 78.9254 383.416
77.7243 386.332 78.5392 386.719
77.3037 389.673 78.125 390.05
76.7857 392.999 77.6147 393.391
76.1643 396.308 76.9947 396.682
75.4531 399.564 76.274 399.957
74.6878 402.778 75.4836 403.183
73.8806 405.96 74.6518 406.353
73.0016 409.14 73.7922 409.512
72.077 412.325 72.8656 412.716
71.1423 415.518 71.9343 415.917
70.1995 418.733 70.9939 419.138
69.2265 421.955 70.0261 422.36
68.2361 425.167 69.0021 425.548
67.2608 428.364 68.0031 428.721
66.3132 431.553 67.0475 431.91
65.3917 434.718 66.1116 435.065
64.5017 437.857 65.215 438.209
63.6349 440.951 64.3276 441.301
62.7895 444.006 63.4859 444.374
61.9567 447.016 62.6401 447.391
61.1335 449.961 61.8106 450.317
60.3186 452.867 60.9694 453.223
59.4995 455.718 60.1533 456.057
58.6822 458.529 59.3394 458.872
57.8672 461.299 58.542 461.646
57.0547 464.035 57.7378 464.377
56.2436 466.731 56.9173 467.107
55.4431 469.359 56.1446 469.735
54.6862 471.908 55.4039 472.28
53.9576 474.335 54.692 474.692
53.2567 476.667 54.0141 477.016
52.5824 478.964 53.3905 479.319
51.9565 481.262 52.7762 481.617
51.4126 483.574 52.2283 483.964
51.0139 485.899 51.8582 486.29
50.8129 488.249 51.6592 488.634
50.7981 490.61 51.671 491
50.9787 492.984 51.8686 493.357
51.3453 495.367 52.2431 495.743
51.889 497.738 52.8004 498.133
52.5773 500.13 53.5026 500.516
53.4072 502.515 54.3355 502.891
54.397 504.885 55.3346 505.25
55.5186 507.215 56.4575 507.564
56.765 509.509 57.6961 509.856
58.192 511.73 59.1111 512.067
59.789 513.824 60.7067 514.181
61.5404 515.753 62.434 516.098
63.41 517.523 64.2811 517.887
65.3979 519.217 66.245 519.557
67.4967 520.815 68.3376 521.148
69.7206 522.307 70.5275 522.615
72.0676 523.642 72.8644 523.939
74.5493 524.809 75.3241 525.088
77.1538 525.815 77.9275 526.08
79.882 526.633 80.6583 526.896
82.7154 527.212 83.5042 527.487
85.6408 527.586 86.4211 527.87
88.6443 527.748 89.4191 528.023
91.7106 527.694 92.4882 527.948
94.8118 527.412 95.585 527.665
97.9353 526.886 98.7062 527.125
101.063 526.158 101.845 526.369
104.195 525.225 104.966 525.429
107.306 524.079 108.073 524.282
110.385 522.744 111.143 522.95
113.46 521.282 114.218 521.502
116.567 519.769 117.31 520.001
119.739 518.237 120.475 518.471
122.982 516.641 123.678 516.897
126.165 515.061 126.95 515.287
129.459 513.419 130.221 513.635
132.785 511.74 133.51 511.97
136.165 510.03 136.869 510.26
139.6 508.311 140.279 508.535
143.11 506.549 143.781 506.751
146.673 504.761 147.353 504.961
150.295 502.938 150.947 503.141
153.967 501.082 154.624 501.289
157.696 499.214 158.331 499.396
161.458 497.334 162.096 497.47
165.217 495.417 165.815 495.559
168.985 493.501 169.567 493.618
172.746 491.587 173.34 491.672
176.518 489.689 177.102 489.751
180.295 487.82 180.883 487.869
184.037 485.97 184.618 486.024
187.779 484.136 188.349 484.19
191.5 482.306 192.069 482.347
195.18 480.47 195.752 480.448
198.815 478.621 199.376 478.583
202.394 476.753 202.938 476.699
205.912 474.88 206.445 474.822
209.296 473.041 209.829 472.985
212.515 471.275 213.048 471.204
215.581 469.587 216.102 469.522
218.489 468.019 219.012 467.948
221.328 466.599 221.846 466.545
224.157 465.368 224.711 465.309
226.992 464.316 227.562 464.27
229.883 463.425 230.47 463.401
232.821 462.731 233.439 462.723
235.78 462.243 236.412 462.245
238.782 461.946 239.422 461.947
241.848 461.906 242.476 461.884
244.968 462.147 245.567 462.123
248.086 462.682 248.657 462.649
251.187 463.496 251.715 463.43
254.278 464.58 254.77 464.496
257.288 465.915 257.726 465.819
260.242 467.523 260.638 467.407
263.107 469.351 263.46 469.221
265.866 471.381 266.242 471.268
268.559 473.556 268.937 473.45
271.204 475.84 271.587 475.754
273.82 478.207 274.177 478.101
276.385 480.591 276.713 480.487
278.915 482.977 279.182 482.909
281.391 485.347 281.653 485.255
283.81 487.633 284.061 487.503
286.165 489.76 286.427 489.611
288.479 491.699 288.752 491.55
290.753 493.425 291.045 493.285
292.944 494.909 293.248 494.768
295.05 496.208 295.332 496.054
297.158 497.296 297.452 497.124
299.275 498.08 299.582 497.899
301.409 498.553 301.754 498.397
303.638 498.806 303.989 498.622
305.826 498.756 306.199 498.564
307.97 498.413 308.371 498.225
310.083 497.866 310.513 497.683
312.168 497.169 312.637 497.017
314.242 496.345 314.758 496.216
316.287 495.404 316.818 495.3
318.242 494.294 318.786 494.196
320.068 492.959 320.625 492.884
321.692 491.423 322.266 491.34
323.028 489.68 323.67 489.639
324.128 487.907 324.802 487.852
325.083 486.074 325.741 486.016
325.902 484.156 326.534 484.071
326.542 482.161 327.171 482.058
326.975 480.111 327.594 480.054
327.2 477.981 327.814 477.905
327.208 475.816 327.836 475.731
326.987 473.575 327.626 473.52
326.613 471.312 327.264 471.226
326.102 468.984 326.765 468.919
325.485 466.585 326.159 466.522
324.771 464.117 325.48 464.069
324.015 461.569 324.736 461.518
323.241 458.937 323.966 458.892
322.428 456.222 323.151 456.173
321.582 453.439 322.317 453.395
320.701 450.59 321.433 450.565
319.803 447.709 320.52 447.672
318.882 444.813 319.596 444.797
317.934 441.902 318.655 441.909
317.026 438.983 317.743 438.985
316.159 436.053 316.878 436.064
315.357 433.105 316.07 433.13
314.634 430.139 315.328 430.147
314.024 427.175 314.704 427.173
313.546 424.189 314.215 424.19
313.186 421.192 313.853 421.204
312.967 418.184 313.634 418.191
312.865 415.18 313.525 415.198
312.873 412.155 313.521 412.205
312.99 409.162 313.633 409.194
313.203 406.159 313.855 406.166
313.52 403.164 314.181 403.17
313.924 400.189 314.621 400.157
314.41 397.253 315.106 397.234
314.957 394.351 315.644 394.323
315.564 391.486 316.251 391.447
316.211 388.683 316.915 388.626
316.876 385.97 317.584 385.941
317.575 383.412 318.27 383.394
318.278 381.083 318.992 381.09
318.941 378.965 319.665 378.994
319.536 376.961 320.279 377.027
320.052 374.977 320.843 375.084
320.455 373.03 321.275 373.147
320.668 371.084 321.517 371.211
320.639 369.179 321.513 369.305
320.367 367.308 321.263 367.452
319.812 365.452 320.755 365.617
318.978 363.612 319.978 363.793
317.917 361.899 318.967 362.092
316.653 360.26 317.728 360.469
315.183 358.649 316.298 358.865
313.573 357.007 314.724 357.242
311.803 355.326 312.979 355.574
309.912 353.572 311.119 353.833
307.954 351.681 309.191 351.942
305.919 349.71 307.188 349.968
303.815 347.661 305.121 347.917
301.671 345.531 302.984 345.795
299.493 343.322 300.818 343.598
297.312 341.064 298.626 341.333
295.144 338.751 296.444 339.019
293.011 336.384 294.305 336.656
290.937 333.945 292.253 334.227
288.992 331.405 290.308 331.685
287.171 328.759 288.496 329.061
285.462 326.046 286.738 326.306
283.831 323.246 285.082 323.495
282.269 320.363 283.506 320.594
280.755 317.392 281.989 317.644
279.274 314.371 280.5 314.618
277.775 311.309 279.004 311.562
276.264 308.193 277.518 308.463
274.757 305.022 276.032 305.283
273.207 301.794 274.507 302.058
271.62 298.532 272.963 298.81
270.024 295.206 271.385 295.498
268.364 291.836 269.745 292.123
266.612 288.477 267.985 288.743
264.728 285.132 266.12 285.425
262.759 281.8 264.137 282.086
260.702 278.472 262.089 278.779
258.621 275.176 259.991 275.48
256.506 271.838 257.89 272.187
254.344 268.488 255.748 268.843
252.174 265.097 253.566 265.442
249.945 261.679 251.393 262.086
247.697 258.254 249.162 258.661
245.448 254.808 246.905 255.22
243.193 251.335 244.61 251.717
240.896 247.824 242.308 248.214
238.557 244.277 240.002 244.679
236.175 240.691 237.669 241.12
233.763 237.092 235.275 237.481
231.333 233.458 232.897 233.869
228.838 229.808 230.468 230.171
226.343 226.169 228.044 226.627
223.819 222.534 225.587 223.062
221.286 218.901 223.093 219.446
218.752 215.265 220.63 215.825
216.25 211.635 218.183 212.209
213.762 207.998 215.749 208.598
211.317 204.351 213.352 204.953
208.894 200.677 210.978 201.282
206.508 196.99 208.615 197.607
204.178 193.291 206.264 193.902
201.928 189.548 204.029 190.178
199.74 185.759 201.873 186.383
197.634 181.951 199.771 182.554
195.568 178.118 197.744 178.71
193.561 174.282 195.769 174.873
191.624 170.408 193.812 171.01
189.717 166.528 191.855 167.087
187.816 162.622 189.944 163.18
185.959 158.682 188.071 159.251
184.094 154.738 186.202 155.295
182.24 150.794 184.342 151.35
180.398 146.846 182.499 147.394
178.592 142.9 180.675 143.444
176.795 138.933 178.845 139.493
174.975 134.968 177.028 135.544
173.137 131.052 175.155 131.574
171.222 127.194 173.228 127.735
169.204 123.404 171.176 123.903
167.059 119.698 169.011 120.198
164.779 116.076 166.73 116.575
162.369 112.525 164.303 113.068
159.843 109.067 161.782 109.635
157.243 105.701 159.159 106.24
154.586 102.373 156.477 102.93
151.852 99.0754 153.738 99.6377
149.065 95.8122 150.961 96.3728
146.211 92.59 148.135 93.1573
143.29 89.4389 145.192 89.9736
140.314 86.3185 142.16 86.8104
137.315 83.1885 139.175 83.7191
134.309 80.0227 136.186 80.5611
131.294 76.8549 133.185 77.4145
128.257 73.6803 130.134 74.2152
125.224 70.51 127.123 70.9981
122.172 67.3259 124.041 67.7767
119.104 64.1512 120.953 64.5884
116.004 60.9862 117.883 61.4477
112.861 57.8172 114.74 58.2876
109.667 54.6479 111.601 55.1799
106.495 51.4689 108.42 52.0297
103.294 48.293 105.22 48.8871
100.126 45.1325 102.019 45.7182
96.9505 41.9772 98.7979 42.5361
93.7393 38.8037 95.6101 39.4153
90.5678 35.6321 92.3865 36.2367
87.4158 32.459 89.2131 33.0482
84.26 29.2959 86.0601 29.8897
81.1235 26.1294 83.0065 26.7975
77.9927 22.958 79.8871 23.6225
74.8906 19.7748 76.8095 20.4389
71.7804 16.5904 73.5737 17.1273
68.6304 13.3965 70.4821 13.9421
65.4718 10.206 67.345 10.7155
62.3143 7.00737 64.2464 7.51931
59.2062 3.80804 61.2036 4.32416
56.0919 0.584754 58.1044 1.06265
53.0081 -2.62566 55.0699 -2.13433
49.9557 -5.82235 52.0534 -5.30892
46.9351 -9.02104 49.0891 -8.47216
43.893 -12.2165 46.1409 -11.5755
40.9293 -15.2937 43.2823 -14.6226
38.0895 -18.3174 40.4448 -17.6673
35.4188 -21.2916 37.7806 -20.6458
32.8668 -24.1573 35.2158 -23.5259
30.5116 -26.943 32.8203 -26.2817
28.2828 -29.5528 30.6136 -28.8963
26.2709 -31.9812 28.5886 -31.3065
24.4065 -34.1191 26.728 -33.431
22.6212 -35.9349 24.9425 -35.2814
20.8834 -37.4156 23.2084 -36.768
19.1749 -38.5138 21.5141 -37.8918
17.5161 -39.2606 19.8447 -38.6411
15.8389 -39.7146 18.157 -39.1152
14.1914 -39.8298 16.4492 -39.2503
12.6343 -39.6724 14.872 -39.1046
11.1723 -39.2606 13.4012 -38.7142
9.78969 -38.6298 11.9958 -38.0519
8.49767 -37.7385 10.7072 -37.1639
7.30895 -36.6169 9.50438 -36.0475
6.25632 -35.2826 8.45858 -34.6969
5.3777 -33.7296 7.60518 -33.1206
4.66673 -31.995 6.92004 -31.3852
4.11807 -30.0874 6.35241 -29.495
3.67503 -28.0589 5.90653 -27.4913
3.30698 -25.9135 5.51148 -25.3567
2.95068 -23.6717 5.15671 -23.1355
2.58965 -21.3542 4.74923 -20.8053
2.23535 -18.9419 4.36716 -18.4174
1.88322 -16.439 3.97942 -15.9116
1.5397 -13.8834 3.60557 -13.3794
1.22906 -11.3742 3.24537 -10.8584
0.914029 -8.93495 2.8833 -8.41922
0.572467 -6.59142 2.53292 -6.12238
0.172462 -4.32852 2.18417 -3.86342
-0.233814 -2.14809 1.78392 -1.70839
-0.6525 -0.0272375 1.37819 0.432529
-1.1288 2.02776 0.93269 2.47997
-1.68253 4.09175 0.418993 4.57302
-2.32685 6.15689 -0.183152 6.68243
-3.00658 8.22265 -0.851124 8.73928
