1 -3.64932e-10 -5.02005e-12 2.32831e-10 -6.92874e-10 1 4.10834e-10 7.45058e-09 1.04042e-13 9.60589e-11 1 0
0.999998 0.00109402 0.00187221 0.00519536 -0.00108406 0.999985 -0.00531418 -0.011691 -0.001878 0.00531214 0.999984 0.949987
0.999996 -0.000761555 0.0028786 0.00620647 0.000777974 0.999983 -0.00570697 -0.0218333 -0.00287421 0.00570919 0.99998 1.90271
0.999988 -0.00282203 0.00406469 0.00589415 0.00283191 0.999993 -0.00242751 -0.0258848 -0.00405781 0.00243899 0.999989 2.86929
0.999973 -0.00670121 0.00289925 0.00853578 0.00669016 0.99997 0.00380473 -0.0305578 -0.00292466 -0.00378523 0.999989 3.81102
0.999955 -0.00945374 0.00123059 0.014788 0.00944845 0.999946 0.00422943 -0.0344794 -0.00127051 -0.00421761 0.99999 4.75283
0.999928 -0.011979 0.00123568 0.015085 0.0119768 0.999927 0.0017412 -0.0372915 -0.00125644 -0.00172628 0.999998 5.70439
0.999935 -0.0113945 -0.00049421 0.0143002 0.0113937 0.999934 -0.00164576 -0.0397943 0.00051293 0.00164002 0.999999 6.62709
0.999932 -0.0115514 -0.00129985 0.0137941 0.0115483 0.999931 -0.00238002 -0.0456005 0.00132725 0.00236485 0.999996 7.56266
0.999937 -0.0110827 -0.00165593 0.00834606 0.0110814 0.999938 -0.000766981 -0.0478784 0.00166433 0.000748584 0.999998 8.50113
0.999933 -0.0111265 -0.00312609 0.00555225 0.0111323 0.999936 0.00186163 -0.0524973 0.00310517 -0.00189631 0.999993 9.41611
0.999933 -0.0108249 -0.00412826 0.0033719 0.01084 0.999935 0.00363772 -0.0548523 0.00408861 -0.00368222 0.999985 10.3361
0.999921 -0.0118205 -0.00427616 -0.00909239 0.0118396 0.99992 0.00445993 -0.0607032 0.0042231 -0.0045102 0.999981 11.264
0.999906 -0.0125101 -0.00553188 -0.0104848 0.0125351 0.999911 0.00451542 -0.0614342 0.0054749 -0.00458434 0.999975 12.1565
0.999909 -0.0119571 -0.00619237 -0.0243847 0.0119777 0.999923 0.00329795 -0.0626754 0.00615246 -0.00337182 0.999975 13.0723
0.99989 -0.0128859 -0.0073056 -0.0292093 0.0128936 0.999916 0.00100845 -0.0662696 0.00729199 -0.00110253 0.999973 13.9822
0.999869 -0.0133003 -0.00926637 -0.0388048 0.0132988 0.999912 -0.00022554 -0.0654103 0.00926855 0.000102281 0.999957 14.86
0.999863 -0.0127115 -0.0106231 -0.0509499 0.0127017 0.999919 -0.000996175 -0.0677648 0.0106349 0.000861108 0.999943 15.7594
0.999852 -0.0123696 -0.0119564 -0.0646792 0.0123459 0.999922 -0.00205026 -0.0736887 0.0119808 0.00190234 0.999926 16.689
0.999844 -0.0109571 -0.0138533 -0.0819133 0.010928 0.999938 -0.00217487 -0.0754854 0.0138763 0.00202314 0.999902 17.546
0.999828 -0.0107395 -0.0151591 -0.0979576 0.0107228 0.999942 -0.00117812 -0.0808936 0.0151708 0.00101537 0.999884 18.4295
0.999799 -0.0109705 -0.0167783 -0.120188 0.0109696 0.99994 -0.000147581 -0.0873925 0.0167789 -3.64992e-05 0.999859 19.3309
0.999788 -0.0105697 -0.0176985 -0.137747 0.0105784 0.999944 0.000398521 -0.0911217 0.0176933 -0.000585657 0.999843 20.1919
0.999741 -0.0117749 -0.0194621 -0.157012 0.0117832 0.999931 0.000308287 -0.0957869 0.0194571 -0.00053753 0.999811 21.0757
0.999717 -0.0114295 -0.0208587 -0.17498 0.0114316 0.999935 -2.05027e-05 -0.100186 0.0208575 -0.000217949 0.999783 21.9451
0.999688 -0.0115997 -0.0221427 -0.194086 0.0116103 0.999933 0.00034776 -0.101863 0.0221372 -0.000604733 0.999755 22.7567
0.999677 -0.0114798 -0.0226666 -0.213868 0.0115295 0.999931 0.00206401 -0.103279 0.0226413 -0.00232468 0.999741 23.6556
0.999627 -0.0127089 -0.0241798 -0.241423 0.0128321 0.999905 0.00494716 -0.105165 0.0241146 -0.00525559 0.999695 24.4871
0.999609 -0.0128878 -0.0248339 -0.265055 0.0130545 0.999893 0.00656494 -0.107695 0.0247466 -0.00688656 0.99967 25.3184
0.99963 -0.0118409 -0.0245066 -0.285759 0.0119753 0.999914 0.00534326 -0.110608 0.0244412 -0.00563475 0.999686 26.1721
0.999608 -0.0102587 -0.026041 -0.313244 0.0103334 0.999943 0.00273712 -0.113512 0.0260115 -0.00300514 0.999657 26.9695
0.999593 -0.00955976 -0.0268699 -0.33592 0.00959904 0.999953 0.00133341 -0.111941 0.0268559 -0.0015908 0.999638 27.7996
0.999583 -0.00930968 -0.0273348 -0.362807 0.00933918 0.999956 0.00095174 -0.114131 0.0273248 -0.00120663 0.999626 28.5829
0.999549 -0.00999945 -0.0283067 -0.386071 0.0100228 0.99995 0.000684492 -0.121285 0.0282985 -0.000967896 0.999599 29.3437
0.999508 -0.00952985 -0.029892 -0.415651 0.0095274 0.999955 -0.000224181 -0.125269 0.0298928 -6.07219e-05 0.999553 30.1401
0.999426 -0.00929167 -0.0325789 -0.445264 0.00928432 0.999957 -0.000376877 -0.129723 0.032581 7.41872e-05 0.999469 30.9297
0.999352 -0.00978629 -0.0346453 -0.483405 0.00982363 0.999951 0.000907824 -0.129765 0.0346347 -0.00124758 0.999399 31.6593
0.99928 -0.00988974 -0.0366349 -0.511719 0.0100023 0.999946 0.00289176 -0.135205 0.0366044 -0.00325611 0.999325 32.4177
0.999224 -0.00977827 -0.0381665 -0.544362 0.00996274 0.99994 0.00464601 -0.135157 0.0381188 -0.00502265 0.999261 33.1645
0.999139 -0.00858363 -0.040582 -0.582015 0.00878875 0.99995 0.00487884 -0.141784 0.0405381 -0.00523131 0.999164 33.8832
0.999105 -0.00577171 -0.0419119 -0.617724 0.00595718 0.999973 0.00430159 -0.140592 0.0418859 -0.00454741 0.999112 34.6085
0.999025 -0.0039537 -0.043969 -0.657836 0.00411103 0.999986 0.00348841 -0.142695 0.0439545 -0.00366577 0.999027 35.3026
0.99896 -0.00305443 -0.0454871 -0.696481 0.00327159 0.999984 0.00470035 -0.140803 0.045472 -0.00484428 0.998954 36.003
0.998906 -0.00229744 -0.0466974 -0.73675 0.00258887 0.999978 0.00618128 -0.140751 0.0466821 -0.00629541 0.99889 36.7152
0.998921 0.000407786 -0.0464348 -0.772067 -8.77846e-05 0.999976 0.00689326 -0.140531 0.0464365 -0.00688174 0.998898 37.3699
0.998951 0.00366062 -0.0456373 -0.808654 -0.00342759 0.999981 0.00518326 -0.145531 0.0456554 -0.00502139 0.998945 38.04
0.999021 0.00599908 -0.0438416 -0.844074 -0.0059247 0.999981 0.00182624 -0.145451 0.0438517 -0.0015647 0.999037 38.699
0.999135 0.00610167 -0.0411368 -0.881977 -0.00610759 0.999981 -1.81556e-05 -0.143201 0.041136 0.000269388 0.999154 39.3124
0.999244 0.00704588 -0.0382241 -0.911418 -0.00702629 0.999975 0.000647015 -0.145561 0.0382277 -0.000377951 0.999269 39.9663
0.999323 0.0113121 -0.0350107 -0.937499 -0.0112104 0.999932 0.00310028 -0.148596 0.0350434 -0.0027057 0.999382 40.6093
0.999395 0.0158931 -0.0309477 -0.962028 -0.0156874 0.999853 0.00687914 -0.148314 0.0310525 -0.00638949 0.999497 41.2115
0.999414 0.0207763 -0.0272056 -0.99162 -0.0205621 0.999756 0.00813165 -0.151228 0.0273679 -0.00756748 0.999597 41.8134
0.999445 0.0253941 -0.0215775 -1.01687 -0.0252163 0.999646 0.00847336 -0.150812 0.0217851 -0.00792455 0.999731 42.4099
0.99946 0.0289211 -0.0156232 -1.03678 -0.0287626 0.999534 0.0102725 -0.146734 0.015913 -0.00981757 0.999825 42.9647
0.999391 0.0336269 -0.00929009 -1.04055 -0.03352 0.999373 0.0114374 -0.147405 0.00966886 -0.011119 0.999892 43.5244
0.999286 0.0377443 -0.00165084 -1.05804 -0.037723 0.999223 0.0114454 -0.147951 0.00208156 -0.011375 0.999933 44.054
0.999164 0.0406289 0.00466446 -1.06306 -0.0406801 0.999106 0.011484 -0.148691 -0.0041937 -0.0116642 0.999923 44.5662
0.998906 0.044939 0.012967 -1.06118 -0.0450818 0.998923 0.010941 -0.147386 -0.0124613 -0.0115136 0.999856 45.0438
0.998561 0.0494536 0.0207609 -1.06629 -0.0496321 0.998734 0.00817216 -0.143906 -0.0203304 -0.0091908 0.999751 45.5148
0.998282 0.051334 0.0282582 -1.04792 -0.0514988 0.99866 0.0051365 -0.148745 -0.0279566 -0.00658293 0.999588 45.9511
0.997947 0.0524152 0.0367902 -1.0353 -0.0526285 0.998602 0.0048536 -0.146428 -0.0364843 -0.00677984 0.999311 46.3685
0.997681 0.0512886 0.0447393 -1.01784 -0.0516116 0.998649 0.00609429 -0.149335 -0.0443663 -0.00838922 0.99898 46.7673
0.997211 0.0531179 0.0524363 -0.993649 -0.053542 0.998543 0.00671547 -0.149977 -0.0520032 -0.00950428 0.998602 47.1458
0.996523 0.056013 0.0616787 -0.982103 -0.0565496 0.998375 0.00698715 -0.149825 -0.0611871 -0.0104508 0.998072 47.5015
0.995696 0.0607468 0.0699997 -0.959441 -0.0613402 0.998097 0.0063559 -0.151714 -0.0694804 -0.0106223 0.997527 47.8199
0.994746 0.0646833 0.0793564 -0.942956 -0.065413 0.997836 0.00662732 -0.151609 -0.078756 -0.0117834 0.996824 48.1227
0.993975 0.064173 0.088863 -0.905113 -0.0650496 0.997858 0.0070006 -0.155486 -0.0882234 -0.0127389 0.996019 48.4013
0.993046 0.0630813 0.0994028 -0.872841 -0.0639133 0.997942 0.00520391 -0.158574 -0.0988699 -0.0115209 0.995034 48.6689
0.9919 0.0617695 0.110989 -0.832095 -0.0622467 0.998061 0.000835929 -0.161756 -0.110722 -0.00773785 0.993821 48.9328
0.990294 0.0626093 0.124092 -0.793587 -0.0627073 0.998027 -0.00311942 -0.163975 -0.124042 -0.00469231 0.992266 49.1994
0.988212 0.0644919 0.138844 -0.749144 -0.0643438 0.997912 -0.00555986 -0.165348 -0.138912 -0.0034394 0.990299 49.4563
0.985529 0.0663187 0.155997 -0.700847 -0.0660267 0.997793 -0.00705836 -0.168422 -0.15612 -0.00334372 0.987732 49.712
0.982699 0.0667813 0.172749 -0.653715 -0.0663356 0.997762 -0.0083583 -0.170552 -0.17292 -0.00324569 0.984931 49.9483
0.979399 0.0663322 0.190728 -0.585753 -0.0657464 0.997792 -0.00940512 -0.174675 -0.190931 -0.00332831 0.981598 50.1954
0.975593 0.0649819 0.209753 -0.514854 -0.0643379 0.997879 -0.00989967 -0.178723 -0.209951 -0.003837 0.977704 50.4517
0.970976 0.065348 0.230076 -0.444142 -0.0645289 0.997854 -0.011091 -0.182625 -0.230307 -0.00407746 0.97311 50.6811
0.965596 0.0674436 0.251149 -0.363912 -0.0662156 0.997716 -0.0133469 -0.185339 -0.251476 -0.00374231 0.967856 50.9245
0.95935 0.0689242 0.273674 -0.276989 -0.0672374 0.997616 -0.0155505 -0.190077 -0.274093 -0.00348277 0.961697 51.17
0.951987 0.0700816 0.298008 -0.192834 -0.0681751 0.997532 -0.0168011 -0.197115 -0.29845 -0.00432231 0.954416 51.4022
0.943348 0.0727943 0.323721 -0.0876942 -0.0708265 0.997329 -0.0178727 -0.203198 -0.324157 -0.00606779 0.945984 51.6436
0.933419 0.0749841 0.350864 0.0231077 -0.0730142 0.997153 -0.0188612 -0.211916 -0.35128 -0.00801271 0.936236 51.8873
0.922215 0.0760116 0.379132 0.138666 -0.0737239 0.997066 -0.0205714 -0.219634 -0.379584 -0.00897985 0.925114 52.1145
0.909564 0.0744283 0.408844 0.270997 -0.0714201 0.997189 -0.0226441 -0.229362 -0.40938 -0.00860337 0.912324 52.3526
0.894423 0.0718692 0.44141 0.422986 -0.0675743 0.997389 -0.0254674 -0.239795 -0.442088 -0.00704936 0.896944 52.5853
0.877069 0.0710357 0.475084 0.575938 -0.0647326 0.997463 -0.0296379 -0.250208 -0.475984 -0.00475898 0.879441 52.7963
0.857507 0.0731559 0.509244 0.752377 -0.0643517 0.997317 -0.0349097 -0.259313 -0.510432 -0.00283542 0.859914 53.0383
0.835699 0.0753004 0.544001 0.918657 -0.0641569 0.997159 -0.0394679 -0.26774 -0.545428 -0.00191818 0.838156 53.2558
0.811194 0.0782839 0.579513 1.12039 -0.0651546 0.996928 -0.0434681 -0.280393 -0.581136 -0.00249684 0.813803 53.4752
0.783567 0.0823003 0.615832 1.34458 -0.068093 0.996593 -0.0465458 -0.295765 -0.617565 -0.00546211 0.786501 53.7256
0.753554 0.0867113 0.651642 1.5633 -0.0714599 0.996193 -0.0499237 -0.307094 -0.653491 -0.00894606 0.756882 53.9393
0.720657 0.0883211 0.687643 1.83093 -0.0717969 0.996027 -0.0526862 -0.325202 -0.689564 -0.011402 0.724135 54.1712
0.684145 0.086434 0.724206 2.12626 -0.0685804 0.996177 -0.054107 -0.348093 -0.726115 -0.0126493 0.687457 54.4111
0.645148 0.084998 0.759315 2.42054 -0.0657946 0.996282 -0.0556221 -0.368823 -0.761219 -0.0140743 0.648342 54.6131
0.602712 0.0849741 0.793422 2.76689 -0.0639495 0.996259 -0.0581193 -0.387634 -0.795392 -0.0157097 0.605891 54.8377
0.557083 0.0847095 0.826125 3.10961 -0.0608334 0.996274 -0.0611343 -0.412021 -0.828226 -0.0161991 0.560161 55.0193
0.509026 0.0836753 0.856674 3.49798 -0.0573474 0.996349 -0.0632428 -0.439683 -0.858839 -0.0169358 0.511966 55.2098
0.460462 0.0818194 0.883901 3.91693 -0.0554914 0.996449 -0.0633297 -0.467838 -0.885943 -0.019888 0.463367 55.3933
0.410833 0.0794011 0.908247 4.32082 -0.0549195 0.996547 -0.0622784 -0.494996 -0.910055 -0.0242944 0.413775 55.5419
0.360559 0.0791342 0.929373 4.76363 -0.0573877 0.996389 -0.0625763 -0.515783 -0.930969 -0.0307722 0.363799 55.6985
0.311044 0.0802706 0.947 5.24953 -0.0559472 0.996245 -0.0660688 -0.535178 -0.948748 -0.0324317 0.314367 55.832
0.264007 0.0765976 0.961475 5.70412 -0.0452979 0.996726 -0.0669679 -0.575915 -0.963457 -0.0258728 0.266612 55.9166
0.219607 0.0710548 0.972998 6.20485 -0.0317438 0.997337 -0.0656676 -0.607149 -0.975072 -0.0164656 0.221277 55.9877
0.177277 0.0689617 0.981742 6.73883 -0.0219422 0.997571 -0.0661114 -0.647293 -0.983916 -0.00982149 0.17836 56.0503
0.138972 0.0713655 0.987721 7.24769 -0.0181381 0.997416 -0.0695139 -0.663624 -0.99013 -0.00825486 0.139907 56.0977
0.105979 0.0716183 0.991786 7.78348 -0.0101878 0.997429 -0.0709371 -0.70488 -0.994316 -0.00258623 0.106436 56.1238
0.0767339 0.0701834 0.994578 8.34644 -0.00164968 0.997527 -0.0702642 -0.747101 -0.99705 0.00375091 0.0766599 56.1418
0.0518075 0.0685542 0.996301 8.89471 0.00442156 0.997616 -0.0688745 -0.779657 -0.998647 0.00797343 0.0513809 56.1522
0.0319264 0.067591 0.997202 9.47279 0.0103516 0.997635 -0.0679518 -0.813431 -0.999437 0.0124921 0.0311513 56.155
0.0155351 0.0688604 0.997505 10.0683 0.012552 0.997534 -0.0690578 -0.848774 -0.999801 0.0135935 0.0146325 56.1552
0.00223014 0.0690837 0.997608 10.6462 0.0136625 0.997516 -0.0691078 -0.884314 -0.999904 0.013784 0.00128074 56.1429
-0.00939051 0.0700863 0.997497 11.2625 0.0141907 0.99745 -0.0699494 -0.917352 -0.999855 0.0134983 -0.0103611 56.133
-0.0188832 0.0726792 0.997177 11.8562 0.0189321 0.997202 -0.0723225 -0.959702 -0.999643 0.017513 -0.0202063 56.115
-0.0256664 0.0743568 0.996901 12.5006 0.023437 0.997001 -0.0737608 -1.0053 -0.999396 0.0214712 -0.0273321 56.0872
-0.0300204 0.07402 0.996805 13.1243 0.023678 0.997027 -0.0733234 -1.04202 -0.999269 0.0214011 -0.0316838 56.0703
-0.0341543 0.0712165 0.996876 13.7846 0.0214227 0.997281 -0.0705115 -1.08458 -0.999187 0.0189475 -0.0355871 56.0503
-0.0363607 0.0646132 0.997248 14.453 0.0195865 0.997762 -0.0639324 -1.1208 -0.999147 0.0172079 -0.0375449 56.0268
-0.0377274 0.0587186 0.997561 15.1315 0.0202859 0.998111 -0.0579837 -1.16366 -0.999082 0.0180489 -0.0388473 56.0074
-0.0381996 0.0563966 0.997677 15.8299 0.0233273 0.998184 -0.055532 -1.19995 -0.998998 0.0211518 -0.0394458 55.9759
-0.0380149 0.0583258 0.997573 16.5202 0.0275308 0.997977 -0.0573003 -1.24656 -0.998898 0.0252857 -0.0395438 55.9448
-0.037237 0.0656385 0.997148 17.2 0.0281255 0.997514 -0.0646123 -1.28159 -0.998911 0.0256393 -0.0389906 55.9164
-0.0344999 0.0732575 0.996716 17.9142 0.02734 0.997006 -0.0723324 -1.32746 -0.999031 0.0247548 -0.0363994 55.8973
-0.0332396 0.074656 0.996655 18.6351 0.0279863 0.996885 -0.0737398 -1.36561 -0.999056 0.0254416 -0.0352254 55.8758
-0.0304546 0.0703781 0.997055 19.368 0.0283933 0.997177 -0.0695194 -1.41103 -0.999133 0.0261925 -0.0323669 55.858
-0.0278974 0.063989 0.997561 20.0944 0.0284381 0.997596 -0.063196 -1.45876 -0.999206 0.0266057 -0.0296501 55.8404
-0.0254102 0.0619645 0.997755 20.8415 0.0263984 0.997771 -0.0612932 -1.50477 -0.999329 0.0247816 -0.0269894 55.8272
-0.0217661 0.067151 0.997505 21.5754 0.033192 0.99724 -0.0664089 -1.55944 -0.999212 0.0316638 -0.0239349 55.8123
-0.0185682 0.072615 0.997187 22.3008 0.0358544 0.996766 -0.0719167 -1.61005 -0.999185 0.0344182 -0.0211117 55.794
-0.0165811 0.0735531 0.997153 23.0345 0.0295657 0.996891 -0.0730421 -1.65432 -0.999425 0.0282705 -0.0187042 55.7947
-0.0132507 0.0706955 0.99741 23.7793 0.0244533 0.997222 -0.0703573 -1.69863 -0.999613 0.0234577 -0.0149427 55.8022
-0.00846892 0.066316 0.997763 24.5299 0.0288389 0.9974 -0.0660471 -1.75375 -0.999548 0.0282151 -0.0103594 55.794
-0.0050208 0.0671932 0.997727 25.2452 0.0342184 0.997167 -0.0669833 -1.80704 -0.999402 0.0338043 -0.00730582 55.788
-0.00220671 0.07134 0.99745 25.9744 0.0342203 0.996873 -0.0712231 -1.86105 -0.999412 0.0339759 -0.00464109 55.7867
0.00130809 0.0727212 0.997351 26.7196 0.0296732 0.99691 -0.072728 -1.90362 -0.999559 0.0296897 -0.00085382 55.7987
0.00495298 0.0716485 0.997418 27.4742 0.0280369 0.997028 -0.0717597 -1.96042 -0.999595 0.0283199 0.00292946 55.8104
0.0092258 0.0694066 0.997546 28.2125 0.0327771 0.997031 -0.0696739 -2.00765 -0.99942 0.0333394 0.00692347 55.8079
0.0127593 0.0691104 0.997527 28.9486 0.0374946 0.996874 -0.0695447 -2.06332 -0.999215 0.0382893 0.0101282 55.8124
0.0160654 0.0702377 0.997401 29.6982 0.0402636 0.996675 -0.0708352 -2.11812 -0.99906 0.041297 0.013184 55.8294
0.0193363 0.0701169 0.997351 30.4365 0.040911 0.996647 -0.0708605 -2.1675 -0.998976 0.0421728 0.0164029 55.8372
0.0225289 0.0689268 0.997367 31.1768 0.0419408 0.996677 -0.0698265 -2.21467 -0.998866 0.0434035 0.0195632 55.8588
0.0263512 0.0675969 0.997365 31.9192 0.0446718 0.996635 -0.0687277 -2.27114 -0.998654 0.0463652 0.0232429 55.8844
0.0294222 0.0680716 0.997246 32.6681 0.0426537 0.996684 -0.0692917 -2.31844 -0.998657 0.044575 0.0264212 55.9051
0.0321517 0.0693626 0.997073 33.4151 0.0392337 0.996733 -0.070604 -2.3674 -0.998713 0.0413889 0.0293253 55.9302
0.0350473 0.0694912 0.996967 34.1682 0.0410918 0.996636 -0.0709127 -2.42176 -0.998541 0.0434524 0.0320739 55.9681
0.0376782 0.0688941 0.996912 34.9187 0.039108 0.996755 -0.0703613 -2.47243 -0.998524 0.0416383 0.0348616 55.9974
0.0397746 0.0693029 0.996802 35.7009 0.0372331 0.996796 -0.0707881 -2.52454 -0.998515 0.0399297 0.0370668 56.0364
0.0434026 0.0696874 0.996624 36.4253 0.035105 0.996842 -0.0712315 -2.57943 -0.998441 0.0380781 0.0408191 56.0743
0.046222 0.0714467 0.996373 37.1892 0.0324715 0.996804 -0.072984 -2.62896 -0.998403 0.0357272 0.0437543 56.1153
0.0491291 0.0748149 0.995986 37.9437 0.0320631 0.996559 -0.0764395 -2.68698 -0.998278 0.0356898 0.0465612 56.1593
0.0521488 0.0770076 0.995666 38.7059 0.0317588 0.99639 -0.078727 -2.7431 -0.998134 0.0357266 0.0495148 56.2047
0.0553266 0.079116 0.995329 39.4792 0.0260204 0.996403 -0.0806477 -2.80149 -0.998129 0.0303609 0.053069 56.2643
0.0583487 0.0788286 0.995179 40.241 0.0216199 0.996544 -0.0802043 -2.8495 -0.998062 0.0261955 0.0564427 56.3139
0.0619404 0.0787791 0.994966 41.0085 0.0239552 0.996476 -0.08039 -2.91585 -0.997792 0.028814 0.059835 56.3736
0.0654414 0.0798956 0.994653 41.8149 0.0239388 0.996377 -0.0816091 -2.9853 -0.997569 0.0291515 0.0632917 56.4265
0.0685214 0.0808509 0.994368 42.6034 0.0194442 0.996413 -0.0823571 -3.04287 -0.99746 0.024978 0.0667035 56.4974
0.0735269 0.0797106 0.994103 43.3686 0.0183851 0.996523 -0.0812645 -3.09317 -0.997124 0.0242518 0.0718058 56.562
0.0782194 0.0782807 0.993858 44.1648 0.0197386 0.996595 -0.0800497 -3.17033 -0.996741 0.0258788 0.076408 56.6297
0.0828182 0.0829435 0.993107 44.9728 0.015672 0.996299 -0.084517 -3.22669 -0.996442 0.0225635 0.0812118 56.7027
0.0891567 0.09059 0.991889 45.7621 0.0132269 0.99566 -0.0921232 -3.29941 -0.99593 0.0213331 0.0875715 56.791
0.096522 0.0958946 0.990701 46.5568 0.0118968 0.995166 -0.0974859 -3.36914 -0.99526 0.0211958 0.0949146 56.8766
0.103532 0.0986653 0.98972 47.3641 0.00680246 0.994974 -0.0999007 -3.44299 -0.994603 0.0170755 0.10234 56.9738
0.111027 0.0972781 0.989045 48.1642 0.00398655 0.995146 -0.0983257 -3.51607 -0.99381 0.0148597 0.1101 57.0826
0.118253 0.0950979 0.988419 48.9939 0.00359854 0.995356 -0.0961958 -3.59689 -0.992977 0.0149323 0.117362 57.1853
0.125602 0.092193 0.987788 49.7951 0.00330296 0.995628 -0.0933448 -3.67325 -0.992075 0.0149869 0.124748 57.2975
0.13346 0.0860013 0.987316 50.6137 0.0016871 0.996207 -0.0870038 -3.74672 -0.991053 0.0132773 0.132809 57.4138
0.140495 0.0795856 0.986877 51.4263 -0.00117043 0.996777 -0.0802172 -3.81056 -0.990081 0.0101151 0.140136 57.5401
0.148328 0.0755166 0.986051 52.2346 -0.000655781 0.997087 -0.0762632 -3.8819 -0.988938 0.0106654 0.147946 57.6747
0.155613 0.0775002 0.984773 53.0326 -0.000394429 0.996922 -0.078394 -3.9473 -0.987818 0.0118107 0.155165 57.8068
0.161519 0.0839384 0.983293 53.8204 -0.00163824 0.996398 -0.0847879 -4.01495 -0.986868 0.012084 0.161075 57.9463
0.166226 0.0881787 0.982137 54.5851 -0.00270274 0.996031 -0.0889687 -4.07882 -0.986084 0.0121345 0.165805 58.0842
0.171516 0.0905759 0.981009 55.3727 -0.00388385 0.995819 -0.0912643 -4.15441 -0.985174 0.0118432 0.17115 58.2317
0.177215 0.0909123 0.979964 56.1284 -0.0063335 0.995809 -0.0912369 -4.22148 -0.984152 0.00996198 0.177048 58.382
0.181838 0.0875504 0.979423 56.863 -0.00336714 0.996078 -0.088414 -4.29214 -0.983323 0.0127791 0.181419 58.5185
0.186976 0.0819463 0.978941 57.6501 -0.00255874 0.996552 -0.0829318 -4.35791 -0.982361 0.0130014 0.186541 58.6808
0.190341 0.0742991 0.978902 58.3988 -0.00319752 0.997174 -0.0750641 -4.42439 -0.981713 0.0111577 0.190041 58.8226
0.193411 0.0711966 0.978531 59.1268 -0.00633731 0.997433 -0.0713193 -4.4801 -0.981098 0.00759269 0.193366 58.9855
0.196596 0.0710297 0.977908 59.857 -0.0079829 0.997455 -0.0708447 -4.54281 -0.980452 0.00612126 0.196663 59.1371
0.198805 0.0729818 0.977318 60.5683 -0.0101471 0.997323 -0.0724116 -4.5949 -0.979987 0.00447882 0.199013 59.2947
0.200527 0.0767778 0.976675 61.2695 -0.0136496 0.997047 -0.0755767 -4.65302 -0.979593 0.00182396 0.200983 59.4509
0.20261 0.081837 0.975834 61.9486 -0.015068 0.996644 -0.0804537 -4.70862 -0.979144 0.00159682 0.203163 59.605
0.204126 0.0872383 0.97505 62.6273 -0.01725 0.996187 -0.0855182 -4.76505 -0.978793 0.000636853 0.204853 59.7518
0.206208 0.0888263 0.974468 63.3099 -0.0157358 0.996044 -0.0874631 -4.82862 -0.978382 0.00270154 0.20679 59.9076
0.207255 0.0888372 0.974245 63.9779 -0.0179318 0.996046 -0.0870105 -4.88131 -0.978123 0.000563456 0.208029 60.0605
0.208254 0.0859619 0.97429 64.6393 -0.0170948 0.996298 -0.0842496 -4.94801 -0.977926 0.00089005 0.208952 60.2095
0.209256 0.0834436 0.974294 65.2859 -0.0167112 0.996512 -0.0817573 -5.00175 -0.977718 0.000826572 0.20992 60.3604
0.208628 0.0825008 0.974509 65.9451 -0.0165806 0.996591 -0.0808205 -5.06103 -0.977855 0.000703421 0.209285 60.5012
0.207169 0.0815688 0.974899 66.5705 -0.0164806 0.996668 -0.079888 -5.11632 -0.978166 0.000483449 0.207823 60.6351
0.205602 0.0821633 0.975181 67.2073 -0.0172759 0.996619 -0.0803272 -5.17276 -0.978483 -0.000331752 0.206326 60.7716
0.203174 0.0852171 0.975427 67.824 -0.018115 0.996362 -0.0832728 -5.22496 -0.978975 -0.000751045 0.203978 60.9021
0.201116 0.0888559 0.975529 68.4159 -0.0170737 0.996044 -0.0872046 -5.28329 -0.979419 0.000882359 0.201837 61.0204
0.199192 0.089705 0.975846 68.9937 -0.0151293 0.995964 -0.0884662 -5.33429 -0.979844 0.00285795 0.199746 61.1441
0.196938 0.0884985 0.976414 69.5762 -0.0152322 0.996074 -0.0872082 -5.38413 -0.980298 0.00230169 0.197513 61.2563
0.194608 0.0853173 0.977164 70.154 -0.0149361 0.996352 -0.084018 -5.43148 -0.980768 0.00175555 0.195172 61.3801
0.192297 0.0817087 0.977929 70.7244 -0.0139017 0.996655 -0.0805397 -5.48569 -0.981238 0.00189261 0.19279 61.4846
0.190803 0.0802761 0.97834 71.272 -0.0107531 0.996762 -0.0796905 -5.53533 -0.981569 0.00468503 0.191049 61.5779
0.188506 0.0819041 0.978651 71.8037 -0.00704838 0.996603 -0.0820489 -5.58219 -0.982047 0.00856882 0.188443 61.6952
0.186471 0.0835281 0.978903 72.3549 -0.00281097 0.996421 -0.0844873 -5.62972 -0.982457 0.0130028 0.186038 61.7809
0.184481 0.0858787 0.979077 72.8949 -0.00336922 0.996225 -0.086748 -5.67115 -0.98283 0.0127046 0.184074 61.8777
0.183053 0.0876525 0.979188 73.4329 -0.0038619 0.996074 -0.0884421 -5.72306 -0.983096 0.012408 0.182673 61.9997
0.182473 0.0868818 0.979365 73.9747 -0.00211536 0.996121 -0.0879741 -5.76843 -0.983209 0.0139812 0.181949 62.1049
0.183216 0.0847858 0.97941 74.521 0.00331858 0.996215 -0.0868614 -5.81771 -0.983067 0.0191647 0.182241 62.2016
0.184723 0.083386 0.979247 75.0706 0.00891354 0.996211 -0.0865119 -5.86184 -0.98275 0.0247093 0.18328 62.3067
0.18716 0.0822675 0.978878 75.6131 0.0115574 0.996234 -0.0859358 -5.91024 -0.982262 0.027397 0.185504 62.4012
0.190599 0.0822972 0.978212 76.1566 0.00980096 0.996271 -0.0857261 -5.95704 -0.981619 0.0259267 0.189081 62.5167
0.195785 0.0826195 0.97716 76.7115 0.00801077 0.996277 -0.0858408 -6.0052 -0.980614 0.0246341 0.194394 62.6445
0.202297 0.0815475 0.975923 77.2669 0.00994949 0.996305 -0.085313 -6.05143 -0.979274 0.0269685 0.200739 62.768
0.209996 0.081482 0.974301 77.8333 0.00775927 0.996351 -0.0849984 -6.09885 -0.977672 0.0254092 0.208597 62.8799
0.21785 0.0802231 0.97268 78.4061 0.0076762 0.996444 -0.0839023 -6.13992 -0.975952 0.0257446 0.21646 63.0362
0.226677 0.0792809 0.970738 78.9868 0.00527881 0.996567 -0.0826231 -6.19252 -0.973956 0.0238531 0.225481 63.1878
0.236435 0.0793688 0.9684 79.555 0.00297486 0.996594 -0.0824059 -6.23747 -0.971643 0.0223645 0.235394 63.3249
0.246284 0.082325 0.965695 80.1474 -0.00161002 0.996419 -0.0845337 -6.28636 -0.969196 0.0192645 0.245535 63.5028
0.255684 0.0853434 0.962986 80.7264 -0.00549061 0.996208 -0.0868298 -6.33109 -0.966745 0.0169136 0.255183 63.6702
0.266711 0.0876591 0.959782 81.3347 -0.00915014 0.996041 -0.088428 -6.37894 -0.963733 0.0148026 0.266457 63.8534
0.277417 0.0893621 0.956585 81.9371 -0.0110413 0.995896 -0.0898324 -6.43461 -0.960686 0.014359 0.277265 64.0376
0.287524 0.0905241 0.953486 82.5575 -0.0146316 0.995822 -0.0901313 -6.4882 -0.957662 0.0119639 0.287648 64.2351
0.297578 0.0908328 0.950367 83.1759 -0.0153048 0.99579 -0.0903819 -6.54023 -0.954575 0.0123505 0.297715 64.4464
0.307714 0.0915623 0.947063 83.7935 -0.0189662 0.995752 -0.0901072 -6.59177 -0.95129 0.00976509 0.308143 64.659
0.318996 0.0874702 0.943711 84.4977 -0.018885 0.996121 -0.0859444 -6.64664 -0.947568 0.00959389 0.31941 64.9115
0.328774 0.0794612 0.94106 85.1216 -0.0151704 0.99677 -0.0788652 -6.70059 -0.944287 0.0116526 0.328917 65.1348
0.339976 0.0750308 0.937436 85.8033 -0.0134254 0.997098 -0.0749371 -6.75741 -0.940338 0.0128914 0.339996 65.3813
0.350564 0.0714058 0.933813 86.476 -0.0121484 0.997352 -0.0717038 -6.80192 -0.93646 0.0137924 0.350503 65.6451
0.359264 0.0691941 0.930667 87.1573 -0.00880408 0.997455 -0.070761 -6.85338 -0.933195 0.0172282 0.358959 65.9111
0.368007 0.0649906 0.927549 87.8568 -0.00215005 0.997611 -0.0690466 -6.89336 -0.929821 0.0234153 0.367267 66.1951
0.375569 0.0550094 0.92516 88.595 0.0075012 0.998024 -0.0623869 -6.94164 -0.926764 0.0303704 0.374414 66.4845
0.382546 0.0495484 0.922607 89.2869 0.0135397 0.998153 -0.0592197 -6.99201 -0.923837 0.035146 0.381168 66.7658
0.389851 0.0491801 0.919564 90.0135 0.0175598 0.997994 -0.0608192 -7.03546 -0.920711 0.0398578 0.388206 67.0785
0.397392 0.0550241 0.915998 90.7119 0.0190588 0.997491 -0.0681878 -7.08728 -0.917451 0.0445551 0.395346 67.3858
0.404724 0.0603658 0.912444 91.432 0.0214643 0.996917 -0.075475 -7.13624 -0.914187 0.0501315 0.40218 67.6936
0.410408 0.0617312 0.90981 92.1219 0.0203467 0.996838 -0.0768143 -7.19191 -0.911675 0.0500369 0.407854 68.0133
0.414639 0.0641254 0.907724 92.8253 0.0131742 0.996987 -0.076449 -7.24794 -0.909891 0.0436572 0.412544 68.3581
0.418601 0.0669381 0.9057 93.5138 0.00826366 0.996958 -0.0775021 -7.30507 -0.908133 0.0399269 0.416775 68.6941
0.423194 0.0702589 0.903311 94.1975 0.00580314 0.996758 -0.0802459 -7.37205 -0.906021 0.0392016 0.421414 69.0137
0.426844 0.0738997 0.901301 94.8633 0.00445614 0.996472 -0.0838133 -7.43303 -0.904314 0.0397915 0.425008 69.3485
0.430442 0.0773467 0.899298 95.5144 -0.000114119 0.996326 -0.0856372 -7.49424 -0.902618 0.0367592 0.428869 69.6665
0.434138 0.0756514 0.897664 96.1687 4.92592e-05 0.996466 -0.0840018 -7.5547 -0.900846 0.0365126 0.4326 70.0023
0.438023 0.072226 0.896058 96.8156 0.000861419 0.996733 -0.080762 -7.61995 -0.898964 0.0361475 0.436529 70.3131
0.44171 0.069571 0.894456 97.4622 0.000933799 0.996953 -0.0780043 -7.67762 -0.897157 0.0352905 0.440299 70.6426
0.444828 0.0684612 0.892996 98.0826 4.60367e-05 0.997072 -0.0764631 -7.73942 -0.895616 0.034054 0.443522 70.9625
0.448675 0.0701888 0.890935 98.7016 -0.00233795 0.997 -0.0773673 -7.79222 -0.893692 0.0326298 0.447493 71.2786
0.451647 0.0706491 0.889395 99.3039 -0.00167599 0.996925 -0.0783396 -7.85075 -0.892195 0.0338912 0.450376 71.5886
0.453496 0.0688301 0.888596 99.9036 0.000809596 0.996981 -0.0776387 -7.90153 -0.891258 0.0359283 0.452072 71.906
0.455299 0.0674476 0.88778 100.497 0.00292722 0.997008 -0.0772472 -7.95735 -0.890334 0.0377694 0.45374 72.2073
0.457224 0.0676341 0.886776 101.085 0.00165723 0.997038 -0.0768981 -8.00994 -0.88935 0.0366292 0.455757 72.5148
0.458984 0.0667717 0.885932 101.662 0.00355647 0.997026 -0.0769873 -8.06421 -0.888437 0.0384868 0.457382 72.8196
0.461717 0.0685088 0.884378 102.216 0.002956 0.996889 -0.0787678 -8.11104 -0.887023 0.0389826 0.460078 73.1098
0.46447 0.0685592 0.882931 102.773 0.0050525 0.996777 -0.0800573 -8.16458 -0.885575 0.0416452 0.462627 73.404
0.467937 0.0672958 0.881196 103.328 0.00769714 0.996749 -0.0802077 -8.21974 -0.883728 0.0443149 0.465897 73.6942
0.470427 0.06595 0.879971 103.841 0.0102547 0.996728 -0.0801825 -8.26552 -0.88238 0.0467439 0.468211 73.9708
0.474374 0.065088 0.877914 104.374 0.0114111 0.996725 -0.0800625 -8.31572 -0.880249 0.0479976 0.472078 74.2565
0.47699 0.0648142 0.876516 104.898 0.0120974 0.996699 -0.0802844 -8.36698 -0.878825 0.0488984 0.474631 74.5468
0.480035 0.0638784 0.87492 105.397 0.0129933 0.996718 -0.0798998 -8.41408 -0.877153 0.0497228 0.47763 74.8291
0.484058 0.0633709 0.872738 105.916 0.0145836 0.996651 -0.0804571 -8.46279 -0.874914 0.0516736 0.481513 75.1132
0.487899 0.0646948 0.8705 106.406 0.0141167 0.996535 -0.0819737 -8.50718 -0.872786 0.0522835 0.485295 75.3867
0.492253 0.0645969 0.868052 106.909 0.0162512 0.996387 -0.0833628 -8.55975 -0.870301 0.0551425 0.489425 75.6752
0.497325 0.0677187 0.864918 107.403 0.014495 0.996161 -0.086329 -8.60839 -0.867444 0.0554705 0.494434 75.961
0.502553 0.0734304 0.861422 107.891 0.011187 0.995751 -0.0914074 -8.66172 -0.864474 0.0555738 0.499596 76.2615
0.508138 0.0806305 0.857493 108.36 0.00587796 0.99526 -0.097068 -8.71077 -0.861256 0.0543642 0.505255 76.55
0.514742 0.0869297 0.852927 108.844 0.000608932 0.994809 -0.101758 -8.76083 -0.857345 0.0528984 0.512017 76.8578
0.520698 0.0913837 0.848836 109.314 -0.00344112 0.994471 -0.104952 -8.81486 -0.853734 0.0517271 0.518133 77.1631
0.525851 0.0922566 0.845559 109.802 -0.00749016 0.994564 -0.103856 -8.86943 -0.850544 0.0482794 0.523683 77.488
0.531714 0.0910808 0.842012 110.298 -0.0133974 0.994981 -0.0991673 -8.92234 -0.846818 0.0414479 0.530266 77.8215
0.537077 0.0888023 0.838846 110.789 -0.0195606 0.995487 -0.0928609 -8.97842 -0.843307 0.0334651 0.53639 78.1623
0.542975 0.0869727 0.835233 111.288 -0.0259643 0.995885 -0.0868223 -9.03419 -0.839347 0.0254561 0.542999 78.5156
0.548661 0.0851172 0.831701 111.793 -0.0287615 0.996137 -0.0829722 -9.0863 -0.83555 0.0216027 0.54899 78.8611
0.555087 0.0883122 0.827091 112.303 -0.0337871 0.995921 -0.0836633 -9.13514 -0.831106 0.0184954 0.555806 79.2229
0.561285 0.0923363 0.822456 112.822 -0.0379473 0.995583 -0.085876 -9.18347 -0.826752 0.0169909 0.56231 79.5941
0.567631 0.095849 0.817684 113.341 -0.0409144 0.995257 -0.0882615 -9.23521 -0.822266 0.0166449 0.568861 79.9758
0.573282 0.0982821 0.813442 113.866 -0.0435569 0.995032 -0.089525 -9.28222 -0.8182 0.015892 0.574715 80.3609
0.579876 0.0992758 0.808633 114.416 -0.0466528 0.994966 -0.0886967 -9.33704 -0.813368 0.0137081 0.581588 80.7709
0.586225 0.101022 0.803825 114.959 -0.0520192 0.994841 -0.0870904 -9.3884 -0.808477 0.00924015 0.588456 81.1834
0.592427 0.0993495 0.799475 115.508 -0.0528573 0.995022 -0.0844816 -9.44251 -0.803888 0.00779113 0.594729 81.6134
0.60078 0.0972949 0.793471 116.089 -0.0530966 0.995231 -0.0818321 -9.49831 -0.797649 0.00703247 0.603081 82.0616
0.607842 0.0974643 0.788054 116.654 -0.0542736 0.995217 -0.0812233 -9.55572 -0.792201 0.00660037 0.610224 82.5232
0.61538 0.0994902 0.781927 117.222 -0.057935 0.995028 -0.0810096 -9.60567 -0.786099 0.00455071 0.618084 82.985
0.623314 0.100177 0.775528 117.8 -0.0594794 0.994961 -0.0807161 -9.65984 -0.779706 0.00418356 0.626132 83.4701
0.629926 0.100964 0.770065 118.388 -0.061178 0.994884 -0.0803951 -9.71089 -0.774242 0.00353187 0.63288 83.9689
0.635038 0.0998769 0.765997 118.969 -0.0611581 0.994994 -0.0790332 -9.76639 -0.770056 0.00334219 0.637968 84.4701
0.639338 0.0984871 0.762592 119.577 -0.0597813 0.995128 -0.0783994 -9.82318 -0.766598 0.00453504 0.642111 84.9825
0.643157 0.0962041 0.759667 120.176 -0.0568321 0.995337 -0.0779336 -9.87935 -0.763623 0.00695003 0.645626 85.4931
0.64672 0.0924227 0.757107 120.808 -0.0516011 0.995659 -0.0774659 -9.93766 -0.76098 0.0110312 0.648681 86.0268
0.650431 0.0859365 0.754689 121.436 -0.0435513 0.996164 -0.0758985 -9.99703 -0.758316 0.016499 0.651678 86.5669
0.654365 0.0799655 0.751939 122.066 -0.0374393 0.996599 -0.073403 -10.0552 -0.755252 0.0198802 0.655133 87.1153
0.657366 0.0746571 0.749864 122.706 -0.0325235 0.996964 -0.070747 -10.116 -0.752869 0.0221186 0.657799 87.6658
0.660829 0.0725347 0.747023 123.345 -0.0308687 0.997104 -0.0695101 -10.1684 -0.749902 0.0228746 0.661154 88.2533
0.663617 0.0743929 0.744364 123.956 -0.0326883 0.996976 -0.070497 -10.2281 -0.747358 0.022451 0.664043 88.7998
0.667331 0.078783 0.740582 124.632 -0.0376939 0.996688 -0.0720618 -10.2846 -0.743807 0.0201736 0.668091 89.4425
0.669972 0.0820576 0.737837 125.247 -0.0434421 0.996503 -0.0713784 -10.337 -0.741114 0.0157683 0.671194 90.0168
0.673102 0.0798883 0.735223 125.89 -0.0448966 0.996729 -0.0672001 -10.3946 -0.738186 0.0122236 0.674486 90.618
0.676205 0.0767749 0.732702 126.539 -0.0469509 0.997024 -0.0611407 -10.4447 -0.735216 0.00694258 0.677797 91.2419
0.679879 0.0708355 0.729895 127.175 -0.0462332 0.997484 -0.0537396 -10.4934 -0.731865 0.00279103 0.681444 91.8455
0.684751 0.0661496 0.725769 127.839 -0.0428305 0.997804 -0.0505341 -10.5387 -0.727517 0.00351823 0.68608 92.4779
0.688635 0.0631286 0.722355 128.484 -0.0378158 0.997974 -0.0511652 -10.5862 -0.724122 0.00791773 0.689627 93.0903
0.694388 0.0600842 0.717088 129.138 -0.0278101 0.998004 -0.0566922 -10.6341 -0.719063 0.0194241 0.694673 93.7052
0.699367 0.0623205 0.71204 129.777 -0.0228808 0.997633 -0.0648431 -10.685 -0.714396 0.0290572 0.699138 94.3447
0.704624 0.0623071 0.70684 130.441 -0.0198013 0.997476 -0.0681871 -10.7431 -0.709305 0.0340499 0.704079 95.0014
0.71136 0.0578819 0.70044 131.062 -0.0161169 0.997684 -0.0660769 -10.7887 -0.702643 0.0357156 0.710646 95.6505
0.717336 0.0517732 0.694801 131.718 -0.0118103 0.997996 -0.0621725 -10.8544 -0.696627 0.0363927 0.71651 96.3125
0.722571 0.0485492 0.689589 132.34 -0.00651932 0.997965 -0.0634287 -10.9057 -0.691266 0.0413361 0.721417 96.9758
0.727466 0.0508844 0.684254 132.986 -0.00593915 0.997676 -0.0678777 -10.971 -0.686118 0.0453148 0.726078 97.6687
0.730312 0.0531023 0.681046 133.605 -0.0067434 0.997486 -0.0705444 -11.0215 -0.68308 0.0469269 0.728834 98.3412
0.7341 0.0497726 0.677215 134.238 -0.00415041 0.99762 -0.0688221 -11.0839 -0.679029 0.0477116 0.73256 99.0223
0.737276 0.0434921 0.67419 134.862 0.000398953 0.997898 -0.0648109 -11.1467 -0.675591 0.0480525 0.735709 99.7079
0.73788 0.0393751 0.673782 135.498 0.00311182 0.998088 -0.061735 -11.2063 -0.674925 0.0476497 0.736347 100.4
0.738289 0.0345478 0.6736 136.142 0.0070648 0.998237 -0.0589411 -11.2625 -0.674448 0.0482744 0.736742 101.114
0.73889 0.0335446 0.672991 136.761 0.00691673 0.99833 -0.0573548 -11.3199 -0.673791 0.0470338 0.737424 101.811
0.739079 0.0333917 0.672791 137.38 0.00677056 0.998352 -0.0569875 -11.371 -0.673585 0.0466734 0.737634 102.5
0.738222 0.0361621 0.673588 138.021 0.0038653 0.998319 -0.0578318 -11.4261 -0.674547 0.0452963 0.736841 103.2
0.736932 0.0395699 0.674808 138.626 0.00101827 0.998219 -0.0596463 -11.4773 -0.675966 0.0446424 0.735579 103.896
0.735176 0.0437673 0.676462 139.265 -0.00374233 0.99816 -0.0605141 -11.5346 -0.677867 0.041957 0.733987 104.605
0.732588 0.0460134 0.679115 139.894 -0.00654819 0.998143 -0.0605653 -11.5898 -0.680641 0.0399225 0.731529 105.313
0.73139 0.048233 0.680252 140.508 -0.010225 0.998159 -0.0597805 -11.6449 -0.681883 0.0367672 0.730537 105.984
0.7285 0.0474054 0.683404 141.11 -0.0107375 0.99827 -0.0578005 -11.6985 -0.684962 0.0347697 0.727749 106.65
0.726124 0.0460263 0.686022 141.768 -0.0111747 0.998415 -0.0551572 -11.7509 -0.687474 0.0323848 0.725487 107.349
0.724885 0.0422148 0.687575 142.404 -0.00715288 0.998528 -0.0537652 -11.8036 -0.688833 0.0340555 0.72412 108.03
0.721256 0.0448649 0.691214 143.058 -0.00653788 0.998297 -0.0579749 -11.8718 -0.692638 0.0372956 0.720321 108.728
0.71795 0.0571832 0.693742 143.631 -0.0149209 0.997655 -0.0667924 -11.9155 -0.695935 0.0376023 0.717119 109.343
0.7144 0.0630574 0.696891 144.299 -0.0176905 0.997241 -0.0720994 -11.9809 -0.699514 0.0391795 0.713544 110.029
0.710691 0.0614083 0.700819 144.928 -0.0168678 0.997384 -0.070289 -12.04 -0.703302 0.0381325 0.709868 110.693
0.707507 0.060042 0.704151 145.573 -0.0212576 0.997742 -0.0637172 -12.1033 -0.706387 0.0301118 0.707185 111.34
0.704034 0.0577425 0.707815 146.2 -0.0215778 0.997968 -0.0599502 -12.158 -0.709839 0.0269338 0.703849 111.978
0.700653 0.057991 0.711141 146.84 -0.0228048 0.998003 -0.0589151 -12.2145 -0.713138 0.0250616 0.700576 112.616
0.697448 0.0563228 0.714419 147.49 -0.0196766 0.998036 -0.0594733 -12.2683 -0.716365 0.0274222 0.697187 113.271
0.693435 0.0554109 0.718385 148.122 -0.0165195 0.997999 -0.0610325 -12.3254 -0.72033 0.0304547 0.692963 113.882
0.690523 0.0548031 0.721231 148.787 -0.0125296 0.997882 -0.0638284 -12.3799 -0.723202 0.0350383 0.689747 114.514
0.686721 0.0554736 0.724801 149.421 -0.0112835 0.997777 -0.0656755 -12.4384 -0.726834 0.0369224 0.68582 115.118
0.68308 0.0561989 0.728179 150.077 -0.0108564 0.997706 -0.0668164 -12.4934 -0.730263 0.0377356 0.682123 115.746
0.678663 0.0574158 0.732202 150.751 -0.0127778 0.997712 -0.0663923 -12.5519 -0.734338 0.0357021 0.677844 116.37
0.673105 0.0572551 0.737327 151.422 -0.0118592 0.997706 -0.0666478 -12.6153 -0.739452 0.0361169 0.67224 116.989
0.668447 0.0606834 0.74128 152.069 -0.0149974 0.997563 -0.0681397 -12.6671 -0.743608 0.0344306 0.667728 117.579
0.662122 0.0670466 0.746391 152.754 -0.0187707 0.997161 -0.0729212 -12.7389 -0.749161 0.0342725 0.661501 118.18
0.655799 0.0736794 0.751332 153.434 -0.0222607 0.996681 -0.0783094 -12.7963 -0.754607 0.0346301 0.655262 118.779
0.650133 0.0772741 0.755881 154.097 -0.0253136 0.996466 -0.080097 -12.8651 -0.759399 0.0329396 0.649791 119.327
0.642529 0.0711995 0.762946 154.829 -0.0241754 0.997062 -0.0726878 -12.9333 -0.76588 0.0282595 0.642363 119.979
0.636314 0.0661441 0.768589 155.533 -0.0274031 0.997627 -0.0631679 -12.983 -0.770943 0.0191329 0.636617 120.577
0.628937 0.0607018 0.775083 156.233 -0.0258393 0.998029 -0.057195 -13.0496 -0.777027 0.0159444 0.629265 121.163
0.621396 0.0626643 0.780987 156.978 -0.0318621 0.997993 -0.054725 -13.0933 -0.782849 0.00912208 0.622146 121.768
0.613816 0.0647894 0.786786 157.697 -0.0325218 0.997856 -0.0567982 -13.1505 -0.788779 0.0092759 0.614607 122.33
0.607663 0.0628678 0.791702 158.449 -0.0222405 0.997818 -0.0621647 -13.195 -0.793883 0.0201673 0.607736 122.928
0.599694 0.072624 0.796927 159.173 -0.0265421 0.997131 -0.0708954 -13.2691 -0.799789 0.0213634 0.599901 123.472
0.593957 0.0743569 0.801053 159.905 -0.0233345 0.996893 -0.0752337 -13.3316 -0.804158 0.0259934 0.593847 123.993
0.586432 0.0702169 0.806949 160.667 -0.0194515 0.997169 -0.0726329 -13.3911 -0.809765 0.0268979 0.586138 124.565
0.579233 0.0634715 0.812688 161.463 -0.0128567 0.997551 -0.068746 -13.4606 -0.815061 0.0293714 0.57863 125.134
0.572908 0.0633919 0.817165 162.184 -0.0140086 0.997616 -0.0675692 -13.525 -0.8195 0.0272636 0.57243 125.645
0.564989 0.0641424 0.822602 162.983 -0.014261 0.997584 -0.0679917 -13.5879 -0.824975 0.0266834 0.564539 126.203
0.559399 0.0624691 0.826541 163.681 -0.0112701 0.997637 -0.0677729 -13.6475 -0.828822 0.0285969 0.558781 126.675
0.553921 0.0558624 0.830693 164.464 -0.00411476 0.997918 -0.0643641 -13.711 -0.832559 0.0322345 0.552998 127.206
0.548746 0.0537875 0.834257 165.197 -0.00417985 0.998092 -0.0616011 -13.773 -0.835979 0.0303163 0.547924 127.696
0.545311 0.0528629 0.836565 165.941 -0.00537544 0.998209 -0.0595733 -13.8259 -0.838217 0.0279891 0.544619 128.178
0.540347 0.0543862 0.839683 166.672 -0.00592802 0.99813 -0.0608341 -13.8858 -0.841422 0.0278938 0.539659 128.661
0.535846 0.0571204 0.842381 167.402 -0.00461144 0.997892 -0.0647319 -13.9443 -0.844303 0.0308018 0.53498 129.135
0.532888 0.062847 0.843849 168.131 -0.00539704 0.99747 -0.07088 -14.0042 -0.846169 0.0332168 0.531879 129.6
0.530871 0.0658947 0.844887 168.836 -0.00863078 0.997341 -0.0723619 -14.0583 -0.847409 0.0311228 0.530028 130.041
0.527375 0.0609894 0.847441 169.55 -0.00681645 0.997692 -0.0675609 -14.1174 -0.849605 0.0298534 0.526574 130.501
0.525001 0.05323 0.849435 170.286 -0.0034011 0.998166 -0.0604482 -14.1753 -0.851095 0.0288464 0.524219 130.961
0.522394 0.0473291 0.85139 171.019 0.00178733 0.998396 -0.0565979 -14.2368 -0.852703 0.0310881 0.521471 131.403
0.520319 0.0455122 0.852759 171.726 0.00660285 0.998335 -0.0573105 -14.2854 -0.853947 0.0354504 0.519151 131.825
0.518131 0.0476868 0.853971 172.407 0.00841916 0.998112 -0.060844 -14.3362 -0.85526 0.0387149 0.516751 132.248
0.516809 0.0551273 0.854324 173.126 0.00623241 0.997656 -0.0681463 -14.3962 -0.856078 0.0405431 0.515254 132.687
0.513714 0.0635654 0.855603 173.729 0.00365273 0.997081 -0.0762693 -14.4426 -0.857954 0.0423059 0.511982 133.056
0.511933 0.065056 0.856558 174.411 0.00643098 0.99681 -0.0795517 -14.5084 -0.859001 0.0462337 0.509882 133.453
0.508928 0.0593601 0.85876 175.1 0.00594 0.997354 -0.0724603 -14.5646 -0.860789 0.0419781 0.507229 133.878
0.505486 0.051609 0.86129 175.779 0.00038956 0.998196 -0.0600411 -14.6157 -0.862834 0.0306855 0.504555 134.282
0.503081 0.0474153 0.862938 176.453 -0.0056443 0.998653 -0.0515818 -14.6681 -0.864221 0.0210792 0.502671 134.701
0.500253 0.0492221 0.864479 177.085 -0.00806526 0.998605 -0.0521918 -14.7165 -0.865842 0.0191368 0.499952 135.081
0.498156 0.0523398 0.865506 177.736 -0.0067713 0.998381 -0.0564778 -14.7624 -0.867061 0.0222742 0.497704 135.464
0.494569 0.0540151 0.867458 178.354 -0.00595477 0.998254 -0.0587644 -14.8037 -0.869118 0.0238975 0.494027 135.815
0.492647 0.0530438 0.868611 178.991 -0.00501107 0.998297 -0.0581212 -14.8471 -0.870215 0.0242806 0.492074 136.189
0.489275 0.0520734 0.870574 179.628 -0.00527327 0.998374 -0.0567541 -14.8932 -0.872114 0.0231776 0.488754 136.554
0.487548 0.0513062 0.871587 180.237 -0.00479226 0.998414 -0.0560912 -14.9365 -0.873083 0.0231703 0.487021 136.905
0.48381 0.0516645 0.873646 180.853 -0.00360819 0.998365 -0.0570418 -14.9802 -0.875166 0.0244451 0.483206 137.231
0.480607 0.0531514 0.875324 181.452 -0.00295685 0.998254 -0.0589925 -15.0231 -0.876931 0.025764 0.479925 137.576
0.476828 0.0551788 0.877263 182.052 -0.00289693 0.998121 -0.061206 -15.0667 -0.878992 0.0266434 0.476092 137.899
0.472146 0.0573321 0.879654 182.642 -0.00324853 0.997989 -0.0633011 -15.108 -0.881514 0.0270298 0.471383 138.22
0.466076 0.0598079 0.882721 183.247 -0.00339149 0.997826 -0.0658161 -15.1542 -0.884738 0.0276816 0.465266 138.538
0.461068 0.0627683 0.885142 183.827 -0.0023275 0.997577 -0.069529 -15.1981 -0.887362 0.0299974 0.460097 138.838
0.454436 0.0655644 0.888363 184.415 -0.0012169 0.997332 -0.0729842 -15.2462 -0.890779 0.0320856 0.453303 139.139
0.447636 0.06819 0.891612 185.021 -0.00276647 0.997189 -0.0748755 -15.2958 -0.894212 0.0310503 0.446566 139.443
0.441342 0.0701468 0.894593 185.617 -0.00725675 0.997186 -0.0746113 -15.3402 -0.89731 0.0264373 0.440609 139.738
0.434163 0.0715706 0.897987 186.234 -0.0102175 0.997166 -0.0745353 -15.3858 -0.900777 0.0231853 0.433664 140.032
0.42766 0.0722468 0.901048 186.86 -0.0105955 0.997133 -0.074922 -15.4395 -0.903878 0.0224941 0.427199 140.343
0.420558 0.0754755 0.904121 187.487 -0.0120924 0.996912 -0.0775968 -15.4936 -0.907185 0.0217009 0.420172 140.644
0.41252 0.0803573 0.907397 188.111 -0.0149305 0.996564 -0.081466 -15.5417 -0.910826 0.0200584 0.412303 140.923
0.405788 0.0843544 0.910066 188.754 -0.017699 0.99627 -0.0844529 -15.5935 -0.913796 0.0181628 0.405768 141.214
0.397817 0.0871656 0.913315 189.398 -0.0189987 0.996046 -0.086786 -15.6488 -0.917268 0.0171732 0.3979 141.508
0.390689 0.0893247 0.916178 190.058 -0.0195602 0.995862 -0.0887525 -15.7098 -0.920315 0.016754 0.39082 141.799
0.383427 0.0916071 0.919017 190.728 -0.0202416 0.995663 -0.0908021 -15.7696 -0.92335 0.0162136 0.383618 142.082
0.375579 0.0919306 0.92222 191.396 -0.0175101 0.995595 -0.0921138 -15.8317 -0.926625 0.0184478 0.375534 142.351
0.368465 0.0912607 0.925151 192.101 -0.0155344 0.995635 -0.0920266 -15.8929 -0.929512 0.0195369 0.368274 142.653
0.361356 0.088605 0.928209 192.813 -0.0143276 0.995885 -0.0894874 -15.9582 -0.932318 0.0190378 0.361138 142.917
0.354104 0.085858 0.931256 193.529 -0.0152407 0.996174 -0.086048 -16.0179 -0.935082 0.016277 0.354058 143.19
0.347126 0.0822726 0.934203 194.28 -0.0135391 0.99648 -0.0827265 -16.0804 -0.937721 0.0160683 0.347018 143.485
0.341587 0.0776465 0.936637 195.025 -0.0108047 0.99684 -0.0786969 -16.1459 -0.939788 0.0167617 0.341347 143.746
0.336358 0.0728966 0.938909 195.784 -0.0108946 0.997234 -0.073522 -16.1989 -0.941671 0.0145007 0.336222 144.025
0.330281 0.0675041 0.941466 196.565 -0.00914117 0.997621 -0.0683236 -16.248 -0.943839 0.0139599 0.330112 144.3
0.325529 0.0669731 0.943157 197.355 -0.00473194 0.997591 -0.0692053 -16.3107 -0.94552 0.0180654 0.325062 144.578
0.320168 0.0740068 0.944466 198.131 -0.000986018 0.99697 -0.0777866 -16.3682 -0.94736 0.0239735 0.319271 144.838
0.316396 0.0850146 0.94481 198.927 0.00179427 0.995921 -0.0902144 -16.4274 -0.948626 0.0302388 0.314953 145.096
0.311971 0.0915717 0.945668 199.735 0.00686104 0.995101 -0.0986218 -16.4951 -0.950067 0.0372554 0.309814 145.355
0.307021 0.087932 0.947632 200.558 0.0143824 0.99518 -0.0970037 -16.5662 -0.951594 0.0434114 0.304276 145.617
0.301972 0.079994 0.949955 201.433 0.0212751 0.99566 -0.0906057 -16.6474 -0.953079 0.0475708 0.298959 145.89
0.29742 0.0745094 0.951835 202.274 0.0259181 0.995953 -0.0860615 -16.7221 -0.954395 0.0502662 0.294285 146.143
0.292579 0.0793475 0.952944 203.153 0.0227976 0.995689 -0.0899062 -16.8076 -0.95597 0.0480295 0.289509 146.412
0.288601 0.0893871 0.953268 203.992 0.0159797 0.995044 -0.0981423 -16.8789 -0.957316 0.0435569 0.285743 146.674
0.282972 0.0928164 0.954627 204.847 0.0107809 0.994936 -0.0999313 -16.9593 -0.959068 0.0385695 0.280538 146.939
0.278004 0.0888932 0.956458 205.72 0.0100573 0.995385 -0.0954343 -17.0385 -0.960527 0.0361505 0.275827 147.198
0.27306 0.0855833 0.958182 206.628 0.00933316 0.995752 -0.0915987 -17.1239 -0.961952 0.0339549 0.271102 147.458
0.267634 0.0862253 0.959655 207.507 0.00747472 0.995772 -0.0915551 -17.2033 -0.963492 0.0316764 0.265858 147.71
0.261962 0.0902754 0.960847 208.352 0.00384466 0.99551 -0.0945803 -17.282 -0.965071 0.0284706 0.260439 147.948
0.257632 0.0908064 0.961967 209.269 0.00774856 0.995348 -0.0960327 -17.3643 -0.966212 0.0321949 0.25573 148.192
0.252706 0.0896014 0.963385 210.195 0.0119116 0.995339 -0.0956979 -17.4525 -0.96747 0.0356589 0.250461 148.436
0.249679 0.0882581 0.964298 211.116 0.0150341 0.995364 -0.0949941 -17.5362 -0.968212 0.0382153 0.247194 148.666
0.245872 0.0876977 0.965327 212.059 0.0167574 0.995365 -0.0946947 -17.624 -0.969158 0.0394592 0.243263 148.911
0.241736 0.0866067 0.966469 212.957 0.0176837 0.99545 -0.0936268 -17.7086 -0.970181 0.0397238 0.239105 149.139
0.240312 0.0856804 0.966907 213.885 0.0147496 0.99566 -0.0918941 -17.7949 -0.970584 0.0363448 0.238006 149.376
0.236694 0.0833875 0.967999 214.841 0.0156743 0.995853 -0.0896195 -17.8792 -0.971458 0.0363851 0.234405 149.612
0.234025 0.0837279 0.968619 215.821 0.0128285 0.995932 -0.0891883 -17.9675 -0.972146 0.0332982 0.231999 149.859
0.232375 0.0860602 0.968811 216.672 0.00993808 0.995816 -0.0908427 -18.0487 -0.972576 0.0307377 0.230547 150.076
0.228584 0.0875002 0.969584 217.708 0.00961014 0.995701 -0.0921227 -18.138 -0.973477 0.0303756 0.22676 150.325
0.227024 0.087321 0.969967 218.607 0.0107804 0.995686 -0.0921595 -18.2173 -0.97383 0.031379 0.225103 150.542
0.224972 0.0855368 0.970604 219.483 0.0106371 0.995864 -0.0902285 -18.3088 -0.974307 0.0306233 0.223131 150.756
0.223849 0.0820681 0.971163 220.436 0.0116392 0.996152 -0.0868627 -18.3771 -0.974554 0.0307476 0.222032 150.978
0.222955 0.0787272 0.971645 221.455 0.0139572 0.996374 -0.0839335 -18.4813 -0.974729 0.0322749 0.221048 151.205
0.221046 0.0818083 0.971826 222.343 0.0135768 0.996121 -0.0869416 -18.5526 -0.975169 0.0324125 0.219078 151.417
0.218542 0.0868598 0.971954 223.261 0.0117147 0.995725 -0.0916182 -18.6381 -0.975757 0.0314086 0.21659 151.629
0.216331 0.0905373 0.972113 224.171 0.0128475 0.995341 -0.0955596 -18.721 -0.976236 0.0331617 0.21416 151.833
0.213989 0.091293 0.972561 225.067 0.0106857 0.995345 -0.0957829 -18.8081 -0.976778 0.030889 0.212018 152.041
0.209916 0.0879116 0.973759 226.063 0.00997496 0.995705 -0.0920432 -18.9031 -0.977669 0.0290346 0.208138 152.254
0.20816 0.0819689 0.974654 226.989 0.00976884 0.996258 -0.0858722 -18.9821 -0.978046 0.0273964 0.206581 152.461
0.202981 0.0779812 0.976073 227.917 0.0117459 0.996558 -0.0820604 -19.0672 -0.979112 0.0281215 0.201366 152.658
0.199235 0.0780254 0.97684 228.822 0.00948815 0.996625 -0.0815409 -19.145 -0.979906 0.0255142 0.197822 152.853
0.193821 0.0795177 0.977809 229.742 0.00908629 0.996521 -0.0828405 -19.2196 -0.980995 0.0249409 0.192424 153.036
0.190645 0.0797506 0.978414 230.657 0.00940784 0.9965 -0.0830579 -19.2972 -0.981614 0.0250393 0.189227 153.226
0.186542 0.0795702 0.979219 231.587 0.00959967 0.99652 -0.0828047 -19.3723 -0.9824 0.0248468 0.185129 153.406
0.181356 0.0782006 0.980303 232.492 0.0104645 0.996624 -0.0814384 -19.4489 -0.983362 0.0250278 0.179926 153.579
0.177427 0.0780805 0.981032 233.411 0.00952029 0.996665 -0.0810465 -19.525 -0.984088 0.0237195 0.176092 153.76
0.173573 0.0784398 0.981692 234.341 0.00818601 0.996674 -0.0810842 -19.6022 -0.984787 0.0221101 0.172353 153.935
0.168687 0.0794275 0.982464 235.275 0.0051914 0.996663 -0.0814667 -19.6783 -0.985656 0.0188427 0.167711 154.098
0.164899 0.0789672 0.983144 236.217 0.00331808 0.99674 -0.0806158 -19.7551 -0.986305 0.0165556 0.1641 154.271
0.159749 0.0802005 0.983894 237.172 -0.000676654 0.996703 -0.0811347 -19.8317 -0.987158 0.0122954 0.159276 154.436
0.156933 0.0842755 0.984007 238.035 -0.00577086 0.996414 -0.0844178 -19.9065 -0.987593 0.00756933 0.156856 154.599
0.152792 0.0890014 0.984242 238.977 -0.00884795 0.99602 -0.0886928 -19.9866 -0.988219 0.004843 0.152971 154.771
0.149497 0.0913632 0.984532 239.86 -0.0108272 0.995813 -0.090766 -20.063 -0.988703 0.00290952 0.14986 154.918
0.146554 0.0893154 0.985162 240.778 -0.0117506 0.996002 -0.0885502 -20.1404 -0.989133 0.00140114 0.147018 155.065
0.14368 0.0854748 0.985926 241.715 -0.0109704 0.996339 -0.0847788 -20.2254 -0.989564 0.00136498 0.144091 155.208
0.140371 0.0829823 0.986615 242.629 -0.0112395 0.996551 -0.0822189 -20.3005 -0.990035 0.000452065 0.140819 155.345
0.13625 0.0809501 0.987362 243.531 -0.00916191 0.996716 -0.0804527 -20.3793 -0.990632 0.00191555 0.136544 155.482
0.133333 0.0811387 0.987744 244.459 -0.00857733 0.9967 -0.0807165 -20.4558 -0.991034 0.00228999 0.133589 155.607
0.12852 0.0831809 0.988212 245.348 -0.00937845 0.996534 -0.0826617 -20.526 -0.991663 0.00135579 0.128855 155.732
0.123688 0.0856173 0.988621 246.259 -0.0101624 0.996328 -0.0850133 -20.6033 -0.992269 0.000468444 0.124104 155.865
0.119867 0.0817206 0.989421 247.184 -0.00128925 0.996618 -0.0821589 -20.6756 -0.992789 0.00857251 0.119567 155.961
0.113548 0.0758388 0.990634 248.095 0.00197928 0.997063 -0.0765579 -20.7472 -0.993531 0.0106537 0.113064 156.081
0.109662 0.0768463 0.990994 249.017 0.00158169 0.996992 -0.0774865 -20.8182 -0.993968 0.0100648 0.109211 156.191
0.105368 0.0881532 0.990518 249.905 0.00326085 0.996027 -0.0889904 -20.9045 -0.994428 0.0126067 0.104662 156.282
0.0998394 0.101872 0.989775 250.773 0.00313782 0.994708 -0.102696 -20.9816 -0.994999 0.0133589 0.0989914 156.377
0.0955334 0.105789 0.989789 251.649 0.0014665 0.994321 -0.106415 -21.075 -0.995425 0.0116177 0.0948357 156.471
0.0883056 0.101204 0.990939 252.539 -0.00198459 0.994841 -0.101426 -21.1529 -0.996092 0.00698986 0.0880509 156.558
0.083301 0.0940619 0.992075 253.412 -0.00348257 0.995557 -0.0940996 -21.2397 -0.996518 0.00438362 0.0832585 156.647
0.0783097 0.090054 0.992853 254.339 -0.0053417 0.995935 -0.0899122 -21.3223 -0.996915 0.00173748 0.0784725 156.735
0.0723254 0.0888771 0.993413 255.212 -0.00979797 0.996037 -0.0883985 -21.4062 -0.997333 -0.00333997 0.0729096 156.798
0.0648986 0.0873546 0.994061 256.077 -0.0139026 0.996144 -0.08663 -21.4837 -0.997795 -0.00819791 0.0658628 156.876
0.0579333 0.0830553 0.99486 256.979 -0.0183332 0.996454 -0.0821208 -21.5548 -0.998152 -0.0134814 0.0592505 156.939
0.0494409 0.0793752 0.995618 257.869 -0.0186815 0.996736 -0.0785367 -21.6256 -0.998602 -0.0147167 0.0507624 157.005
0.0425876 0.0809833 0.995805 258.727 -0.0151837 0.996647 -0.0804024 -21.7027 -0.998977 -0.0116958 0.0436744 157.059
0.0367045 0.084589 0.99574 259.594 -0.0140877 0.996356 -0.0841221 -21.7685 -0.999227 -0.01094 0.0377624 157.081
0.0297149 0.0868961 0.995774 260.447 -0.0120589 0.996173 -0.086571 -21.8396 -0.999486 -0.00943547 0.030649 157.11
0.0235927 0.0854524 0.996063 261.326 -0.0114721 0.996298 -0.0852008 -21.9146 -0.999656 -0.00941682 0.0244856 157.136
0.0186354 0.0825807 0.99641 262.198 -0.0123573 0.996526 -0.0823592 -21.9836 -0.99975 -0.0107781 0.0195911 157.144
0.0122309 0.0813652 0.996609 263.066 -0.009046 0.996652 -0.0812577 -22.0572 -0.999884 -0.00802147 0.012926 157.173
0.00649297 0.0838941 0.996453 263.922 -0.00625758 0.996458 -0.0838538 -22.1299 -0.999959 -0.00569092 0.00699495 157.185
0.00155057 0.0873726 0.996175 264.776 -0.00794328 0.996145 -0.0873577 -22.1952 -0.999967 -0.00777744 0.00223862 157.192
-0.00138431 0.0886466 0.996062 265.653 -0.00545034 0.996048 -0.0886529 -22.2727 -0.999984 -0.00555159 -0.000895684 157.192
-0.00379131 0.0876572 0.996144 266.505 -0.000275212 0.996151 -0.0876589 -22.346 -0.999993 -0.000606489 -0.00375259 157.18
-0.00695692 0.0850755 0.99635 267.398 0.00249541 0.996373 -0.08506 -22.4209 -0.999973 0.00189455 -0.00714398 157.189
-0.00805852 0.0834956 0.996476 268.261 0.00437843 0.996501 -0.0834624 -22.4949 -0.999958 0.00369041 -0.00839591 157.18
-0.0101924 0.0825109 0.996538 269.114 0.00667761 0.996573 -0.0824455 -22.5655 -0.999926 0.00581418 -0.0107084 157.177
-0.0110147 0.0840002 0.996405 269.982 0.00832506 0.996439 -0.083911 -22.6378 -0.999905 0.00737089 -0.0116747 157.168
-0.0123544 0.0847933 0.996322 270.851 0.010625 0.996353 -0.0846642 -22.7127 -0.999867 0.00953994 -0.0132102 157.166
-0.0112984 0.086963 0.996147 271.683 0.0134165 0.996135 -0.0868097 -22.7835 -0.999846 0.012384 -0.0124214 157.148
-0.0106644 0.0879921 0.996064 272.55 0.0156923 0.996013 -0.0878196 -22.8576 -0.99982 0.014694 -0.0120027 157.139
-0.0101889 0.0882518 0.996046 273.378 0.017489 0.995961 -0.0880654 -22.9325 -0.999795 0.0165226 -0.0116912 157.141
-0.008241 0.0879765 0.996088 274.227 0.0190726 0.995955 -0.0878069 -23.0128 -0.999784 0.0182743 -0.0098856 157.13
-0.00459145 0.0868533 0.996211 275.045 0.0201963 0.996026 -0.0867441 -23.0846 -0.999786 0.0197215 -0.00632732 157.124
-0.00242278 0.0852308 0.996358 275.848 0.020898 0.996148 -0.085162 -23.1582 -0.999779 0.0206156 -0.0041946 157.121
-0.000341473 0.081939 0.996637 276.651 0.0212499 0.996413 -0.0819133 -23.225 -0.999774 0.0211505 -0.00208144 157.127
0.00336797 0.0787882 0.996886 277.472 0.0205083 0.996676 -0.0788409 -23.2971 -0.999784 0.02071 0.00174097 157.142
0.00675034 0.076444 0.997051 278.249 0.0191959 0.99688 -0.0765608 -23.3624 -0.999793 0.0196561 0.00526187 157.15
0.0100496 0.0766285 0.997009 279.004 0.0139848 0.996951 -0.076765 -23.4227 -0.999852 0.0147144 0.00894732 157.173
0.0148329 0.0777373 0.996863 279.758 0.0113344 0.996896 -0.0779085 -23.4863 -0.999826 0.0124545 0.0139057 157.185
0.0184807 0.0782631 0.996761 280.514 0.00994273 0.996868 -0.0784558 -23.5465 -0.99978 0.0113605 0.0176447 157.211
0.0206285 0.0757298 0.996915 281.241 0.0107479 0.997053 -0.0759627 -23.605 -0.99973 0.0122818 0.0197538 157.238
0.0248992 0.0725062 0.997057 281.977 0.00866187 0.997313 -0.0727412 -23.6625 -0.999653 0.0104476 0.0242043 157.263
0.0280514 0.0705691 0.997112 282.708 0.0061893 0.997474 -0.0707687 -23.7173 -0.999587 0.00815659 0.0275437 157.292
0.0325529 0.07136 0.996919 283.405 0.00697968 0.997407 -0.0716228 -23.7756 -0.999446 0.00928971 0.0319704 157.318
0.0367999 0.0728536 0.996663 284.084 0.00669484 0.997299 -0.0731473 -23.8245 -0.9993 0.00936433 0.0362128 157.348
0.0396007 0.0749682 0.996399 284.758 0.00638368 0.997142 -0.0752778 -23.8755 -0.999195 0.00934175 0.0390089 157.388
0.0420941 0.0774631 0.996106 285.406 0.00522364 0.996959 -0.0777502 -23.934 -0.9991 0.00847613 0.0415614 157.421
0.0456517 0.0779096 0.995915 286.061 0.00216301 0.996944 -0.0780892 -23.9865 -0.998955 0.00571909 0.0453437 157.456
0.0491001 0.0786368 0.995694 286.677 -0.000281836 0.996897 -0.0787179 -24.0348 -0.998794 0.00358444 0.0489699 157.494
0.0515038 0.0792075 0.995527 287.269 -0.00237593 0.996857 -0.0791904 -24.0832 -0.99867 0.00171331 0.0515301 157.532
0.0561183 0.078257 0.995352 287.923 -0.00254641 0.996932 -0.0782376 -24.1373 -0.998421 0.00185599 0.0561454 157.57
0.0582989 0.079482 0.99513 288.482 -0.00282915 0.996835 -0.0794524 -24.1821 -0.998295 0.00181662 0.0583392 157.61
0.0607736 0.0824056 0.994744 289.056 -0.00763739 0.996596 -0.0820924 -24.2314 -0.998122 -0.00260819 0.0611961 157.652
0.0643616 0.0825246 0.994509 289.645 -0.00806033 0.996585 -0.0821753 -24.281 -0.997894 -0.00272713 0.064807 157.703
0.0666671 0.0818804 0.99441 290.196 -0.00969269 0.996633 -0.0814137 -24.3297 -0.997728 -0.00421089 0.0672363 157.748
0.0699291 0.0816371 0.994206 290.741 -0.0114495 0.996646 -0.0810321 -24.3744 -0.997486 -0.00571668 0.0706293 157.791
0.0722255 0.0819538 0.994016 291.289 -0.0109766 0.996624 -0.0813713 -24.4226 -0.997328 -0.00503387 0.0728812 157.836
0.0748311 0.0833519 0.993707 291.818 -0.0124345 0.996501 -0.0826499 -24.4654 -0.997119 -0.0061715 0.0756057 157.885
0.0771062 0.0841171 0.993468 292.336 -0.0127442 0.996436 -0.0833793 -24.5116 -0.996942 -0.00623186 0.0779034 157.933
0.0792349 0.0855841 0.993175 292.868 -0.0116513 0.996319 -0.0849254 -24.5584 -0.996788 -0.0048427 0.0799405 157.977
0.0817998 0.0871608 0.99283 293.366 -0.0129256 0.996178 -0.0863897 -24.6035 -0.996565 -0.00576628 0.0826137 158.023
0.0826548 0.0884923 0.992642 293.881 -0.0142407 0.996053 -0.0876106 -24.6468 -0.996477 -0.00689449 0.0835887 158.072
0.0840812 0.0898626 0.992399 294.356 -0.0146208 0.995929 -0.0889436 -24.6883 -0.996352 -0.00703116 0.0850528 158.125
0.0847684 0.0911633 0.992222 294.835 -0.0153713 0.995807 -0.0901795 -24.7303 -0.996282 -0.00760736 0.0858142 158.164
0.0844245 0.0918334 0.992189 295.302 -0.0147413 0.99575 -0.0909087 -24.7717 -0.996321 -0.00695119 0.0854194 158.215
0.0850782 0.0922518 0.992094 295.827 -0.0143753 0.995715 -0.0913556 -24.8213 -0.996271 -0.00648928 0.0860398 158.26
0.0838932 0.0917365 0.992243 296.309 -0.0165914 0.995744 -0.0906574 -24.8599 -0.996337 -0.00885716 0.0850582 158.307
0.081794 0.0906705 0.992516 296.804 -0.0170687 0.995835 -0.089567 -24.902 -0.996503 -0.00961491 0.0830009 158.353
0.0801561 0.0909614 0.992623 297.343 -0.0151926 0.995823 -0.0900278 -24.95 -0.996667 -0.00786428 0.0812033 158.4
0.0776067 0.0939797 0.992545 297.859 -0.0128286 0.995559 -0.093262 -24.9963 -0.996902 -0.00549522 0.0784677 158.442
0.0764593 0.0976882 0.992276 298.385 -0.00688639 0.995217 -0.0974471 -25.0523 -0.997049 0.000617549 0.0767663 158.475
0.0748624 0.102805 0.99188 298.898 -0.0043517 0.994696 -0.102768 -25.0984 -0.997185 0.00337713 0.0749127 158.515
0.0725426 0.106377 0.991676 299.457 -0.00589956 0.994324 -0.10623 -25.1423 -0.997348 0.00185573 0.0727584 158.555
0.0704438 0.106486 0.991816 299.985 -0.00596687 0.994313 -0.10633 -25.185 -0.997498 0.00157227 0.0706786 158.602
0.0689235 0.103979 0.992189 300.58 -0.00140015 0.994563 -0.10413 -25.2439 -0.997621 0.0057878 0.0686943 158.632
0.0669585 0.0989062 0.992841 301.174 0.00837582 0.994984 -0.0996845 -25.3107 -0.997721 0.0149906 0.0657942 158.656
0.0651652 0.0978905 0.993061 301.797 0.0101837 0.99506 -0.0987557 -25.3709 -0.997823 0.0165485 0.0638464 158.684
0.0627546 0.101107 0.992894 302.379 0.00584303 0.994801 -0.10167 -25.423 -0.998012 0.0121818 0.0618376 158.743
0.060455 0.103018 0.992841 302.989 0.00270144 0.994639 -0.103369 -25.4721 -0.998167 0.00893128 0.0598526 158.776
0.0591796 0.101458 0.993078 303.627 0.00751833 0.994748 -0.102077 -25.5336 -0.998219 0.0135072 0.058106 158.795
0.058215 0.0993067 0.993352 304.255 0.0122724 0.994894 -0.10018 -25.5933 -0.998229 0.0180228 0.056699 158.831
0.0562694 0.0994972 0.993446 304.892 0.0134593 0.994856 -0.100401 -25.6573 -0.998325 0.0190206 0.0546408 158.867
0.0534907 0.100973 0.99345 305.564 0.00981015 0.994773 -0.101635 -25.7206 -0.99852 0.0151824 0.0522206 158.911
0.051685 0.102718 0.993367 306.227 0.00846371 0.994616 -0.103287 -25.7844 -0.998628 0.013746 0.0505374 158.965
0.0497201 0.105913 0.993132 306.9 0.00632778 0.994308 -0.106355 -25.8404 -0.998743 0.0115723 0.0487669 158.985
0.0480605 0.107692 0.993022 307.592 0.00730519 0.994106 -0.108164 -25.913 -0.998818 0.0124526 0.0469905 159.032
0.0465141 0.106563 0.993217 308.287 0.00527136 0.994254 -0.106921 -25.9792 -0.998904 0.010209 0.0456851 159.062
0.044039 0.106042 0.993386 309.004 0.00160808 0.994342 -0.106215 -26.0521 -0.999029 0.00627505 0.0436193 159.101
0.0428027 0.107503 0.993283 309.714 0.00110898 0.994188 -0.107648 -26.1182 -0.999083 0.00570918 0.0424348 159.138
0.040877 0.11197 0.992871 310.437 0.0040543 0.993674 -0.112227 -26.2023 -0.999156 0.00861291 0.0401645 159.171
0.0389974 0.117696 0.992284 311.146 0.00518215 0.993002 -0.117985 -26.278 -0.999226 0.00974329 0.0381146 159.194
0.0379464 0.121866 0.991821 311.903 0.00537727 0.992497 -0.122154 -26.3541 -0.999265 0.0099686 0.0370063 159.229
0.0371398 0.119999 0.992079 312.654 0.00882138 0.992686 -0.120403 -26.4366 -0.999271 0.0132232 0.0358096 159.254
0.0370213 0.113775 0.992817 313.402 0.0150461 0.993322 -0.114394 -26.5216 -0.999201 0.019173 0.0350622 159.257
0.0350117 0.111065 0.993196 314.19 0.0181007 0.993572 -0.111745 -26.6109 -0.999223 0.02189 0.0327763 159.29
0.0328461 0.11195 0.993171 314.986 0.0200439 0.993433 -0.112643 -26.697 -0.99926 0.0236069 0.0303865 159.318
0.0324179 0.113237 0.993039 315.727 0.0209117 0.993267 -0.113946 -26.7745 -0.999256 0.02446 0.0298317 159.341
0.0326112 0.114344 0.992906 316.532 0.022075 0.99311 -0.115092 -26.8607 -0.999224 0.0256717 0.0298623 159.377
0.0317416 0.113863 0.992989 317.346 0.0221275 0.993166 -0.11459 -26.9457 -0.999251 0.0256097 0.0290052 159.396
0.0322989 0.111826 0.993203 318.135 0.0232817 0.993368 -0.112601 -27.0307 -0.999207 0.0267603 0.0294812 159.422
0.0339622 0.110688 0.993275 318.975 0.0237679 0.993478 -0.111523 -27.1222 -0.999141 0.0273957 0.0311099 159.455
0.0351495 0.109753 0.993337 319.807 0.0241753 0.993567 -0.110634 -27.2117 -0.99909 0.027903 0.0322701 159.473
0.0364389 0.108282 0.993452 320.61 0.0238134 0.993736 -0.109186 -27.2895 -0.999052 0.0276361 0.0336321 159.507
0.0377456 0.106562 0.993589 321.476 0.0247282 0.993894 -0.107534 -27.3798 -0.998981 0.0286286 0.0348801 159.535
0.0394058 0.105584 0.993629 322.321 0.0262881 0.993948 -0.10666 -27.4661 -0.998878 0.0303237 0.0363917 159.578
0.0409848 0.104619 0.993668 323.169 0.0270471 0.994023 -0.105772 -27.5523 -0.998794 0.0312109 0.0379102 159.611
0.0426152 0.104834 0.993576 323.968 0.02791 0.993967 -0.106072 -27.6307 -0.998702 0.0322509 0.0394322 159.639
0.0465888 0.104042 0.993481 324.946 0.0297967 0.993974 -0.105491 -27.7299 -0.99847 0.0345172 0.043208 159.689
0.0495835 0.102869 0.993458 325.765 0.0314115 0.994029 -0.104496 -27.809 -0.998276 0.0363873 0.0460562 159.716
0.0523815 0.101924 0.993412 326.661 0.0326522 0.994071 -0.103714 -27.8997 -0.998093 0.0378698 0.0487429 159.764
0.0549556 0.102351 0.993229 327.529 0.033726 0.993975 -0.104294 -27.986 -0.997919 0.0392292 0.0511725 159.822
0.0581608 0.103185 0.99296 328.434 0.0342429 0.993853 -0.105284 -28.0769 -0.99772 0.0401253 0.0542699 159.858
0.0595203 0.104252 0.992768 329.345 0.0333208 0.99377 -0.106355 -28.1677 -0.997671 0.0394101 0.0556757 159.925
0.0635804 0.105301 0.992406 330.25 0.0312578 0.99372 -0.107443 -28.2572 -0.997487 0.0378517 0.0598897 159.985
0.0665165 0.106456 0.99209 331.135 0.029184 0.993659 -0.108581 -28.3493 -0.997358 0.0361757 0.0629879 160.027
0.0673591 0.106856 0.99199 332.063 0.0267059 0.993699 -0.108854 -28.4445 -0.997371 0.0338243 0.0640809 160.099
0.0695714 0.105393 0.991994 332.975 0.026099 0.993871 -0.107423 -28.5404 -0.997236 0.0333637 0.0663943 160.169
0.069659 0.102664 0.992274 333.867 0.0264013 0.994152 -0.104712 -28.6344 -0.997221 0.0334915 0.0665411 160.224
0.0719019 0.100294 0.992356 334.811 0.0275836 0.994351 -0.102494 -28.7273 -0.99703 0.0347423 0.0687293 160.302
0.0729361 0.100209 0.992289 335.732 0.0285509 0.994322 -0.102512 -28.8185 -0.996928 0.0358076 0.0696609 160.365
0.0732417 0.101091 0.992178 336.654 0.0294077 0.994198 -0.103467 -28.9187 -0.996881 0.0367558 0.0698439 160.421
0.0748761 0.101249 0.99204 337.566 0.0285397 0.994207 -0.103624 -29.0024 -0.996785 0.0360714 0.0715528 160.49
0.0743749 0.0995688 0.992247 338.488 0.0266414 0.994449 -0.101787 -29.0954 -0.996875 0.0340053 0.0713094 160.571
0.0751201 0.0978129 0.992366 339.416 0.024651 0.994691 -0.0999082 -29.1891 -0.99687 0.0319679 0.0723101 160.639
0.0754436 0.0985103 0.992272 340.337 0.0223118 0.994692 -0.100447 -29.2816 -0.996901 0.0297175 0.0728452 160.73
0.0753635 0.099697 0.99216 341.274 0.0219355 0.994583 -0.101607 -29.3746 -0.996915 0.029421 0.0727683 160.792
0.0755439 0.0999885 0.992117 342.164 0.0214652 0.994566 -0.10187 -29.4643 -0.996912 0.0289916 0.0729871 160.868
0.0756178 0.100743 0.992035 343.116 0.020876 0.994505 -0.102585 -29.5584 -0.996918 0.028467 0.0730992 160.942
0.0757977 0.101169 0.991978 344.024 0.0203809 0.994474 -0.102981 -29.6546 -0.996915 0.0280232 0.073317 161.005
0.0751091 0.101136 0.992033 344.923 0.0200401 0.994489 -0.102904 -29.7454 -0.996974 0.0276095 0.0726684 161.076
0.0757132 0.0995449 0.992148 345.835 0.0212659 0.994617 -0.101415 -29.8331 -0.996903 0.0287774 0.0731887 161.144
0.0770891 0.100161 0.99198 346.776 0.0208228 0.994562 -0.10204 -29.9346 -0.996807 0.028522 0.0745843 161.222
0.0751918 0.102793 0.991857 347.642 0.0211652 0.994284 -0.104649 -30.0201 -0.996945 0.0288616 0.0725863 161.3
0.0769702 0.103585 0.991638 348.537 0.0230521 0.994138 -0.105635 -30.1139 -0.996767 0.0309901 0.0741312 161.361
0.0771088 0.101049 0.991889 349.427 0.0263105 0.994298 -0.10334 -30.1956 -0.996676 0.0340655 0.0740105 161.41
0.0799395 0.0974473 0.992025 350.339 0.0290329 0.99456 -0.100036 -30.2895 -0.996377 0.0367982 0.0766754 161.498
0.0818219 0.0991733 0.9917 351.273 0.0327975 0.99423 -0.102132 -30.3859 -0.996107 0.040882 0.0780971 161.558
0.0856841 0.104149 0.990864 352.151 0.0378257 0.993464 -0.107694 -30.4766 -0.995604 0.0467078 0.0811846 161.637
0.0880952 0.107557 0.990288 353.061 0.0398838 0.992975 -0.111397 -30.5687 -0.995313 0.04931 0.0831865 161.704
0.0931954 0.106443 0.989942 353.902 0.0436127 0.992878 -0.110864 -30.6616 -0.994692 0.0535061 0.0878895 161.774
0.0943781 0.107057 0.989763 354.845 0.0454266 0.992702 -0.111707 -30.761 -0.9945 0.0555042 0.0888261 161.859
0.0981379 0.108927 0.989194 355.692 0.0456391 0.992453 -0.113813 -30.8564 -0.994126 0.0563153 0.0924259 161.932
0.101264 0.108876 0.988884 356.643 0.0450215 0.992474 -0.113881 -30.9617 -0.993841 0.0560531 0.0955997 162.031
0.105546 0.104983 0.988857 357.561 0.0444265 0.992921 -0.110156 -31.0628 -0.993422 0.055558 0.100135 162.147
0.110299 0.101254 0.988727 358.451 0.0439233 0.993329 -0.106625 -31.1576 -0.992928 0.0551889 0.105116 162.236
0.114148 0.0996833 0.98845 359.382 0.0410951 0.993628 -0.104951 -31.2571 -0.992614 0.0526004 0.109324 162.357
0.119902 0.0985194 0.987885 360.237 0.0393105 0.993813 -0.103882 -31.3449 -0.992007 0.0512899 0.115287 162.456
0.124499 0.098071 0.987361 361.158 0.0370811 0.993948 -0.103401 -31.4377 -0.991527 0.0494857 0.120109 162.574
0.131533 0.0980167 0.986454 362.032 0.0360804 0.993967 -0.103574 -31.5294 -0.990655 0.0492151 0.127203 162.693
0.1384 0.0992558 0.98539 362.936 0.033442 0.99393 -0.104813 -31.6231 -0.989812 0.0474596 0.13424 162.815
0.146144 0.100246 0.984171 363.842 0.0309947 0.9939 -0.105839 -31.7175 -0.988778 0.0459719 0.142146 162.951
0.155597 0.101333 0.982609 364.729 0.0287687 0.993838 -0.107046 -31.8104 -0.987402 0.0449244 0.151722 163.096
0.165247 0.10164 0.981001 365.624 0.0273503 0.993821 -0.107576 -31.9065 -0.985873 0.0446072 0.161446 163.268
0.174099 0.101754 0.979457 366.529 0.0255985 0.993843 -0.107799 -32.0041 -0.984396 0.0438404 0.170422 163.421
0.183498 0.101602 0.977755 367.421 0.0240789 0.993881 -0.107796 -32.0991 -0.982725 0.0433237 0.179928 163.597
0.192917 0.101492 0.975952 368.325 0.021994 0.993939 -0.10771 -32.197 -0.980969 0.0422442 0.189516 163.785
0.200203 0.101042 0.97453 369.193 0.020957 0.993999 -0.107366 -32.2907 -0.97953 0.0419183 0.196884 163.955
0.207013 0.100623 0.97315 370.068 0.0192085 0.994087 -0.106874 -32.3867 -0.97815 0.0408171 0.203856 164.152
0.21301 0.10087 0.971829 370.975 0.0183233 0.994069 -0.107194 -32.4827 -0.976878 0.0406406 0.209898 164.355
0.217058 0.101652 0.970851 371.813 0.0164384 0.994042 -0.107755 -32.5755 -0.97602 0.0393484 0.214094 164.543
0.222586 0.10126 0.96964 372.742 0.0156974 0.99409 -0.107417 -32.6731 -0.974787 0.0391303 0.219681 164.76
0.226554 0.101161 0.968731 373.606 0.0151943 0.994104 -0.107364 -32.7694 -0.97388 0.039043 0.223681 164.968
0.230244 0.101272 0.967849 374.522 0.0148189 0.99409 -0.107543 -32.8679 -0.97302 0.0391037 0.227383 165.176
0.23444 0.101394 0.966828 375.411 0.0146783 0.994063 -0.107809 -32.967 -0.97202 0.0394662 0.23156 165.397
0.238585 0.100989 0.965856 376.287 0.0148704 0.994082 -0.107613 -33.06 -0.971008 0.0400376 0.235671 165.622
0.242983 0.0994708 0.964917 377.197 0.0150145 0.994224 -0.106273 -33.1601 -0.969914 0.0403103 0.240086 165.859
0.246218 0.0981426 0.964233 378.078 0.014146 0.99439 -0.104824 -33.2532 -0.969111 0.0394497 0.243449 166.095
0.251314 0.0956876 0.963164 378.958 0.0150697 0.994594 -0.102742 -33.3479 -0.967788 0.0403352 0.248514 166.327
0.254583 0.0937792 0.962493 379.859 0.0146813 0.994797 -0.10081 -33.4447 -0.96694 0.0397952 0.251882 166.577
0.258991 0.0920192 0.961487 380.731 0.0140222 0.994988 -0.0990026 -33.5337 -0.965778 0.0391229 0.256402 166.813
0.263951 0.0915128 0.960185 381.594 0.0143746 0.995005 -0.0987829 -33.6248 -0.964429 0.0398762 0.261317 167.057
0.267536 0.0950088 0.958852 382.478 0.012474 0.994702 -0.102041 -33.7196 -0.963467 0.0392605 0.264933 167.326
0.272368 0.0981558 0.957174 383.32 0.00953038 0.994459 -0.104691 -33.8086 -0.962146 0.0376367 0.269923 167.552
0.2759 0.0989193 0.956083 384.199 0.00761641 0.994434 -0.105085 -33.904 -0.961156 0.0362749 0.273611 167.84
0.278782 0.0949104 0.955653 385.046 0.00625205 0.994904 -0.100632 -33.9911 -0.960334 0.0340293 0.276768 168.087
0.281677 0.0921149 0.955077 385.882 0.00332151 0.995282 -0.0969721 -34.0782 -0.959504 0.0304871 0.280042 168.344
0.282654 0.0931064 0.954693 386.742 -0.000652115 0.995297 -0.0968732 -34.1687 -0.959222 0.026759 0.281385 168.621
0.283128 0.0984851 0.954012 387.575 -0.00428423 0.994834 -0.101428 -34.2577 -0.959073 0.0246298 0.282087 168.87
0.283637 0.102864 0.953399 388.395 -0.00605298 0.994402 -0.105487 -34.3406 -0.958913 0.0241492 0.282672 169.129
0.284042 0.103347 0.953226 389.241 -0.00755844 0.994385 -0.105557 -34.4332 -0.958782 0.0227778 0.283228 169.398
0.284253 0.0997216 0.953549 390.058 -0.00977907 0.994826 -0.101123 -34.5203 -0.958699 0.0194198 0.283758 169.66
0.284598 0.0956445 0.953864 390.875 -0.0124044 0.995295 -0.0960978 -34.6046 -0.958567 0.0155172 0.284445 169.91
0.284437 0.093432 0.954131 391.701 -0.0131014 0.995526 -0.0935798 -34.6903 -0.958606 0.014117 0.284388 170.173
0.283264 0.0929 0.954532 392.514 -0.0131959 0.995581 -0.0929791 -34.7718 -0.958951 0.0137418 0.283239 170.42
0.283219 0.0935822 0.954479 393.317 -0.012771 0.995508 -0.0938154 -34.8508 -0.95897 0.0143807 0.283142 170.666
0.282396 0.0946555 0.954617 394.139 -0.0130157 0.995407 -0.0948498 -34.9293 -0.95921 0.0143602 0.282331 170.933
0.282046 0.0914047 0.955037 394.934 -0.00710298 0.995623 -0.0931914 -35.0009 -0.959375 0.0195007 0.281461 171.146
0.281682 0.0896628 0.955309 395.759 -0.00568728 0.995763 -0.0917827 -35.0833 -0.959491 0.0204204 0.280998 171.403
0.281498 0.0911821 0.95522 396.558 -0.00553418 0.995613 -0.093407 -35.1638 -0.959546 0.0210076 0.280768 171.648
0.281228 0.0956207 0.954865 397.359 -0.00337977 0.995116 -0.098656 -35.2442 -0.959635 0.0245176 0.280178 171.882
0.281176 0.100394 0.95439 398.171 -0.00353558 0.994615 -0.103584 -35.3208 -0.95965 0.025751 0.280017 172.114
0.280854 0.0997443 0.954553 398.971 -0.00393591 0.994696 -0.102781 -35.3951 -0.959743 0.0251094 0.279757 172.353
0.279686 0.0960808 0.955272 399.802 -0.00309831 0.995065 -0.099176 -35.4845 -0.960087 0.0247784 0.278604 172.621
0.280186 0.0956919 0.955164 400.603 -0.00387813 0.995124 -0.0985576 -35.5615 -0.959938 0.0239103 0.279191 172.841
0.280162 0.0970647 0.955033 401.44 -0.00319843 0.994964 -0.100185 -35.6428 -0.959948 0.0250134 0.279061 173.107
0.279206 0.099957 0.955014 402.278 -0.00249211 0.994639 -0.103376 -35.7308 -0.960228 0.0264832 0.277959 173.353
0.27979 0.101382 0.954693 403.122 -0.00181284 0.994463 -0.105074 -35.8123 -0.96006 0.0276679 0.278425 173.594
0.279919 0.0999886 0.954802 403.97 -0.00160356 0.994609 -0.103687 -35.8971 -0.960022 0.027493 0.278571 173.846
0.281049 0.0971617 0.954762 404.84 -0.000203108 0.994868 -0.101183 -35.9825 -0.959693 0.0282436 0.279627 174.101
0.280674 0.0963945 0.95495 405.693 0.00300502 0.994851 -0.101305 -36.0741 -0.959799 0.0313034 0.278939 174.362
0.281774 0.0965139 0.954614 406.588 0.00714653 0.994689 -0.102675 -36.1628 -0.959454 0.0357533 0.279588 174.624
0.282222 0.095817 0.954552 407.433 0.0107788 0.99462 -0.103026 -36.2483 -0.959289 0.0393651 0.279671 174.865
0.28439 0.0947754 0.954013 408.328 0.0139414 0.994588 -0.102962 -36.3378 -0.958607 0.0425817 0.281529 175.13
0.285965 0.0929914 0.953717 409.191 0.0189502 0.994537 -0.102653 -36.4301 -0.958053 0.0474284 0.28264 175.377
0.286879 0.0913969 0.953597 410.074 0.0234276 0.994471 -0.102362 -36.5273 -0.957681 0.0517061 0.283152 175.635
0.286965 0.0885635 0.953838 410.923 0.0220684 0.994842 -0.09901 -36.6084 -0.957687 0.0494621 0.28353 175.894
0.287467 0.0838314 0.954115 411.81 0.019982 0.995421 -0.0934811 -36.6908 -0.957582 0.0459378 0.284475 176.168
0.28807 0.079391 0.954313 412.67 0.0209041 0.995799 -0.0891524 -36.7757 -0.957381 0.0456312 0.2852 176.435
0.288214 0.0796382 0.954249 413.535 0.0219548 0.995724 -0.0897307 -36.862 -0.957314 0.046812 0.285233 176.714
0.289035 0.0832572 0.953691 414.427 0.0207646 0.995431 -0.0931942 -36.9413 -0.957093 0.0467394 0.285986 176.972
0.289882 0.0843279 0.95334 415.274 0.0220074 0.99526 -0.0947277 -37.0271 -0.95681 0.0484403 0.286652 177.23
0.290376 0.0826975 0.953333 416.139 0.0247287 0.995277 -0.0938682 -37.1125 -0.956593 0.0508317 0.286959 177.497
0.291508 0.0799852 0.953219 416.993 0.0267133 0.995429 -0.0916963 -37.198 -0.956196 0.0521938 0.288038 177.752
0.29107 0.0784122 0.953483 417.85 0.0267807 0.995577 -0.0900493 -37.2785 -0.956327 0.0517456 0.287683 178.027
0.290318 0.0790624 0.953659 418.698 0.0252064 0.995604 -0.0902132 -37.3656 -0.956598 0.0502287 0.287048 178.288
0.289503 0.0789483 0.953916 419.507 0.0248309 0.995638 -0.0899372 -37.4421 -0.956855 0.0497237 0.28628 178.539
0.290172 0.0776009 0.953823 420.353 0.0252995 0.995736 -0.0887075 -37.522 -0.95664 0.0498717 0.286971 178.783
0.290338 0.0743494 0.954031 421.111 0.0265889 0.995965 -0.0857092 -37.5969 -0.956555 0.0502513 0.28719 179.017
0.28798 0.0728685 0.95486 421.923 0.0271398 0.996079 -0.0841992 -37.6736 -0.957252 0.0501624 0.284874 179.271
0.287567 0.0722718 0.95503 422.731 0.0282913 0.996073 -0.0838964 -37.7473 -0.957343 0.0511449 0.284393 179.516
0.286495 0.0737327 0.95524 423.491 0.0297602 0.995868 -0.0857943 -37.8187 -0.95762 0.0530078 0.283117 179.745
0.285263 0.0782491 0.95525 424.262 0.0292611 0.995486 -0.0902832 -37.8914 -0.958003 0.0537062 0.281686 179.967
0.283042 0.0839382 0.955428 425.023 0.0272325 0.995058 -0.0954874 -37.9652 -0.958721 0.0530456 0.279357 180.2
0.282953 0.088093 0.95508 425.751 0.0259378 0.994706 -0.0994323 -38.039 -0.958783 0.0529074 0.27917 180.415
0.280442 0.0891368 0.955723 426.528 0.0252236 0.994651 -0.100169 -38.1153 -0.95954 0.0521984 0.276694 180.642
0.280126 0.0855071 0.956147 427.292 0.025795 0.994995 -0.0965384 -38.1954 -0.959617 0.0517068 0.276518 180.872
0.277819 0.08094 0.957217 428.02 0.0273213 0.995375 -0.0920961 -38.2666 -0.960245 0.0517385 0.274323 181.095
0.277495 0.0793062 0.957448 428.762 0.0281132 0.99549 -0.0906052 -38.3412 -0.960316 0.0520594 0.274014 181.306
0.27665 0.0794087 0.957684 429.51 0.0294118 0.995413 -0.0910334 -38.4145 -0.960521 0.0533516 0.273045 181.517
0.276031 0.081479 0.957689 430.228 0.0290169 0.99524 -0.0930372 -38.4822 -0.960711 0.0534703 0.272353 181.722
0.275739 0.0825194 0.957684 430.969 0.0303345 0.995065 -0.0944744 -38.5541 -0.960754 0.0551012 0.271875 181.943
0.276339 0.0825685 0.957507 431.702 0.0313861 0.994996 -0.0948594 -38.6254 -0.960548 0.0562657 0.272364 182.151
0.275824 0.083297 0.957592 432.445 0.0325544 0.994857 -0.0959154 -38.6993 -0.960657 0.0576296 0.271693 182.366
0.275401 0.084532 0.957606 433.164 0.0334552 0.99468 -0.0974262 -38.7712 -0.960747 0.0588682 0.271108 182.574
0.276595 0.0864262 0.957092 433.878 0.0316123 0.99459 -0.0989481 -38.839 -0.960466 0.0576244 0.272367 182.775
0.27563 0.0861924 0.957392 434.62 0.0321891 0.994586 -0.0988081 -38.9161 -0.960725 0.058052 0.271363 182.991
0.276038 0.0848388 0.957395 435.34 0.0335034 0.994642 -0.0977992 -38.9859 -0.960563 0.0590723 0.271717 183.204
0.276224 0.0831925 0.957486 436.069 0.0343638 0.994755 -0.0963443 -39.0612 -0.960479 0.0595155 0.271917 183.42
0.27864 0.0814867 0.956933 436.811 0.0350026 0.99487 -0.0949094 -39.135 -0.959758 0.0599407 0.274358 183.632
0.278933 0.0794209 0.957021 437.536 0.0356985 0.995028 -0.0929797 -39.2058 -0.959647 0.0600994 0.274711 183.851
0.281958 0.0778955 0.956259 438.269 0.0356968 0.995157 -0.0915894 -39.2778 -0.958763 0.0599597 0.277811 184.062
0.282473 0.0786005 0.95605 438.97 0.0344189 0.995165 -0.0919856 -39.3495 -0.958658 0.0588896 0.278402 184.278
0.285291 0.0798166 0.955112 439.676 0.0328112 0.995129 -0.0929614 -39.4184 -0.957879 0.0578594 0.281282 184.489
0.286593 0.0801975 0.95469 440.363 0.0325382 0.995101 -0.0933599 -39.4879 -0.9575 0.0578202 0.282579 184.706
0.288339 0.0800081 0.95418 441.022 0.0320604 0.995138 -0.0931305 -39.555 -0.956992 0.0574446 0.284372 184.909
0.29075 0.0792648 0.95351 441.708 0.0297502 0.995332 -0.091813 -39.622 -0.956337 0.0550618 0.287034 185.116
0.291535 0.0777306 0.953397 442.366 0.0300578 0.995456 -0.0903509 -39.6889 -0.956088 0.0549975 0.287874 185.328
0.2923 0.077816 0.953155 443.008 0.0284811 0.995534 -0.09001 -39.7531 -0.955903 0.0534569 0.288778 185.53
0.293617 0.0774693 0.952779 443.642 0.0285436 0.995556 -0.0897437 -39.8164 -0.955497 0.053546 0.290101 185.73
0.294455 0.0770437 0.952555 444.271 0.0295248 0.995536 -0.0896468 -39.8787 -0.955209 0.0545209 0.290866 185.927
0.296367 0.0768104 0.951981 444.885 0.0300433 0.995518 -0.0896761 -39.9371 -0.954602 0.0551777 0.292731 186.119
0.297174 0.0762846 0.951771 445.49 0.0309748 0.995509 -0.0894614 -39.9964 -0.954321 0.0560665 0.293476 186.311
0.297967 0.0764708 0.951508 446.078 0.0308706 0.995493 -0.0896729 -40.054 -0.954077 0.0560932 0.294264 186.499
0.299607 0.0767411 0.950971 446.658 0.0305904 0.995475 -0.0899699 -40.112 -0.953572 0.0560462 0.295903 186.683
0.300253 0.0772233 0.950728 447.213 0.0296028 0.995483 -0.0902075 -40.167 -0.9534 0.0552294 0.296611 186.863
0.301433 0.0771409 0.950362 447.783 0.0296168 0.995483 -0.0901972 -40.2218 -0.953027 0.0553351 0.297787 187.049
0.302056 0.0770613 0.95017 448.346 0.0294338 0.995498 -0.0900944 -40.2783 -0.952836 0.0551807 0.298428 187.232
0.303043 0.0767112 0.949884 448.895 0.0281547 0.995599 -0.0893853 -40.3317 -0.952561 0.0538314 0.29955 187.413
0.304092 0.0756919 0.949631 449.417 0.0276828 0.995715 -0.0882297 -40.3831 -0.952241 0.0531183 0.300693 187.587
0.303933 0.0750807 0.94973 449.956 0.026674 0.995828 -0.0872611 -40.4346 -0.95232 0.0518547 0.300662 187.76
0.305668 0.074393 0.949227 450.436 0.0277126 0.995826 -0.086969 -40.4818 -0.951735 0.0528893 0.30233 187.911
0.30564 0.07531 0.949164 450.93 0.0283006 0.995708 -0.0881159 -40.5306 -0.951727 0.0537936 0.302196 188.075
0.306382 0.0783666 0.948677 451.414 0.0273254 0.995471 -0.0910569 -40.5792 -0.951517 0.0538212 0.302853 188.234
0.306789 0.0813622 0.948294 451.874 0.025797 0.995263 -0.0937378 -40.6281 -0.951428 0.0532209 0.303237 188.388
0.307818 0.0833864 0.947784 452.348 0.0252409 0.995086 -0.0957457 -40.6726 -0.95111 0.0533953 0.304201 188.549
0.30826 0.0838817 0.947597 452.797 0.0269445 0.994935 -0.0968373 -40.7175 -0.950921 0.0553835 0.304438 188.696
0.309207 0.083458 0.947326 453.231 0.0281145 0.994904 -0.0968262 -40.7621 -0.950579 0.056573 0.305285 188.833
0.308382 0.0824154 0.947686 453.672 0.0277835 0.995035 -0.095574 -40.8087 -0.950857 0.0558033 0.304561 188.98
0.307383 0.0812555 0.94811 454.102 0.0265496 0.995228 -0.0939011 -40.853 -0.951215 0.0540355 0.303759 189.119
0.306135 0.080269 0.948598 454.51 0.0262066 0.995351 -0.0926826 -40.8975 -0.951628 0.0532329 0.302608 189.251
0.304397 0.0795708 0.949216 454.889 0.0269051 0.995389 -0.0920693 -40.9355 -0.952165 0.0535644 0.300852 189.374
0.302841 0.0791116 0.949752 455.269 0.0274527 0.995411 -0.0916685 -40.9743 -0.952646 0.0538342 0.299279 189.501
0.302647 0.0785682 0.949859 455.657 0.0271216 0.995483 -0.0909836 -41.0121 -0.952717 0.0532976 0.299149 189.624
0.301731 0.0779285 0.950203 456.02 0.0270398 0.995554 -0.0902341 -41.0485 -0.95301 0.0529197 0.298282 189.74
0.300758 0.0769665 0.95059 456.374 0.0280548 0.995593 -0.0894865 -41.0817 -0.953288 0.0535824 0.297273 189.853
0.299728 0.0759125 0.951 456.695 0.0288818 0.99565 -0.0885794 -41.1173 -0.953588 0.0540163 0.296231 189.958
0.298713 0.0756959 0.951336 457.043 0.0284854 0.995698 -0.0881699 -41.1521 -0.953918 0.0534367 0.295272 190.061
0.297747 0.0758867 0.951624 457.349 0.0269966 0.995768 -0.0878536 -41.1826 -0.954263 0.0518487 0.294438 190.172
0.296596 0.0761153 0.951965 457.654 0.0256605 0.995824 -0.0876168 -41.2102 -0.954659 0.0504147 0.293404 190.267
0.295637 0.0760518 0.952268 457.956 0.0261859 0.995806 -0.0876584 -41.2393 -0.954942 0.0508511 0.292405 190.359
0.294796 0.076606 0.952485 458.247 0.0273186 0.995698 -0.0885367 -41.2659 -0.95517 0.0521209 0.291435 190.446
0.293892 0.077654 0.952679 458.515 0.0279215 0.995572 -0.0897638 -41.2914 -0.955431 0.0529811 0.290422 190.535
0.293356 0.0782203 0.952798 458.792 0.028063 0.995513 -0.0903673 -41.3179 -0.955592 0.0532481 0.289844 190.618
0.292854 0.0777895 0.952988 459.077 0.0279016 0.995565 -0.0898392 -41.3445 -0.95575 0.0528997 0.289385 190.71
0.293879 0.0772829 0.952713 459.352 0.0269943 0.995658 -0.0890933 -41.3709 -0.955462 0.0519005 0.290517 190.794
0.293736 0.0772317 0.952761 459.629 0.0261944 0.995706 -0.0887886 -41.3985 -0.955528 0.0510374 0.290452 190.88
0.29552 0.0771685 0.952215 459.873 0.0249689 0.995768 -0.0884471 -41.4207 -0.95501 0.0499136 0.292342 190.966
0.296993 0.0775651 0.951724 460.154 0.0230557 0.995822 -0.0883538 -41.4472 -0.954601 0.0481832 0.293964 191.057
0.300027 0.0776453 0.950765 460.421 0.0225876 0.995824 -0.0884529 -41.4724 -0.953663 0.0480138 0.297021 191.146
0.303489 0.0776981 0.949662 460.694 0.0231269 0.995775 -0.0888618 -41.4967 -0.952554 0.0489313 0.30041 191.242
0.309518 0.0771959 0.947755 460.969 0.0238514 0.995755 -0.088895 -41.5232 -0.950595 0.0501198 0.306363 191.333
0.316941 0.0779762 0.945234 461.233 0.0225221 0.995715 -0.0896923 -41.5475 -0.948178 0.0497158 0.313827 191.431
0.325712 0.0787448 0.942184 461.51 0.0212426 0.995665 -0.090558 -41.5764 -0.94523 0.0495103 0.322627 191.533
0.33615 0.0800781 0.938398 461.777 0.0194811 0.995574 -0.0919358 -41.6001 -0.941607 0.0491853 0.333103 191.647
0.348186 0.0798799 0.934016 462.071 0.0198341 0.995512 -0.092533 -41.6329 -0.937216 0.0507441 0.345039 191.767
0.362392 0.0802326 0.928566 462.345 0.0180887 0.995495 -0.0930751 -41.6568 -0.931851 0.0505262 0.359308 191.89
0.378184 0.0818402 0.922106 462.629 0.0147821 0.995424 -0.09441 -41.6859 -0.925613 0.049335 0.375243 192.023
0.395606 0.0835063 0.914616 462.91 0.0108 0.995366 -0.0955503 -41.7128 -0.918357 0.0476781 0.39287 192.171
0.414593 0.0854068 0.90599 463.203 0.00875676 0.995166 -0.0978204 -41.7432 -0.909965 0.0484892 0.411841 192.321
0.433542 0.0876861 0.896857 463.476 0.00731454 0.994879 -0.100806 -41.7756 -0.901104 0.0502636 0.430681 192.477
0.452801 0.0887269 0.887186 463.742 0.00644186 0.994685 -0.102766 -41.8082 -0.891588 0.0522475 0.449823 192.637
0.472134 0.0911773 0.876799 463.999 0.000871592 0.994588 -0.103895 -41.8382 -0.881526 0.0498168 0.469499 192.805
0.486015 0.0958785 0.868675 464.254 -0.00520036 0.994264 -0.10683 -41.8657 -0.873935 0.0474038 0.483725 192.969
0.492567 0.100658 0.864434 464.504 -0.0118009 0.99397 -0.109017 -41.8947 -0.870194 0.0434971 0.490785 193.139
0.491705 0.102762 0.864677 464.754 -0.0144006 0.993836 -0.109923 -41.9219 -0.870643 0.0415978 0.490153 193.286
0.487493 0.103656 0.866952 465.007 -0.0157157 0.993809 -0.109986 -41.953 -0.872985 0.0399926 0.486104 193.425
0.477615 0.104031 0.872388 465.236 -0.0148906 0.993781 -0.110354 -41.98 -0.878443 0.0397164 0.476194 193.547
0.464995 0.103902 0.879195 465.493 -0.0124128 0.993757 -0.110876 -42.0095 -0.885226 0.0406436 0.463382 193.666
0.449686 0.103004 0.887227 465.733 -0.00795311 0.993751 -0.11134 -42.042 -0.893151 0.043012 0.447695 193.767
0.432447 0.101604 0.895917 465.941 -0.00275244 0.993775 -0.111373 -42.0677 -0.901655 0.0456971 0.430034 193.864
0.41245 0.100845 0.905382 466.2 0.000975028 0.993805 -0.111138 -42.0992 -0.91098 0.0467215 0.409796 193.949
0.391632 0.101191 0.914541 466.444 0.00235241 0.993821 -0.11097 -42.1264 -0.920119 0.0456109 0.388974 194.035
0.369867 0.101172 0.92356 466.713 0.00336387 0.993901 -0.110224 -42.1555 -0.929079 0.0438751 0.367271 194.124
0.349899 0.100159 0.931418 466.96 0.00533827 0.994039 -0.108898 -42.1815 -0.936772 0.0430754 0.347278 194.207
0.330864 0.0991074 0.93846 467.234 0.00992987 0.994049 -0.108479 -42.2128 -0.943626 0.0452106 0.327911 194.277
0.314403 0.0978519 0.944233 467.511 0.0155947 0.994007 -0.108203 -42.2469 -0.949162 0.0487442 0.310993 194.34
0.298849 0.0968438 0.949374 467.766 0.0199197 0.993988 -0.107665 -42.2786 -0.954093 0.0510869 0.295123 194.416
0.285486 0.0968776 0.953474 468.053 0.0199241 0.994063 -0.106967 -42.3075 -0.958176 0.0495347 0.281861 194.487
0.275141 0.0951251 0.956686 468.294 0.0205202 0.994285 -0.104765 -42.3322 -0.961185 0.0484566 0.271617 194.559
0.265536 0.0923265 0.95967 468.587 0.0231252 0.994508 -0.102077 -42.3638 -0.963824 0.0492977 0.261943 194.612
0.259182 0.0908471 0.961546 468.819 0.0244865 0.994628 -0.100573 -42.3874 -0.965518 0.0496116 0.255565 194.678
0.256623 0.0908285 0.962234 469.064 0.0256349 0.994585 -0.100719 -42.4155 -0.966172 0.0505136 0.252905 194.74
0.258533 0.091401 0.961669 469.289 0.0252897 0.994532 -0.101323 -42.4383 -0.965671 0.0505158 0.254808 194.802
0.265337 0.0906047 0.959889 469.515 0.0265621 0.99451 -0.101215 -42.4608 -0.96379 0.0523527 0.261473 194.871
0.274906 0.0890589 0.957338 469.729 0.0283502 0.994517 -0.100659 -42.4853 -0.961053 0.0548124 0.270874 194.931
0.286046 0.0881191 0.954155 469.92 0.0272362 0.994613 -0.100021 -42.5101 -0.957829 0.0545981 0.282105 195.014
0.299599 0.0898251 0.949827 470.11 0.0213409 0.994678 -0.100798 -42.5287 -0.953827 0.0504691 0.296087 195.09
0.312998 0.0920547 0.945282 470.28 0.0159902 0.99464 -0.102156 -42.5509 -0.949619 0.0470899 0.309848 195.17
0.327353 0.0924099 0.940373 470.44 0.0114785 0.994744 -0.101749 -42.5703 -0.944833 0.0441018 0.324571 195.25
0.342431 0.0905624 0.935168 470.597 0.00938754 0.994964 -0.0997905 -42.5878 -0.939496 0.0429503 0.339856 195.323
0.357 0.0886783 0.929886 470.744 0.01056 0.995037 -0.0989456 -42.6053 -0.934045 0.0451432 0.354292 195.391
0.373521 0.0876645 0.92347 470.88 0.0191293 0.994585 -0.102153 -42.6166 -0.927425 0.0558215 0.369821 195.43
0.387898 0.0905888 0.91724 471 0.0242297 0.993812 -0.108398 -42.6434 -0.921384 0.0642717 0.383303 195.498
0.403694 0.0929261 0.910163 471.105 0.0216603 0.993579 -0.11105 -42.6557 -0.914638 0.0645447 0.399089 195.566
0.418527 0.0945503 0.903269 471.212 0.0130318 0.993839 -0.110069 -42.6644 -0.908111 0.0578381 0.414716 195.642
0.432239 0.0946038 0.896783 471.305 0.00583503 0.994167 -0.10769 -42.6721 -0.90174 0.0517803 0.429165 195.716
0.445269 0.0940043 0.890449 471.402 0.00272431 0.994327 -0.106333 -42.6835 -0.895393 0.0497726 0.442487 195.787
0.457415 0.0929315 0.884384 471.494 0.00224605 0.994401 -0.105654 -42.6962 -0.889251 0.050314 0.454645 195.846
0.468971 0.092475 0.878359 471.577 0.00161165 0.994412 -0.105554 -42.7063 -0.883212 0.0509172 0.466201 195.905
0.480969 0.0921793 0.871878 471.66 0.000464433 0.994431 -0.105392 -42.7143 -0.876737 0.0510954 0.478248 195.965
0.491012 0.0910265 0.866384 471.736 0.000459011 0.994499 -0.104747 -42.7227 -0.871153 0.0518297 0.488269 196.026
0.501254 0.0888501 0.860726 471.819 0.000921161 0.994659 -0.103212 -42.7318 -0.8653 0.0525283 0.498495 196.072
0.509214 0.0886755 0.856059 471.869 -0.00120706 0.99475 -0.102324 -42.74 -0.860639 0.0510714 0.506648 196.129
0.516041 0.0927237 0.85153 471.927 -0.00804473 0.994604 -0.103428 -42.7505 -0.856526 0.0465227 0.514003 196.176
0.524429 0.0993137 0.845642 471.96 -0.0177877 0.994235 -0.105734 -42.7593 -0.851268 0.0404079 0.523173 196.23
0.531142 0.104483 0.840816 471.996 -0.0251811 0.993876 -0.107595 -42.7614 -0.846909 0.0359758 0.53052 196.277
0.535792 0.103907 0.837932 472.042 -0.0252807 0.993928 -0.107087 -42.7673 -0.843972 0.0361926 0.535166 196.307
0.542048 0.0991042 0.834483 472.089 -0.0207591 0.994298 -0.1046 -42.7748 -0.840091 0.0393749 0.541014 196.344
0.547892 0.0938949 0.831263 472.132 -0.0161727 0.994684 -0.101695 -42.7814 -0.836393 0.0422739 0.546498 196.372
0.55196 0.0919101 0.82879 472.184 -0.0153319 0.994858 -0.100116 -42.7889 -0.83373 0.0425529 0.550531 196.398
0.556508 0.0932595 0.825592 472.208 -0.0191396 0.994856 -0.0994782 -42.7912 -0.830622 0.0395589 0.55543 196.439
0.561192 0.0963532 0.822058 472.237 -0.0246506 0.994706 -0.099761 -42.7922 -0.827319 0.0357209 0.560596 196.466
0.563795 0.0990048 0.819959 472.252 -0.0287564 0.99454 -0.100312 -42.7928 -0.825414 0.0329762 0.563564 196.505
