1.11022e-16 2.22045e-16 0 -2.98023e-08
-0.0078317 1.68922 -0.0081192 1.67564
-0.0296935 3.39028 -0.0199537 3.35298
-0.070081 5.15046 -0.0498055 5.10204
-0.123858 6.98963 -0.0966765 6.93139
-0.184475 8.97838 -0.142302 8.90781
-0.253794 11.0642 -0.22982 10.9981
-0.296212 13.3352 -0.307069 13.2525
-0.34512 15.7488 -0.411249 15.6643
-0.368644 18.2881 -0.510431 18.2172
-0.406558 20.9906 -0.615929 20.9278
-0.450731 23.8492 -0.742427 23.7538
-0.505576 26.7949 -0.834715 26.6837
-0.567916 29.8173 -0.931763 29.6678
-0.634186 32.9025 -1.04978 32.7302
-0.704629 36.0673 -1.17241 35.8881
-0.763742 39.277 -1.27396 39.0904
-0.840559 42.5065 -1.3993 42.3365
-0.944805 45.7073 -1.52943 45.548
-1.05011 48.9346 -1.65978 48.7575
-1.1429 52.1595 -1.78732 51.9723
-1.24879 55.3725 -1.90071 55.1792
-1.35218 58.6006 -1.99144 58.3859
-1.44456 61.8474 -2.08753 61.6404
-1.52809 65.0853 -2.18488 64.8864
-1.62351 68.3497 -2.31658 68.1147
-1.69757 71.606 -2.40663 71.3736
-1.78443 74.8429 -2.49811 74.5975
-1.89275 78.0446 -2.59712 77.8053
-2.00925 81.241 -2.72101 81.0277
-2.11814 84.3815 -2.85591 84.1964
-2.22492 87.4107 -2.9806 87.2309
-2.34477 90.2656 -3.11154 90.0993
-2.48672 92.9158 -3.26157 92.74
-2.64959 95.3521 -3.41052 95.1762
-2.82759 97.5331 -3.56917 97.3378
-2.99255 99.4374 -3.73396 99.2076
-3.1324 101.12 -3.84106 100.877
-3.19672 102.604 -3.89532 102.344
-3.18267 103.907 -3.86585 103.662
-3.06183 105.116 -3.74501 104.853
-2.81389 106.241 -3.48503 105.979
-2.43175 107.285 -3.08464 107
-1.92149 108.235 -2.5767 107.938
-1.28282 109.05 -1.92623 108.764
-0.530716 109.791 -1.18254 109.487
0.374458 110.404 -0.253562 110.081
1.40813 110.857 0.810231 110.55
2.53314 111.185 1.92997 110.865
3.78382 111.364 3.18002 111.025
5.17344 111.49 4.57318 111.151
6.72852 111.518 6.12676 111.176
8.44766 111.482 7.84557 111.153
10.3653 111.412 9.76374 111.087
12.4406 111.377 11.8531 111.056
14.6583 111.336 14.0258 111.042
16.981 111.294 16.3678 111.005
19.3715 111.225 18.7676 110.967
21.8275 111.169 21.2152 110.927
24.3382 111.128 23.7321 110.877
26.8655 111.087 26.2637 110.83
29.3403 111.019 28.7661 110.777
31.8244 110.95 31.2643 110.723
34.2556 110.896 33.7141 110.692
36.6557 110.832 36.1275 110.644
39.0235 110.76 38.4949 110.576
41.3483 110.662 40.8164 110.497
43.6256 110.563 43.0984 110.412
45.7787 110.472 45.2482 110.332
47.8711 110.382 47.3425 110.251
49.9395 110.289 49.4312 110.171
51.9717 110.195 51.4418 110.098
53.9664 110.084 53.4263 110.002
55.9687 109.923 55.459 109.86
58.0125 109.725 57.5059 109.689
60.1424 109.503 59.6244 109.495
62.3294 109.265 61.8023 109.275
64.5634 109.014 64.0267 109.045
66.8058 108.791 66.2591 108.81
69.0248 108.567 68.4957 108.58
71.2741 108.316 70.7395 108.333
73.5516 108.056 73.0133 108.082
75.8789 107.783 75.3646 107.812
78.2494 107.483 77.6954 107.521
80.6562 107.159 80.1108 107.204
83.1284 106.823 82.5862 106.872
85.6502 106.499 85.0989 106.556
88.1956 106.18 87.6539 106.251
90.7563 105.879 90.2392 105.961
93.3471 105.574 92.8224 105.675
95.9365 105.268 95.3713 105.392
98.4988 104.97 97.9433 105.119
101.043 104.696 100.481 104.873
103.536 104.414 102.97 104.624
105.991 104.117 105.407 104.35
108.401 103.83 107.828 104.078
110.757 103.531 110.189 103.791
113.078 103.211 112.509 103.479
115.357 102.887 114.795 103.173
117.639 102.533 117.09 102.838
119.873 102.178 119.337 102.498
122.079 101.812 121.554 102.131
124.273 101.408 123.739 101.736
126.425 100.975 125.899 101.32
128.537 100.456 128.023 100.814
130.618 99.8568 130.112 100.226
132.668 99.2161 132.174 99.6024
134.687 98.5535 134.196 98.9545
136.66 97.9265 136.166 98.3513
138.607 97.3143 138.105 97.7715
140.503 96.7389 139.988 97.2167
142.369 96.2044 141.865 96.7078
144.202 95.6956 143.694 96.2171
145.98 95.2441 145.485 95.7813
147.725 94.8416 147.24 95.4095
149.451 94.4979 148.94 95.0998
151.16 94.251 150.634 94.8899
152.854 94.1421 152.312 94.8272
154.533 94.1327 153.967 94.8498
156.197 94.1207 155.643 94.8528
157.821 94.0073 157.248 94.7566
159.401 93.8382 158.846 94.5906
160.939 93.5782 160.363 94.3495
162.418 93.2763 161.835 94.0447
163.854 92.9387 163.274 93.6944
165.278 92.6226 164.663 93.3863
166.675 92.2996 166.054 93.0635
168.125 91.9461 167.518 92.7018
169.639 91.5263 169.017 92.2979
171.214 91.0624 170.604 91.828
172.837 90.5691 172.201 91.3384
174.481 90.0352 173.855 90.8197
176.116 89.5135 175.485 90.309
177.737 89.009 177.112 89.8166
179.316 88.5396 178.698 89.3564
180.808 88.1232 180.198 88.9439
182.186 87.7535 181.587 88.5765
183.432 87.482 182.831 88.3049
184.623 87.2937 184.027 88.1323
185.804 87.2316 185.207 88.0837
186.952 87.2978 186.352 88.1678
188.069 87.4519 187.478 88.3355
189.155 87.7286 188.562 88.624
190.234 88.1572 189.634 89.0753
191.32 88.7816 190.722 89.7156
192.411 89.6005 191.799 90.5416
193.454 90.6845 192.829 91.6238
194.438 91.9889 193.812 92.9166
195.378 93.549 194.737 94.4641
196.271 95.3271 195.616 96.2373
197.137 97.2774 196.484 98.1874
197.95 99.411 197.295 100.311
198.716 101.703 198.062 102.59
199.517 104.092 198.864 104.98
200.371 106.591 199.708 107.46
201.252 109.17 200.587 110.015
202.151 111.754 201.482 112.605
203.059 114.351 202.391 115.223
203.984 117 203.287 117.833
204.858 119.562 204.171 120.406
205.735 122.179 205.045 123.025
206.599 124.79 205.901 125.632
207.441 127.377 206.74 128.181
208.243 129.908 207.553 130.726
208.997 132.35 208.313 133.153
209.687 134.654 209.003 135.447
210.316 136.813 209.638 137.61
210.853 138.781 210.174 139.567
211.315 140.528 210.636 141.314
211.724 142.072 211.051 142.848
212.088 143.49 211.413 144.256
212.419 144.849 211.747 145.613
212.645 146.171 211.98 146.936
212.735 147.467 212.075 148.222
212.655 148.728 211.988 149.465
212.395 149.931 211.713 150.661
211.968 151.061 211.268 151.756
211.328 152.041 210.659 152.738
210.57 152.9 209.889 153.579
209.69 153.61 208.991 154.279
208.71 154.128 208.007 154.788
207.629 154.447 206.974 155.113
206.514 154.664 205.868 155.325
205.343 154.84 204.696 155.524
204.055 154.916 203.431 155.626
202.653 155.003 202.027 155.727
201.071 155.005 200.438 155.749
199.318 154.934 198.701 155.679
197.401 154.857 196.775 155.615
195.317 154.772 194.683 155.53
193.07 154.75 192.426 155.504
190.669 154.809 190.006 155.554
188.123 154.966 187.462 155.689
185.505 155.21 184.865 155.915
182.877 155.503 182.225 156.182
180.229 155.806 179.618 156.467
177.558 156.111 176.945 156.755
174.881 156.428 174.27 157.056
172.211 156.746 171.612 157.346
169.532 157.058 168.938 157.637
166.857 157.367 166.268 157.913
164.166 157.688 163.592 158.217
161.544 158.015 160.939 158.52
158.917 158.348 158.326 158.83
156.307 158.686 155.69 159.149
153.702 159.029 153.068 159.471
151.074 159.379 150.451 159.796
148.418 159.744 147.779 160.125
145.726 160.132 145.068 160.476
143.007 160.517 142.349 160.838
140.245 160.895 139.571 161.188
137.441 161.249 136.77 161.512
134.595 161.56 133.915 161.796
131.711 161.841 131.038 162.054
128.789 162.129 128.114 162.322
125.847 162.402 125.185 162.577
122.923 162.663 122.241 162.827
120.011 162.917 119.325 163.063
117.096 163.165 116.421 163.296
114.183 163.418 113.51 163.524
111.271 163.676 110.609 163.763
108.36 163.93 107.7 164.012
105.445 164.185 104.767 164.255
102.541 164.435 101.872 164.495
99.6444 164.672 98.9784 164.704
96.7447 164.928 96.0794 164.954
93.8493 165.223 93.1704 165.23
90.9521 165.53 90.2617 165.522
88.0654 165.851 87.3559 165.821
85.1505 166.192 84.4444 166.145
82.2426 166.531 81.5378 166.458
79.3118 166.863 78.6108 166.767
76.3933 167.202 75.6742 167.084
73.4387 167.539 72.7229 167.412
70.4852 167.863 69.771 167.717
67.5198 168.168 66.8046 168.004
64.5408 168.442 63.8186 168.264
61.5404 168.697 60.8112 168.508
58.5372 168.941 57.8039 168.743
55.5339 169.185 54.7779 168.986
52.5433 169.42 51.7826 169.208
49.5719 169.64 48.8072 169.417
46.6355 169.84 45.8864 169.606
43.7101 170.017 42.9877 169.781
40.8234 170.177 40.0765 169.928
37.953 170.328 37.2154 170.082
35.1329 170.473 34.3986 170.234
32.3853 170.603 31.6559 170.367
29.7044 170.713 28.9595 170.479
27.0934 170.807 26.3542 170.573
24.5832 170.877 23.8443 170.649
22.2093 170.938 21.4468 170.736
19.9443 171.028 19.1924 170.833
17.748 171.142 16.9854 170.952
15.6068 171.273 14.8386 171.085
13.5455 171.404 12.7842 171.215
11.5681 171.54 10.8194 171.347
9.70917 171.687 8.95484 171.49
7.99864 171.854 7.25492 171.645
6.43263 172.024 5.68504 171.801
4.99536 172.228 4.24711 171.991
3.67436 172.461 2.9166 172.217
2.47555 172.739 1.7239 172.492
1.3941 173.061 0.66101 172.807
0.435287 173.449 -0.286733 173.192
-0.481995 173.905 -1.18515 173.633
-1.32486 174.457 -2.01213 174.161
-2.06539 175.092 -2.73467 174.771
-2.7621 175.809 -3.4362 175.491
-3.40846 176.72 -4.07657 176.39
-3.99476 177.764 -4.66109 177.407
-4.50601 178.952 -5.18511 178.593
-4.93092 180.367 -5.61469 179.981
-5.21269 181.953 -5.89397 181.567
-5.35152 183.715 -6.03311 183.327
-5.39232 185.626 -6.07252 185.23
-5.38794 187.683 -6.05441 187.295
-5.37215 189.872 -6.03679 189.465
-5.38659 192.193 -6.05103 191.773
-5.40602 194.585 -6.07053 194.158
-5.44044 197.018 -6.12865 196.6
-5.47598 199.456 -6.19411 199.043
-5.51484 201.934 -6.25274 201.533
-5.56006 204.407 -6.32284 204.011
-5.6168 206.864 -6.40901 206.47
-5.69211 209.294 -6.498 208.906
-5.77568 211.678 -6.5879 211.269
-5.86077 213.99 -6.69135 213.587
-5.9409 216.159 -6.78231 215.737
-6.02328 218.169 -6.86643 217.752
-6.11459 220.001 -6.97329 219.555
-6.20908 221.641 -7.06073 221.181
-6.29008 223.095 -7.1579 222.624
-6.32374 224.427 -7.19867 223.961
-6.27433 225.732 -7.1632 225.267
-6.13226 226.985 -7.01911 226.525
-5.84254 228.167 -6.72786 227.728
-5.39245 229.278 -6.27474 228.832
-4.84275 230.276 -5.72334 229.865
-4.1627 231.193 -5.03621 230.764
-3.33917 232.032 -4.21302 231.589
-2.39757 232.795 -3.27208 232.367
-1.27852 233.345 -2.13001 232.975
0.00239807 233.849 -0.852653 233.471
1.45182 234.167 0.592287 233.807
3.06334 234.395 2.20204 234.057
4.8184 234.522 3.96728 234.219
6.71886 234.529 5.86999 234.246
8.77187 234.477 7.91946 234.212
10.9501 234.354 10.0947 234.12
13.2837 234.243 12.4123 234.038
15.6982 234.114 14.7806 233.934
18.1098 234.011 17.1871 233.859
20.5389 233.937 19.581 233.803
23.0004 233.896 22.0041 233.777
25.4545 233.896 24.4764 233.767
27.9277 233.889 26.9536 233.753
30.4079 233.872 29.435 233.732
32.8821 233.854 31.9169 233.711
35.3385 233.829 34.4078 233.684
37.7795 233.79 36.8436 233.627
40.1794 233.727 39.2628 233.553
42.5523 233.662 41.6432 233.487
44.9078 233.596 44.0006 233.415
47.2269 233.521 46.3404 233.342
49.5228 233.435 48.6106 233.25
51.8031 233.37 50.8935 233.182
54.0499 233.307 53.1225 233.116
56.2806 233.227 55.3547 233.028
58.4456 233.148 57.5158 232.952
60.62 233.087 59.6969 232.882
62.7505 233.038 61.8298 232.844
64.8463 232.998 63.9408 232.808
66.9079 232.934 66.001 232.746
68.9275 232.867 68.0134 232.691
70.8877 232.815 69.9696 232.634
72.8258 232.758 71.909 232.58
74.7379 232.699 73.8181 232.53
76.6184 232.622 75.7042 232.465
78.4878 232.513 77.5761 232.372
80.4154 232.376 79.5171 232.253
82.4231 232.188 81.5267 232.085
84.5244 231.97 83.6274 231.89
86.7091 231.7 85.8092 231.626
89.0241 231.38 88.1227 231.319
91.4678 231.021 90.5761 230.969
94.0246 230.649 93.131 230.611
96.7043 230.258 95.8011 230.238
99.5003 229.89 98.5882 229.884
102.391 229.569 101.465 229.571
105.358 229.285 104.431 229.294
108.345 229.013 107.451 229.039
111.363 228.735 110.46 228.778
114.373 228.478 113.475 228.529
117.36 228.229 116.477 228.292
120.339 228.001 119.454 228.078
123.309 227.797 122.405 227.894
126.241 227.623 125.331 227.734
129.152 227.477 128.242 227.602
132.013 227.319 131.1 227.459
134.854 227.155 133.938 227.312
137.658 226.984 136.756 227.158
140.442 226.781 139.554 226.966
143.209 226.535 142.358 226.733
145.977 226.238 145.105 226.443
148.746 225.863 147.881 226.089
151.519 225.402 150.674 225.641
154.266 224.859 153.446 225.111
157.018 224.208 156.176 224.482
159.77 223.495 158.945 223.781
162.519 222.782 161.708 223.081
165.293 222.111 164.48 222.429
168.052 221.507 167.242 221.844
170.813 220.973 169.999 221.323
173.565 220.491 172.741 220.864
176.246 220.043 175.435 220.437
178.819 219.634 178.01 220.029
181.257 219.252 180.447 219.637
183.679 218.884 182.887 219.263
186.087 218.498 185.31 218.866
188.455 218.1 187.68 218.461
190.804 217.716 190.035 218.07
193.141 217.374 192.381 217.739
195.432 217.055 194.675 217.434
197.728 216.759 196.975 217.126
199.972 216.486 199.195 216.864
202.099 216.238 201.294 216.629
204.042 215.996 203.229 216.402
205.75 215.775 204.946 216.209
207.241 215.583 206.405 216.047
208.613 215.38 207.79 215.873
209.946 215.165 209.066 215.698
211.132 214.943 210.266 215.497
212.137 214.745 211.262 215.317
213.062 214.535 212.183 215.144
213.959 214.314 213.089 214.956
214.824 214.089 213.964 214.747
215.688 213.835 214.822 214.509
216.575 213.527 215.71 214.219
217.491 213.158 216.645 213.859
218.457 212.701 217.601 213.409
219.481 212.125 218.624 212.818
220.512 211.371 219.678 212.061
221.551 210.459 220.705 211.139
222.556 209.363 221.704 210.031
223.474 208.083 222.648 208.734
224.313 206.641 223.479 207.272
225.045 205.038 224.193 205.66
225.611 203.26 224.754 203.866
225.97 201.35 225.128 201.948
226.11 199.367 225.261 199.949
226.043 197.305 225.19 197.889
225.808 195.16 224.956 195.748
225.43 192.957 224.596 193.551
224.917 190.708 224.097 191.297
224.27 188.432 223.461 189.029
223.515 186.122 222.73 186.739
222.66 183.771 221.888 184.399
221.783 181.391 221.034 182.027
220.892 178.999 220.151 179.617
220.021 176.587 219.295 177.227
219.223 174.2 218.529 174.828
218.482 171.835 217.823 172.476
217.818 169.569 217.189 170.213
217.217 167.459 216.621 168.173
216.651 165.492 216.044 166.2
216.111 163.683 215.488 164.367
215.578 162.017 214.949 162.683
214.999 160.43 214.359 161.097
214.345 158.976 213.691 159.623
213.574 157.663 212.909 158.3
212.661 156.533 211.986 157.172
211.583 155.56 210.912 156.19
210.427 154.805 209.718 155.443
209.163 154.246 208.437 154.891
207.764 153.857 207.037 154.527
206.281 153.652 205.552 154.323
204.678 153.573 203.967 154.244
202.976 153.576 202.264 154.243
201.14 153.65 200.439 154.309
199.176 153.795 198.479 154.462
197.094 154.001 196.406 154.654
194.884 154.206 194.21 154.871
192.56 154.428 191.892 155.075
190.124 154.677 189.439 155.305
187.577 154.947 186.893 155.538
184.929 155.251 184.287 155.826
182.198 155.595 181.565 156.157
179.402 155.945 178.804 156.501
176.57 156.287 175.993 156.826
173.734 156.624 173.153 157.146
170.901 156.954 170.312 157.469
168.081 157.295 167.501 157.802
165.285 157.641 164.695 158.141
162.507 157.988 161.916 158.473
159.747 158.333 159.17 158.796
156.985 158.681 156.393 159.128
154.216 159.032 153.588 159.477
151.439 159.4 150.834 159.84
148.641 159.793 148.037 160.192
145.814 160.206 145.204 160.592
142.964 160.61 142.356 160.967
140.057 160.997 139.447 161.327
137.092 161.348 136.472 161.649
134.059 161.649 133.443 161.945
130.994 161.935 130.384 162.212
127.859 162.234 127.248 162.49
124.684 162.52 124.074 162.756
121.492 162.799 120.899 163.012
118.297 163.082 117.691 163.268
115.103 163.378 114.498 163.537
111.913 163.673 111.297 163.803
108.724 163.967 108.093 164.084
105.532 164.254 104.9 164.361
102.343 164.538 101.704 164.62
99.1616 164.826 98.5283 164.893
95.9595 165.165 95.3208 165.213
92.7469 165.548 92.0871 165.576
89.5265 165.956 88.8667 165.968
86.2979 166.382 85.6237 166.373
83.0336 166.817 82.3759 166.79
79.737 167.239 79.0794 167.195
76.4272 167.63 75.7687 167.571
73.0503 167.986 72.3985 167.911
69.6409 168.315 68.9912 168.217
66.1944 168.637 65.5437 168.527
62.7103 168.932 62.0417 168.806
59.2144 169.2 58.5475 169.058
55.7346 169.447 55.044 169.297
52.272 169.682 51.5632 169.508
48.8335 169.903 48.1426 169.713
45.4319 170.116 44.7455 169.893
42.0516 170.315 41.3696 170.063
38.7425 170.483 38.0443 170.222
35.5353 170.63 34.8357 170.353
32.4609 170.758 31.751 170.461
29.527 170.863 28.8059 170.561
26.7363 170.955 26.0089 170.631
24.0966 171.032 23.3643 170.69
21.5995 171.132 20.8513 170.777
19.3166 171.345 18.4709 170.918
17.2018 171.658 16.1835 171.149
15.0898 171.971 13.9994 171.447
12.9804 172.284 11.9258 171.802
10.8724 172.596 9.95074 172.166
8.83819 172.908 8.09275 172.491
7.13235 173.177 6.4006 172.749
5.61129 173.387 4.8908 172.956
4.30937 173.544 3.59124 173.119
3.23742 173.652 2.51707 173.235
2.37584 173.73 1.6662 173.319
1.67955 173.799 0.960553 173.384
1.05692 173.86 0.337622 173.437
0.465217 173.909 -0.252176 173.493
-0.12803 173.962 -0.858314 173.541
-0.72023 174.003 -1.44564 173.595
-1.33059 174.024 -2.05536 173.614
-2.08043 174.055 -2.79636 173.651
-2.99758 174.095 -3.70015 173.688
-4.09864 174.121 -4.8123 173.71
-5.41652 174.168 -6.11399 173.758
-6.93604 174.228 -7.64123 173.824
-8.60936 174.34 -9.3293 173.946
-10.464 174.413 -11.1747 174.023
-12.4942 174.495 -13.2286 174.121
-14.6626 174.544 -15.3686 174.166
-17.0285 174.613 -17.7314 174.238
-19.5155 174.657 -20.2409 174.286
-22.1532 174.695 -22.8985 174.335
-24.8917 174.737 -25.6305 174.386
-27.7285 174.788 -28.4532 174.446
-30.6688 174.869 -31.3903 174.529
-33.6711 174.97 -34.3803 174.633
-36.7347 175.075 -37.4299 174.747
-39.8436 175.166 -40.5282 174.833
-43.0012 175.253 -43.6944 174.917
-46.1849 175.352 -46.852 175.011
-49.3744 175.443 -50.0365 175.097
-52.5574 175.526 -53.2026 175.173
-55.7576 175.616 -56.3714 175.241
-58.9259 175.703 -59.5263 175.309
-62.1301 175.805 -62.7289 175.41
-65.3281 175.907 -65.9294 175.5
-68.5377 176.003 -69.1565 175.589
-71.7492 176.081 -72.3403 175.657
-74.9765 176.146 -75.5523 175.723
-78.2088 176.218 -78.7901 175.791
-81.4471 176.258 -82.0381 175.822
-84.6922 176.291 -85.2643 175.843
-87.9368 176.289 -88.5036 175.844
-91.2113 176.258 -91.7893 175.816
-94.4844 176.205 -95.0527 175.763
-97.757 176.122 -98.3348 175.705
-101.045 176.004 -101.652 175.609
-104.339 175.862 -104.952 175.492
-107.64 175.695 -108.254 175.341
-110.949 175.52 -111.567 175.193
-114.268 175.326 -114.868 175.025
-117.599 175.123 -118.184 174.831
-120.943 174.923 -121.528 174.637
-124.294 174.719 -124.878 174.452
-127.663 174.506 -128.258 174.242
-131.049 174.295 -131.661 174.028
-134.443 174.072 -135.058 173.807
-137.847 173.848 -138.47 173.576
-141.262 173.635 -141.879 173.36
-144.675 173.415 -145.286 173.153
-148.093 173.189 -148.678 172.932
-151.507 172.967 -152.088 172.717
-154.902 172.728 -155.487 172.473
-158.293 172.495 -158.889 172.256
-161.632 172.25 -162.232 172.019
-164.975 172.023 -165.566 171.797
-168.236 171.803 -168.824 171.592
-171.502 171.597 -172.064 171.403
-174.668 171.36 -175.219 171.162
-177.746 171.133 -178.281 170.933
-180.803 170.903 -181.325 170.712
-183.779 170.688 -184.307 170.488
-186.702 170.476 -187.243 170.275
-189.566 170.268 -190.111 170.079
-192.391 170.071 -192.92 169.885
-195.15 169.858 -195.675 169.682
-197.876 169.626 -198.394 169.451
-200.552 169.372 -201.074 169.194
-203.199 169.064 -203.67 168.894
-205.787 168.703 -206.271 168.53
-208.326 168.29 -208.791 168.119
-210.824 167.882 -211.274 167.731
-213.258 167.488 -213.715 167.356
-215.584 167.156 -216.064 167.029
-217.826 166.951 -218.331 166.831
-219.977 166.84 -220.492 166.722
-222.031 166.826 -222.562 166.704
-223.989 166.913 -224.505 166.79
-225.825 167.088 -226.344 166.959
-227.55 167.326 -228.057 167.195
-229.178 167.609 -229.682 167.474
-230.693 167.92 -231.16 167.771
-232.122 168.192 -232.565 168.028
-233.454 168.409 -233.889 168.229
-234.669 168.528 -235.095 168.332
-235.787 168.548 -236.187 168.327
-236.809 168.432 -237.192 168.188
-237.749 168.202 -238.101 167.945
-238.622 167.871 -238.949 167.606
-239.423 167.439 -239.742 167.178
-240.168 166.948 -240.476 166.687
-240.837 166.406 -241.138 166.16
-241.484 165.802 -241.787 165.582
-242.133 165.205 -242.43 164.979
-242.761 164.565 -243.058 164.356
-243.373 163.846 -243.674 163.644
-243.957 163.041 -244.252 162.868
-244.491 162.132 -244.796 161.95
-244.988 161.117 -245.282 160.945
-245.419 159.925 -245.697 159.768
-245.815 158.552 -246.093 158.432
-246.2 156.992 -246.482 156.847
-246.614 155.23 -246.887 155.093
-246.968 153.214 -247.238 153.071
-247.267 150.944 -247.532 150.822
-247.521 148.452 -247.774 148.334
-247.763 145.749 -248.011 145.641
-248.018 142.841 -248.253 142.742
-248.277 139.721 -248.515 139.581
-248.523 136.389 -248.757 136.234
-248.773 132.87 -249.015 132.749
-249.016 129.336 -249.257 129.249
-249.218 125.815 -249.458 125.728
-249.398 122.286 -249.642 122.193
-249.565 118.755 -249.805 118.706
-249.697 115.238 -249.942 115.176
-249.82 111.742 -250.071 111.695
-249.943 108.268 -250.188 108.218
-250.045 104.815 -250.284 104.773
-250.125 101.387 -250.37 101.387
-250.189 97.986 -250.426 97.9712
-250.244 94.5988 -250.491 94.6109
-250.306 91.2592 -250.544 91.2742
-250.4 87.9367 -250.627 87.9501
-250.55 84.6452 -250.779 84.6314
-250.69 81.3567 -250.922 81.2882
-250.847 78.1038 -251.068 78.0297
-251.02 74.8245 -251.238 74.7111
-251.181 71.5496 -251.386 71.4767
-251.353 68.2994 -251.549 68.2291
-251.504 65.0681 -251.7 64.989
-251.635 61.8525 -251.815 61.7961
-251.748 58.6619 -251.922 58.6259
-251.845 55.4898 -252.009 55.471
-251.936 52.3437 -252.11 52.2924
-252.031 49.2201 -252.214 49.1712
-252.144 46.1167 -252.32 46.0704
-252.285 43.0392 -252.463 43.0108
-252.448 39.988 -252.624 39.9953
-252.625 36.9564 -252.803 36.9868
-252.811 33.9548 -252.962 34.0226
-252.984 30.9781 -253.137 31.0675
-253.098 28.0289 -253.238 28.1347
-253.116 25.1012 -253.244 25.2395
-253.041 22.2034 -253.171 22.3553
-252.848 19.3242 -252.982 19.5061
-252.488 16.4809 -252.61 16.6747
-251.944 13.6505 -252.068 13.8641
-251.206 10.8462 -251.331 11.0823
-250.269 8.06443 -250.385 8.31863
-249.119 5.31483 -249.24 5.56574
-247.746 2.61686 -247.87 2.86285
-246.166 -0.0179689 -246.315 0.257084
-244.406 -2.61994 -244.56 -2.33398
-242.507 -5.20161 -242.682 -4.9013
-240.544 -7.80521 -240.727 -7.49757
-238.528 -10.4414 -238.706 -10.1548
-236.483 -13.1027 -236.66 -12.8191
-234.463 -15.7783 -234.618 -15.5035
-232.509 -18.4819 -232.642 -18.2037
-230.632 -21.2116 -230.757 -20.931
-228.85 -23.9731 -228.961 -23.6972
-227.12 -26.7315 -227.222 -26.4466
-225.42 -29.4668 -225.522 -29.1645
-223.757 -32.1753 -223.847 -31.876
-222.113 -34.8529 -222.212 -34.5203
-220.503 -37.4878 -220.593 -37.1418
-218.946 -40.02 -219.032 -39.6897
-217.474 -42.3504 -217.54 -42.0061
-216.082 -44.4499 -216.174 -44.1143
-214.778 -46.3102 -214.863 -45.9767
-213.57 -47.9634 -213.676 -47.5969
-212.47 -49.4066 -212.584 -49.0504
-211.403 -50.7036 -211.515 -50.361
-210.35 -51.8666 -210.474 -51.514
-209.329 -52.8822 -209.458 -52.5343
-208.342 -53.7128 -208.48 -53.3771
-207.434 -54.3148 -207.579 -53.9603
-206.639 -54.7508 -206.795 -54.3931
-205.847 -55.1124 -206.021 -54.7539
-205.046 -55.3769 -205.216 -55.0261
-204.238 -55.5721 -204.405 -55.2131
-203.34 -55.72 -203.532 -55.3715
-202.344 -55.8126 -202.535 -55.4522
-201.23 -55.8319 -201.41 -55.4538
-199.967 -55.7279 -200.147 -55.341
-198.512 -55.5157 -198.721 -55.1376
-196.896 -55.178 -197.096 -54.8122
-195.101 -54.6753 -195.281 -54.3232
-193.145 -53.98 -193.325 -53.6396
-191.089 -53.0596 -191.282 -52.7425
-188.96 -51.8707 -189.148 -51.5777
-186.748 -50.4576 -186.914 -50.1746
-184.447 -48.8822 -184.595 -48.6129
-181.997 -47.2117 -182.163 -46.9878
-179.498 -45.5321 -179.611 -45.304
-176.845 -43.7646 -176.955 -43.5551
-174.079 -41.9513 -174.193 -41.7464
-171.183 -40.0941 -171.312 -39.9124
-168.182 -38.2522 -168.304 -38.0773
-165.081 -36.4374 -165.197 -36.2921
-161.937 -34.6644 -162.041 -34.5413
-158.731 -32.961 -158.844 -32.8581
-155.499 -31.3261 -155.593 -31.2271
-152.285 -29.7545 -152.382 -29.67
-149.069 -28.1828 -149.152 -28.1259
-145.858 -26.6122 -145.944 -26.5751
-142.641 -25.057 -142.733 -25.0377
-139.402 -23.4863 -139.495 -23.4957
-136.173 -21.9347 -136.252 -21.9634
-132.945 -20.3771 -133.032 -20.4246
-129.755 -18.8493 -129.841 -18.8993
-126.595 -17.3118 -126.685 -17.3706
-123.482 -15.7772 -123.547 -15.8372
-120.382 -14.2753 -120.434 -14.323
-117.291 -12.8787 -117.353 -12.9292
-114.141 -11.5875 -114.199 -11.6412
-110.986 -10.3998 -111.05 -10.4626
-107.824 -9.2434 -107.903 -9.30899
-104.64 -8.12476 -104.748 -8.17555
-101.445 -7.02064 -101.54 -7.06768
-98.2668 -5.92768 -98.3585 -5.96634
-95.057 -4.92431 -95.1702 -4.96112
-91.8162 -3.98815 -91.9421 -4.0341
-88.5603 -3.13917 -88.6837 -3.19018
-85.2757 -2.35766 -85.3954 -2.41016
-81.9842 -1.6428 -82.0965 -1.69855
-78.6956 -0.95672 -78.7885 -1.0117
-75.4228 -0.30068 -75.5233 -0.350985
-72.1664 0.319994 -72.2778 0.268021
-68.9285 0.923302 -69.0182 0.880978
-65.7005 1.50044 -65.801 1.47053
-62.4896 2.04798 -62.567 2.03721
-59.2953 2.57747 -59.4006 2.56201
-56.129 3.09171 -56.2154 3.08877
-52.9885 3.57544 -53.0526 3.57545
-49.8684 4.04034 -49.9201 4.06454
-46.7763 4.46429 -46.8167 4.49556
-43.7122 4.8569 -43.7678 4.90642
-40.6664 5.22332 -40.728 5.2804
-37.6893 5.56496 -37.7519 5.62898
-34.7862 5.88849 -34.85 5.95795
-31.9967 6.19001 -32.0639 6.26535
-29.2969 6.46557 -29.3715 6.54304
-26.721 6.72078 -26.7786 6.78041
-24.3202 6.95413 -24.3214 7.0247
-22.0893 7.15957 -22.0717 7.22246
-20.0167 7.36264 -19.9886 7.41046
-18.1068 7.55145 -18.0501 7.6035
-16.3377 7.70208 -16.2987 7.77301
-14.7261 7.81968 -14.665 7.91127
-13.3135 7.93015 -13.2783 8.04997
-12.1283 8.02202 -12.0803 8.1518
-11.1392 8.10066 -11.0891 8.22549
-10.2874 8.19505 -10.2371 8.3368
-9.51822 8.30992 -9.48155 8.45707
-8.78925 8.47818 -8.74485 8.63543
-8.14918 8.66932 -8.09509 8.82314
-7.82944 8.76998 -7.77648 8.91487
-7.79925 8.78746 -7.72599 8.92288
-7.81302 8.78662 -7.74724 8.91955
-7.80939 8.78814 -7.74282 8.92455
-7.80945 8.779 -7.74768 8.92285
-7.80913 8.77101 -7.74112 8.92407
-7.80482 8.76295 -7.73546 8.92795
-7.80077 8.75555 -7.74755 8.92456
-7.79508 8.75016 -7.74002 8.92355
-7.78951 8.74523 -7.74694 8.92439
-7.78493 8.74052 -7.75244 8.92407
-7.78017 8.73484 -7.7562 8.9238
-7.77578 8.73087 -7.74862 8.92646
-7.7716 8.72656 -7.75247 8.92654
-7.76863 8.72358 -7.74485 8.92509
-7.76688 8.72176 -7.74155 8.92621
-7.76576 8.71758 -7.75716 8.92336
-7.76398 8.71459 -7.75259 8.92307
-7.76329 8.71349 -7.76241 8.9234
-7.76296 8.71255 -7.77484 8.93028
-7.76309 8.71349 -7.7726 8.93182
-7.76245 8.71417 -7.76719 8.92803
-7.75329 8.72215 -7.75931 8.92986
-7.71711 8.74234 -7.72525 8.94009
-7.65887 8.77078 -7.67301 8.96041
-7.51304 8.83606 -7.52062 9.01752
-7.1753 8.98276 -7.17529 9.15954
-6.6409 9.23657 -6.64965 9.404
-5.93074 9.64415 -5.93512 9.80495
-5.12074 10.2578 -5.13173 10.4214
-4.26073 11.0807 -4.29804 11.2588
-3.41451 12.1356 -3.46976 12.3086
-2.59907 13.4679 -2.67881 13.6437
-1.885 15.0833 -1.99535 15.2274
-1.2601 16.9749 -1.38938 17.1131
-0.766019 19.1171 -0.907423 19.2528
-0.469374 21.4894 -0.640236 21.6129
-0.353107 24.0662 -0.557196 24.197
-0.356192 26.8503 -0.581915 26.9598
-0.405744 29.8366 -0.646934 29.9299
-0.459357 33.0176 -0.726985 33.1188
-0.512627 36.3924 -0.798943 36.4633
-0.584304 39.8356 -0.896711 39.9172
-0.669137 43.283 -0.996316 43.3593
-0.775721 46.7068 -1.10601 46.7685
-0.88452 50.1325 -1.27102 50.2135
-0.99363 53.5216 -1.393 53.6152
-1.08971 56.8837 -1.50046 56.9756
-1.18501 60.2489 -1.63126 60.3061
-1.27032 63.5658 -1.75006 63.5897
-1.3748 66.8689 -1.87615 66.8308
-1.47215 70.1555 -1.99151 70.1001
-1.56223 73.4161 -2.10856 73.3432
-1.66043 76.6366 -2.23209 76.578
-1.77523 79.852 -2.35045 79.7902
-1.8958 83.0323 -2.4905 82.943
-2.01785 86.1854 -2.62027 86.0583
-2.14648 89.3293 -2.76518 89.2183
-2.2634 92.4425 -2.89568 92.3045
-2.3722 95.5382 -3.0122 95.3981
-2.46594 98.6055 -3.09052 98.4397
-2.54021 101.651 -3.16517 101.468
-2.58215 104.697 -3.20322 104.501
-2.59544 107.674 -3.20344 107.425
-2.62198 110.692 -3.20913 110.421
-2.64883 113.787 -3.24576 113.515
-2.68121 116.967 -3.27676 116.712
-2.72144 120.204 -3.3172 119.926
-2.77478 123.507 -3.34888 123.207
-2.84211 126.902 -3.42261 126.589
-2.9246 130.351 -3.50998 130.02
-3.02451 133.82 -3.6044 133.504
-3.13897 137.262 -3.71833 136.925
-3.26595 140.693 -3.84377 140.345
-3.38972 144.096 -3.97401 143.739
-3.52611 147.467 -4.11635 147.124
-3.67147 150.775 -4.27689 150.45
-3.79432 154.004 -4.40606 153.663
-3.90413 157.172 -4.53532 156.854
-3.99679 160.277 -4.63904 159.922
-4.07165 163.334 -4.71715 162.925
-4.12256 166.369 -4.76787 165.938
-4.19428 169.381 -4.89266 168.945
-4.26426 172.44 -4.97008 172.021
-4.31975 175.547 -5.02844 175.158
-4.39317 178.706 -5.12517 178.338
-4.50145 181.893 -5.23407 181.516
-4.60767 185.156 -5.36388 184.793
-4.70122 188.478 -5.46563 188.112
-4.80653 191.85 -5.59292 191.471
-4.88729 195.207 -5.70077 194.814
-4.97651 198.566 -5.82225 198.2
-5.05762 201.891 -5.92686 201.553
-5.13202 205.18 -6.05034 204.829
-5.21017 208.394 -6.15036 208.039
-5.28137 211.452 -6.21623 211.077
-5.35488 214.366 -6.28271 213.986
-5.41605 217.206 -6.33991 216.789
-5.46907 220.014 -6.38562 219.572
-5.50532 222.798 -6.43168 222.342
-5.54502 225.571 -6.45507 225.084
-5.56361 228.337 -6.48403 227.851
-5.59868 231.13 -6.50789 230.635
-5.71552 233.993 -6.65363 233.503
-5.88686 236.913 -6.82309 236.391
-6.07672 239.912 -7.0084 239.428
-6.21493 243.012 -7.16563 242.543
-6.36421 246.21 -7.34516 245.733
-6.52104 249.543 -7.51005 249.055
-6.65766 252.972 -7.64774 252.469
-6.79488 256.492 -7.80844 255.96
-6.92426 260.027 -7.95799 259.501
-7.05212 263.523 -8.12001 262.97
-7.16492 266.998 -8.27056 266.41
-7.28481 270.457 -8.41371 269.859
-7.41719 273.853 -8.56638 273.228
-7.52352 277.174 -8.7099 276.528
-7.65163 280.358 -8.83811 279.705
-7.78292 283.415 -8.99982 282.75
-7.9184 286.315 -9.14988 285.645
-8.0557 289.119 -9.30567 288.472
-8.18546 291.911 -9.45025 291.24
-8.31479 294.668 -9.61482 293.982
-8.42552 297.434 -9.73762 296.76
-8.48677 300.24 -9.82285 299.557
-8.52813 303.088 -9.88647 302.401
-8.5388 306.013 -9.92972 305.348
-8.51254 309.031 -9.92564 308.384
-8.44616 312.112 -9.88305 311.433
-8.3519 315.298 -9.80886 314.618
-8.21164 318.521 -9.68944 317.82
-8.03187 321.816 -9.5193 321.115
-7.79825 325.179 -9.31334 324.437
-7.51371 328.583 -9.04894 327.86
-7.22706 332.07 -8.78908 331.35
-6.93036 335.645 -8.51267 334.912
-6.63424 339.252 -8.2487 338.478
-6.35332 342.849 -7.97979 342.026
-6.09934 346.41 -7.73427 345.568
-5.85806 349.945 -7.50098 349.066
-5.64728 353.444 -7.30843 352.534
-5.43999 356.885 -7.09295 355.975
-5.25105 360.316 -6.91297 359.388
-5.09845 363.672 -6.76547 362.745
-4.95102 366.99 -6.61892 366.082
-4.80454 370.257 -6.47614 369.337
