1.11022e-16 2.22045e-16 0 -2.98023e-08
-0.0078317 1.68922 -0.00669878 1.67937
-0.0296935 3.39028 -0.0169926 3.35928
-0.070081 5.15046 -0.0464984 5.10814
-0.123858 6.98963 -0.101748 6.92653
-0.184475 8.97838 -0.165514 8.91029
-0.253794 11.0642 -0.246183 10.9944
-0.296212 13.3352 -0.319816 13.2557
-0.34512 15.7488 -0.411142 15.6687
-0.368644 18.2881 -0.498958 18.22
-0.406558 20.9906 -0.596337 20.9261
-0.450731 23.8492 -0.707445 23.7557
-0.505576 26.7949 -0.797643 26.6684
-0.567916 29.8173 -0.88214 29.6656
-0.634186 32.9025 -0.987734 32.7177
-0.704629 36.0673 -1.09553 35.8681
-0.763742 39.277 -1.20899 39.0809
-0.840559 42.5065 -1.30928 42.3036
-0.944805 45.7073 -1.43537 45.5194
-1.05011 48.9346 -1.54613 48.7123
-1.1429 52.1595 -1.6658 51.9541
-1.24879 55.3725 -1.77802 55.1833
-1.35218 58.6006 -1.86905 58.4068
-1.44456 61.8474 -1.97118 61.6132
-1.52809 65.0853 -2.07118 64.8603
-1.62351 68.3497 -2.1994 68.1243
-1.69757 71.606 -2.31259 71.3537
-1.78443 74.8429 -2.42309 74.6272
-1.89275 78.0446 -2.53153 77.8101
-2.00925 81.241 -2.66394 81.014
-2.11814 84.3815 -2.78839 84.1825
-2.22492 87.4107 -2.90908 87.1854
-2.34477 90.2656 -3.03912 90.0902
-2.48672 92.9158 -3.18287 92.7117
-2.64959 95.3521 -3.34418 95.1351
-2.82759 97.5331 -3.50952 97.3101
-2.99255 99.4374 -3.68273 99.1847
-3.1324 101.12 -3.81049 100.837
-3.19672 102.604 -3.86595 102.314
-3.18267 103.907 -3.82415 103.641
-3.06183 105.116 -3.70167 104.829
-2.81389 106.241 -3.44337 105.948
-2.43175 107.285 -3.05534 106.958
-1.92149 108.235 -2.54483 107.904
-1.28282 109.05 -1.89047 108.724
-0.530716 109.791 -1.13545 109.44
0.374458 110.404 -0.215824 110.025
1.40813 110.857 0.840696 110.502
2.53314 111.185 1.97265 110.824
3.78382 111.364 3.20845 110.991
5.17344 111.49 4.59976 111.119
6.72852 111.518 6.15895 111.155
8.44766 111.482 7.88176 111.134
10.3653 111.412 9.81491 111.069
12.4406 111.377 11.8892 111.05
14.6583 111.336 14.0711 111.035
16.981 111.294 16.3785 111.015
19.3715 111.225 18.7791 110.977
21.8275 111.169 21.2326 110.941
24.3382 111.128 23.7454 110.898
26.8655 111.087 26.2956 110.856
29.3403 111.019 28.7787 110.808
31.8244 110.95 31.2815 110.754
34.2556 110.896 33.7305 110.726
36.6557 110.832 36.1476 110.683
39.0235 110.76 38.516 110.618
41.3483 110.662 40.8357 110.543
43.6256 110.563 43.1285 110.457
45.7787 110.472 45.2721 110.381
47.8711 110.382 47.364 110.297
49.9395 110.289 49.4494 110.221
51.9717 110.195 51.4393 110.145
53.9664 110.084 53.4638 110.046
55.9687 109.923 55.4901 109.904
58.0125 109.725 57.5525 109.733
60.1424 109.503 59.6441 109.535
62.3294 109.265 61.8369 109.309
64.5634 109.014 64.0642 109.08
66.8058 108.791 66.2689 108.84
69.0248 108.567 68.5173 108.611
71.2741 108.316 70.7594 108.364
73.5516 108.056 73.0419 108.11
75.8789 107.783 75.3962 107.834
78.2494 107.483 77.7237 107.54
80.6562 107.159 80.1549 107.217
83.1284 106.823 82.6124 106.885
85.6502 106.499 85.1344 106.565
88.1956 106.18 87.6948 106.249
90.7563 105.879 90.2719 105.959
93.3471 105.574 92.8385 105.669
95.9365 105.268 95.4062 105.38
98.4988 104.97 97.9837 105.099
101.043 104.696 100.501 104.849
103.536 104.414 102.999 104.588
105.991 104.117 105.44 104.31
108.401 103.83 107.858 104.037
110.757 103.531 110.222 103.747
113.078 103.211 112.539 103.424
115.357 102.887 114.827 103.105
117.639 102.533 117.121 102.764
119.873 102.178 119.366 102.42
122.079 101.812 121.581 102.049
124.273 101.408 123.77 101.651
126.425 100.975 125.93 101.223
128.537 100.456 128.053 100.709
130.618 99.8568 130.144 100.116
132.668 99.2161 132.189 99.4915
134.687 98.5535 134.222 98.8379
136.66 97.9265 136.193 98.2293
138.607 97.3143 138.126 97.642
140.503 96.7389 140.03 97.0786
142.369 96.2044 141.889 96.5655
144.202 95.6956 143.719 96.0805
145.98 95.2441 145.514 95.639
147.725 94.8416 147.262 95.2498
149.451 94.4979 148.96 94.9381
151.16 94.251 150.657 94.7235
152.854 94.1421 152.349 94.6621
154.533 94.1327 154.002 94.6749
156.197 94.1207 155.664 94.6806
157.821 94.0073 157.292 94.5676
159.401 93.8382 158.867 94.4004
160.939 93.5782 160.387 94.1613
162.418 93.2763 161.872 93.8517
163.854 92.9387 163.29 93.5032
165.278 92.6226 164.717 93.181
166.675 92.2996 166.099 92.8616
168.125 91.9461 167.542 92.4957
169.639 91.5263 169.03 92.0819
171.214 91.0624 170.626 91.6165
172.837 90.5691 172.228 91.1194
174.481 90.0352 173.876 90.5972
176.116 89.5135 175.501 90.0891
177.737 89.009 177.122 89.5915
179.316 88.5396 178.713 89.1221
180.808 88.1232 180.211 88.7081
182.186 87.7535 181.602 88.3354
183.432 87.482 182.846 88.0641
184.623 87.2937 184.042 87.8883
185.804 87.2316 185.219 87.8343
186.952 87.2978 186.368 87.9195
188.069 87.4519 187.491 88.0864
189.155 87.7286 188.576 88.3738
190.234 88.1572 189.648 88.8219
191.32 88.7816 190.737 89.4623
192.411 89.6005 191.821 90.2862
193.454 90.6845 192.849 91.3634
194.438 91.9889 193.832 92.6561
195.378 93.549 194.758 94.1976
196.271 95.3271 195.646 95.9773
197.137 97.2774 196.507 97.9118
197.95 99.411 197.325 100.043
198.716 101.703 198.094 102.324
199.517 104.092 198.897 104.712
200.371 106.591 199.755 107.199
201.252 109.17 200.63 109.752
202.151 111.754 201.528 112.345
203.059 114.351 202.443 114.965
203.984 117 203.345 117.563
204.858 119.562 204.233 120.137
205.735 122.179 205.11 122.747
206.599 124.79 205.966 125.358
207.441 127.377 206.803 127.88
208.243 129.908 207.623 130.432
208.997 132.35 208.381 132.864
209.687 134.654 209.076 135.152
210.316 136.813 209.713 137.31
210.853 138.781 210.254 139.273
211.315 140.528 210.729 141.03
211.724 142.072 211.137 142.567
212.088 143.49 211.509 143.968
212.419 144.849 211.846 145.335
212.645 146.171 212.076 146.644
212.735 147.467 212.167 147.928
212.655 148.728 212.08 149.172
212.395 149.931 211.814 150.367
211.968 151.061 211.37 151.466
211.328 152.041 210.761 152.449
210.57 152.9 209.992 153.298
209.69 153.61 209.083 153.984
208.71 154.128 208.088 154.51
207.629 154.447 207.055 154.838
206.514 154.664 205.961 155.044
205.343 154.84 204.802 155.248
204.055 154.916 203.53 155.337
202.653 155.003 202.122 155.436
201.071 155.005 200.547 155.46
199.318 154.934 198.799 155.402
197.401 154.857 196.865 155.329
195.317 154.772 194.783 155.251
193.07 154.75 192.537 155.225
190.669 154.809 190.109 155.278
188.123 154.966 187.58 155.406
185.505 155.21 184.995 155.603
182.877 155.503 182.344 155.89
180.229 155.806 179.733 156.172
177.558 156.111 177.074 156.46
174.881 156.428 174.392 156.761
172.211 156.746 171.735 157.046
169.532 157.058 169.063 157.338
166.857 157.367 166.402 157.613
164.166 157.688 163.716 157.915
161.544 158.015 161.058 158.225
158.917 158.348 158.451 158.526
156.307 158.686 155.813 158.849
153.702 159.029 153.207 159.174
151.074 159.379 150.577 159.497
148.418 159.744 147.9 159.832
145.726 160.132 145.198 160.194
143.007 160.517 142.477 160.552
140.245 160.895 139.701 160.903
137.441 161.249 136.895 161.235
134.595 161.56 134.043 161.522
131.711 161.841 131.163 161.783
128.789 162.129 128.238 162.054
125.847 162.402 125.305 162.321
122.923 162.663 122.365 162.574
120.011 162.917 119.454 162.82
117.096 163.165 116.555 163.06
114.183 163.418 113.645 163.287
111.271 163.676 110.745 163.53
108.36 163.93 107.835 163.792
105.445 164.185 104.903 164.041
102.541 164.435 101.999 164.292
99.6444 164.672 99.1096 164.512
96.7447 164.928 96.2072 164.761
93.8493 165.223 93.3029 165.053
90.9521 165.53 90.4008 165.349
88.0654 165.851 87.492 165.659
85.1505 166.192 84.5826 165.985
82.2426 166.531 81.6725 166.307
79.3118 166.863 78.7461 166.629
76.3933 167.202 75.8132 166.953
73.4387 167.539 72.858 167.287
70.4852 167.863 69.9036 167.599
67.5198 168.168 66.9384 167.894
64.5408 168.442 63.9549 168.161
61.5404 168.697 60.9471 168.414
58.5372 168.941 57.9377 168.656
55.5339 169.185 54.9142 168.904
52.5433 169.42 51.9186 169.136
49.5719 169.64 48.9391 169.352
46.6355 169.84 46.0199 169.547
43.7101 170.017 43.1024 169.724
40.8234 170.177 40.2245 169.883
37.953 170.328 37.3524 170.039
35.1329 170.473 34.5405 170.195
32.3853 170.603 31.7925 170.33
29.7044 170.713 29.1004 170.446
27.0934 170.807 26.4952 170.539
24.5832 170.877 23.987 170.625
22.2093 170.938 21.5894 170.711
19.9443 171.028 19.3143 170.815
17.748 171.142 17.1267 170.937
15.6068 171.273 14.971 171.074
13.5455 171.404 12.91 171.2
11.5681 171.54 10.9588 171.334
9.70917 171.687 9.10211 171.476
7.99864 171.854 7.40151 171.63
6.43263 172.024 5.83374 171.786
4.99536 172.228 4.38968 171.979
3.67436 172.461 3.06578 172.206
2.47555 172.739 1.87701 172.478
1.3941 173.061 0.809071 172.781
0.435287 173.449 -0.153989 173.17
-0.481995 173.905 -1.05148 173.613
-1.32486 174.457 -1.8775 174.15
-2.06539 175.092 -2.61303 174.759
-2.7621 175.809 -3.308 175.481
-3.40846 176.72 -3.95052 176.388
-3.99476 177.764 -4.53887 177.412
-4.50601 178.952 -5.05566 178.614
-4.93092 180.367 -5.48209 179.991
-5.21269 181.953 -5.75617 181.583
-5.35152 183.715 -5.87838 183.342
-5.39232 185.626 -5.90956 185.232
-5.38794 187.683 -5.8761 187.308
-5.37215 189.872 -5.84566 189.478
-5.38659 192.193 -5.84693 191.786
-5.40602 194.585 -5.85217 194.169
-5.44044 197.018 -5.89373 196.598
-5.47598 199.456 -5.94849 199.052
-5.51484 201.934 -5.99634 201.541
-5.56006 204.407 -6.05267 204.012
-5.6168 206.864 -6.12183 206.481
-5.69211 209.294 -6.19518 208.897
-5.77568 211.678 -6.28181 211.286
-5.86077 213.99 -6.36592 213.583
-5.9409 216.159 -6.44867 215.751
-6.02328 218.169 -6.52806 217.756
-6.11459 220.001 -6.62133 219.553
-6.20908 221.641 -6.70297 221.172
-6.29008 223.095 -6.78223 222.62
-6.32374 224.427 -6.81929 223.945
-6.27433 225.732 -6.76929 225.235
-6.13226 226.985 -6.62228 226.493
-5.84254 228.167 -6.33158 227.705
-5.39245 229.278 -5.87919 228.814
-4.84275 230.276 -5.31076 229.843
-4.1627 231.193 -4.61929 230.744
-3.33917 232.032 -3.7953 231.564
-2.39757 232.795 -2.84926 232.339
-1.27852 233.345 -1.71251 232.952
0.00239807 233.849 -0.446281 233.464
1.45182 234.167 1.00398 233.785
3.06334 234.395 2.61619 234.029
4.8184 234.522 4.38128 234.178
6.71886 234.529 6.27913 234.199
8.77187 234.477 8.33631 234.155
10.9501 234.354 10.5169 234.048
13.2837 234.243 12.8283 233.955
15.6982 234.114 15.1817 233.854
18.1098 234.011 17.6056 233.764
20.5389 233.937 19.9931 233.702
23.0004 233.896 22.3988 233.665
25.4545 233.896 24.9009 233.647
27.9277 233.889 27.3629 233.63
30.4079 233.872 29.8416 233.601
32.8821 233.854 32.3277 233.574
35.3385 233.829 34.804 233.541
37.7795 233.79 37.2437 233.481
40.1794 233.727 39.6648 233.401
42.5523 233.662 42.047 233.334
44.9078 233.596 44.4107 233.266
47.2269 233.521 46.724 233.183
49.5228 233.435 49.0139 233.098
51.8031 233.37 51.2833 233.024
54.0499 233.307 53.5141 232.951
56.2806 233.227 55.7459 232.866
58.4456 233.148 57.9086 232.782
60.62 233.087 60.0821 232.721
62.7505 233.038 62.2136 232.678
64.8463 232.998 64.3264 232.643
66.9079 232.934 66.386 232.588
68.9275 232.867 68.4026 232.53
70.8877 232.815 70.3546 232.478
72.8258 232.758 72.2902 232.421
74.7379 232.699 74.2065 232.372
76.6184 232.622 76.0987 232.307
78.4878 232.513 77.9671 232.215
80.4154 232.376 79.9023 232.098
82.4231 232.188 81.9034 231.933
84.5244 231.97 84.0006 231.735
86.7091 231.7 86.1917 231.475
89.0241 231.38 88.4949 231.17
91.4678 231.021 90.9347 230.827
94.0246 230.649 93.4985 230.469
96.7043 230.258 96.1798 230.098
99.5003 229.89 98.9649 229.748
102.391 229.569 101.841 229.436
105.358 229.285 104.807 229.159
108.345 229.013 107.832 228.907
111.363 228.735 110.84 228.651
114.373 228.478 113.86 228.4
117.36 228.229 116.872 228.17
120.339 228.001 119.844 227.954
123.309 227.797 122.779 227.776
126.241 227.623 125.717 227.613
129.152 227.477 128.62 227.482
132.013 227.319 131.484 227.334
134.854 227.155 134.322 227.186
137.658 226.984 137.134 227.032
140.442 226.781 139.937 226.839
143.209 226.535 142.751 226.603
145.977 226.238 145.499 226.317
148.746 225.863 148.271 225.959
151.519 225.402 151.058 225.52
154.266 224.859 153.839 224.973
157.018 224.208 156.551 224.344
159.77 223.495 159.328 223.642
162.519 222.782 162.095 222.938
165.293 222.111 164.862 222.283
168.052 221.507 167.622 221.701
170.813 220.973 170.375 221.177
173.565 220.491 173.128 220.719
176.246 220.043 175.812 220.283
178.819 219.634 178.389 219.863
181.257 219.252 180.826 219.479
183.679 218.884 183.268 219.091
186.087 218.498 185.692 218.687
188.455 218.1 188.052 218.283
190.804 217.716 190.414 217.89
193.141 217.374 192.756 217.554
195.432 217.055 195.057 217.234
197.728 216.759 197.326 216.939
199.972 216.486 199.547 216.672
202.099 216.238 201.638 216.434
204.042 215.996 203.577 216.202
205.75 215.775 205.321 215.997
207.241 215.583 206.769 215.835
208.613 215.38 208.147 215.658
209.946 215.165 209.436 215.478
211.132 214.943 210.621 215.277
212.137 214.745 211.619 215.094
213.062 214.535 212.531 214.919
213.959 214.314 213.441 214.725
214.824 214.089 214.315 214.517
215.688 213.835 215.177 214.272
216.575 213.527 216.058 213.983
217.491 213.158 216.987 213.618
218.457 212.701 217.942 213.153
219.481 212.125 218.964 212.567
220.512 211.371 220.013 211.796
221.551 210.459 221.042 210.87
222.556 209.363 222.03 209.761
223.474 208.083 222.973 208.456
224.313 206.641 223.801 206.991
225.045 205.038 224.507 205.376
225.611 203.26 225.062 203.586
225.97 201.35 225.424 201.655
226.11 199.367 225.548 199.66
226.043 197.305 225.463 197.611
225.808 195.16 225.222 195.464
225.43 192.957 224.852 193.27
224.917 190.708 224.334 191.014
224.27 188.432 223.701 188.752
223.515 186.122 222.946 186.463
222.66 183.771 222.107 184.136
221.783 181.391 221.239 181.76
220.892 178.999 220.354 179.371
220.021 176.587 219.473 176.961
219.223 174.2 218.707 174.574
218.482 171.835 217.982 172.211
217.818 169.569 217.324 169.931
217.217 167.459 216.726 167.878
216.651 165.492 216.145 165.892
216.111 163.683 215.606 164.084
215.578 162.017 215.072 162.398
214.999 160.43 214.488 160.801
214.345 158.976 213.818 159.329
213.574 157.663 213.037 158.016
212.661 156.533 212.107 156.878
211.583 155.56 211.026 155.904
210.427 154.805 209.824 155.149
209.163 154.246 208.55 154.609
207.764 153.857 207.157 154.239
206.281 153.652 205.665 154.038
204.678 153.573 204.076 153.954
202.976 153.576 202.365 153.96
201.14 153.65 200.546 154.03
199.176 153.795 198.594 154.182
197.094 154.001 196.515 154.376
194.884 154.206 194.318 154.6
192.56 154.428 191.999 154.792
190.124 154.677 189.548 155.024
187.577 154.947 186.994 155.253
184.929 155.251 184.399 155.519
182.198 155.595 181.679 155.853
179.402 155.945 178.867 156.169
176.57 156.287 176.117 156.51
173.734 156.624 173.269 156.835
170.901 156.954 170.429 157.156
168.081 157.295 167.614 157.493
165.285 157.641 164.812 157.828
162.507 157.988 162.028 158.168
159.747 158.333 159.289 158.498
156.985 158.681 156.518 158.827
154.216 159.032 153.724 159.169
151.439 159.4 150.96 159.526
148.641 159.793 148.154 159.896
145.814 160.206 145.329 160.281
142.964 160.61 142.482 160.657
140.057 160.997 139.567 161.021
137.092 161.348 136.591 161.35
134.059 161.649 133.567 161.639
130.994 161.935 130.509 161.903
127.859 162.234 127.383 162.19
124.684 162.52 124.189 162.471
121.492 162.799 120.994 162.734
118.297 163.082 117.82 162.978
115.103 163.378 114.619 163.254
111.913 163.673 111.425 163.527
108.724 163.967 108.224 163.816
105.532 164.254 105.026 164.094
102.343 164.538 101.822 164.354
99.1616 164.826 98.6533 164.643
95.9595 165.165 95.4446 164.963
92.7469 165.548 92.209 165.333
89.5265 165.956 88.9833 165.734
86.2979 166.382 85.751 166.143
83.0336 166.817 82.4974 166.567
79.737 167.239 79.2013 166.98
76.4272 167.63 75.8944 167.359
73.0503 167.986 72.5227 167.712
69.6409 168.315 69.1146 168.023
66.1944 168.637 65.6724 168.342
62.7103 168.932 62.1716 168.634
59.2144 169.2 58.6736 168.889
55.7346 169.447 55.1727 169.129
52.272 169.682 51.6945 169.357
48.8335 169.903 48.2637 169.568
45.4319 170.116 44.8649 169.762
42.0516 170.315 41.4855 169.938
38.7425 170.483 38.1724 170.101
35.5353 170.63 34.967 170.244
32.4609 170.758 31.8818 170.357
29.527 170.863 28.9331 170.463
26.7363 170.955 26.1378 170.544
24.0966 171.032 23.4927 170.609
21.5995 171.132 20.9804 170.702
19.3166 171.345 18.6044 170.846
17.2018 171.658 16.3263 171.076
15.0898 171.971 14.1476 171.384
12.9804 172.284 12.0851 171.739
10.8724 172.596 10.0937 172.109
8.83819 172.908 8.2551 172.438
7.13235 173.177 6.55812 172.709
5.61129 173.387 5.03979 172.915
4.30937 173.544 3.73778 173.081
3.23742 173.652 2.68171 173.198
2.37584 173.73 1.81969 173.286
1.67955 173.799 1.11469 173.353
1.05692 173.86 0.491413 173.414
0.465217 173.909 -0.100811 173.459
-0.12803 173.962 -0.702917 173.51
-0.72023 174.003 -1.29586 173.559
-1.33059 174.024 -1.90481 173.581
-2.08043 174.055 -2.64768 173.619
-2.99758 174.095 -3.55142 173.649
-4.09864 174.121 -4.6539 173.686
-5.41652 174.168 -5.98087 173.729
-6.93604 174.228 -7.51408 173.804
-8.60936 174.34 -9.19085 173.932
-10.464 174.413 -11.0441 174.028
-12.4942 174.495 -13.0791 174.128
-14.6626 174.544 -15.2351 174.185
-17.0285 174.613 -17.5945 174.273
-19.5155 174.657 -20.0896 174.313
-22.1532 174.695 -22.7633 174.371
-24.8917 174.737 -25.4844 174.429
-27.7285 174.788 -28.3155 174.505
-30.6688 174.869 -31.2729 174.596
-33.6711 174.97 -34.2662 174.707
-36.7347 175.075 -37.2977 174.826
-39.8436 175.166 -40.39 174.929
-43.0012 175.253 -43.5545 175.02
-46.1849 175.352 -46.711 175.115
-49.3744 175.443 -49.9067 175.221
-52.5574 175.526 -53.0617 175.302
-55.7576 175.616 -56.2135 175.378
-58.9259 175.703 -59.3725 175.464
-62.1301 175.805 -62.5862 175.57
-65.3281 175.907 -65.7818 175.677
-68.5377 176.003 -69.0028 175.775
-71.7492 176.081 -72.1947 175.868
-74.9765 176.146 -75.4182 175.94
-78.2088 176.218 -78.6544 176.017
-81.4471 176.258 -81.8843 176.067
-84.6922 176.291 -85.1197 176.108
-87.9368 176.289 -88.3712 176.111
-91.2113 176.258 -91.6522 176.097
-94.4844 176.205 -94.9084 176.062
-97.757 176.122 -98.194 176.019
-101.045 176.004 -101.521 175.932
-104.339 175.862 -104.817 175.834
-107.64 175.695 -108.126 175.701
-110.949 175.52 -111.429 175.566
-114.268 175.326 -114.731 175.418
-117.599 175.123 -118.053 175.231
-120.943 174.923 -121.397 175.053
-124.294 174.719 -124.75 174.879
-127.663 174.506 -128.134 174.685
-131.049 174.295 -131.538 174.485
-134.443 174.072 -134.933 174.281
-137.847 173.848 -138.342 174.065
-141.262 173.635 -141.753 173.869
-144.675 173.415 -145.161 173.674
-148.093 173.189 -148.556 173.462
-151.507 172.967 -151.963 173.264
-154.902 172.728 -155.36 173.043
-158.293 172.495 -158.766 172.829
-161.632 172.25 -162.114 172.612
-164.975 172.023 -165.448 172.4
-168.236 171.803 -168.714 172.215
-171.502 171.597 -171.952 172.033
-174.668 171.36 -175.111 171.802
-177.746 171.133 -178.168 171.589
-180.803 170.903 -181.216 171.384
-183.779 170.688 -184.207 171.173
-186.702 170.476 -187.141 170.973
-189.566 170.268 -190.015 170.782
-192.391 170.071 -192.819 170.604
-195.15 169.858 -195.581 170.406
-197.876 169.626 -198.321 170.18
-200.552 169.372 -200.977 169.937
-203.199 169.064 -203.595 169.645
-205.787 168.703 -206.177 169.294
-208.326 168.29 -208.697 168.891
-210.824 167.882 -211.193 168.512
-213.258 167.488 -213.629 168.145
-215.584 167.156 -215.983 167.83
-217.826 166.951 -218.251 167.638
-219.977 166.84 -220.412 167.542
-222.031 166.826 -222.485 167.532
-223.989 166.913 -224.426 167.621
-225.825 167.088 -226.263 167.8
-227.55 167.326 -227.972 168.04
-229.178 167.609 -229.586 168.323
-230.693 167.92 -231.088 168.621
-232.122 168.192 -232.497 168.888
-233.454 168.409 -233.814 169.094
-234.669 168.528 -235.01 169.197
-235.787 168.548 -236.111 169.202
-236.809 168.432 -237.117 169.065
-237.749 168.202 -238.026 168.816
-238.622 167.871 -238.877 168.484
-239.423 167.439 -239.664 168.051
-240.168 166.948 -240.4 167.569
-240.837 166.406 -241.066 167.047
-241.484 165.802 -241.72 166.468
-242.133 165.205 -242.365 165.862
-242.761 164.565 -242.993 165.242
-243.373 163.846 -243.604 164.528
-243.957 163.041 -244.188 163.755
-244.491 162.132 -244.735 162.839
-244.988 161.117 -245.223 161.838
-245.419 159.925 -245.637 160.661
-245.815 158.552 -246.037 159.317
-246.2 156.992 -246.432 157.746
-246.614 155.23 -246.845 155.985
-246.968 153.214 -247.194 153.965
-247.267 150.944 -247.492 151.721
-247.521 148.452 -247.744 149.218
-247.763 145.749 -247.987 146.541
-248.018 142.841 -248.233 143.637
-248.277 139.721 -248.491 140.493
-248.523 136.389 -248.749 137.143
-248.773 132.87 -249.004 133.633
-249.016 129.336 -249.255 130.136
-249.218 125.815 -249.46 126.604
-249.398 122.286 -249.651 123.047
-249.565 118.755 -249.815 119.575
-249.697 115.238 -249.952 116.06
-249.82 111.742 -250.084 112.574
-249.943 108.268 -250.2 109.109
-250.045 104.815 -250.313 105.651
-250.125 101.387 -250.395 102.259
-250.189 97.986 -250.457 98.8445
-250.244 94.5988 -250.514 95.4796
-250.306 91.2592 -250.571 92.1543
-250.4 87.9367 -250.664 88.8306
-250.55 84.6452 -250.814 85.5185
-250.69 81.3567 -250.954 82.1728
-250.847 78.1038 -251.106 78.9199
-251.02 74.8245 -251.281 75.614
-251.181 71.5496 -251.414 72.3678
-251.353 68.2994 -251.59 69.1342
-251.504 65.0681 -251.745 65.8824
-251.635 61.8525 -251.861 62.7087
-251.748 58.6619 -251.982 59.5136
-251.845 55.4898 -252.06 56.3698
-251.936 52.3437 -252.162 53.2034
-252.031 49.2201 -252.275 50.0778
-252.144 46.1167 -252.386 46.968
-252.285 43.0392 -252.531 43.9017
-252.448 39.988 -252.693 40.915
-252.625 36.9564 -252.871 37.9087
-252.811 33.9548 -253.046 34.9378
-252.984 30.9781 -253.209 32.0018
-253.098 28.0289 -253.316 29.0831
-253.116 25.1012 -253.328 26.1617
-253.041 22.2034 -253.274 23.2917
-252.848 19.3242 -253.07 20.4475
-252.488 16.4809 -252.7 17.6199
-251.944 13.6505 -252.168 14.812
-251.206 10.8462 -251.439 12.0266
-250.269 8.06443 -250.497 9.26354
-249.119 5.31483 -249.35 6.50578
-247.746 2.61686 -247.982 3.80535
-246.166 -0.0179689 -246.428 1.19137
-244.406 -2.61994 -244.685 -1.39003
-242.507 -5.20161 -242.804 -3.96413
-240.544 -7.80521 -240.857 -6.56337
-238.528 -10.4414 -238.836 -9.21306
-236.483 -13.1027 -236.792 -11.8917
-234.463 -15.7783 -234.751 -14.5741
-232.509 -18.4819 -232.782 -17.2828
-230.632 -21.2116 -230.905 -20.0116
-228.85 -23.9731 -229.11 -22.7742
-227.12 -26.7315 -227.375 -25.5357
-225.42 -29.4668 -225.673 -28.2497
-223.757 -32.1753 -224.007 -30.9614
-222.113 -34.8529 -222.378 -33.6062
-220.503 -37.4878 -220.768 -36.2276
-218.946 -40.02 -219.192 -38.7831
-217.474 -42.3504 -217.715 -41.1188
-216.082 -44.4499 -216.349 -43.2268
-214.778 -46.3102 -215.038 -45.0912
-213.57 -47.9634 -213.88 -46.7103
-212.47 -49.4066 -212.755 -48.1728
-211.403 -50.7036 -211.702 -49.4832
-210.35 -51.8666 -210.679 -50.6435
-209.329 -52.8822 -209.646 -51.6628
-208.342 -53.7128 -208.671 -52.4964
-207.434 -54.3148 -207.776 -53.0916
-206.639 -54.7508 -207.005 -53.5332
-205.847 -55.1124 -206.227 -53.8968
-205.046 -55.3769 -205.404 -54.1667
-204.238 -55.5721 -204.6 -54.3575
-203.34 -55.72 -203.721 -54.5081
-202.344 -55.8126 -202.746 -54.5987
-201.23 -55.8319 -201.599 -54.6086
-199.967 -55.7279 -200.353 -54.5037
-198.512 -55.5157 -198.921 -54.2985
-196.896 -55.178 -197.29 -53.9831
-195.101 -54.6753 -195.47 -53.5002
-193.145 -53.98 -193.508 -52.8282
-191.089 -53.0596 -191.467 -51.9346
-188.96 -51.8707 -189.322 -50.7725
-186.748 -50.4576 -187.076 -49.3792
-184.447 -48.8822 -184.749 -47.8284
-181.997 -47.2117 -182.321 -46.2213
-179.498 -45.5321 -179.752 -44.5494
-176.845 -43.7646 -177.084 -42.8086
-174.079 -41.9513 -174.321 -41.0218
-171.183 -40.0941 -171.415 -39.1968
-168.182 -38.2522 -168.405 -37.3841
-165.081 -36.4374 -165.289 -35.6124
-161.937 -34.6644 -162.133 -33.8865
-158.731 -32.961 -158.912 -32.2161
-155.499 -31.3261 -155.665 -30.6021
-152.285 -29.7545 -152.438 -29.0602
-149.069 -28.1828 -149.2 -27.5213
-145.858 -26.6122 -145.984 -25.9967
-142.641 -25.057 -142.772 -24.4661
-139.402 -23.4863 -139.512 -22.9397
-136.173 -21.9347 -136.271 -21.4275
-132.945 -20.3771 -133.051 -19.9077
-129.755 -18.8493 -129.841 -18.3956
-126.595 -17.3118 -126.673 -16.8825
-123.482 -15.7772 -123.52 -15.364
-120.382 -14.2753 -120.409 -13.8694
-117.291 -12.8787 -117.325 -12.4992
-114.141 -11.5875 -114.147 -11.2265
-110.986 -10.3998 -110.98 -10.0557
-107.824 -9.2434 -107.832 -8.92746
-104.64 -8.12476 -104.664 -7.81115
-101.445 -7.02064 -101.464 -6.72152
-98.2668 -5.92768 -98.2773 -5.63981
-95.057 -4.92431 -95.0746 -4.64664
-91.8162 -3.98815 -91.841 -3.74328
-88.5603 -3.13917 -88.5887 -2.92999
-85.2757 -2.35766 -85.2901 -2.16127
-81.9842 -1.6428 -81.9751 -1.47338
-78.6956 -0.95672 -78.6997 -0.799849
-75.4228 -0.30068 -75.4272 -0.157975
-72.1664 0.319994 -72.1596 0.461356
-68.9285 0.923302 -68.909 1.04489
-65.7005 1.50044 -65.6661 1.61289
-62.4896 2.04798 -62.4619 2.15272
-59.2953 2.57747 -59.2708 2.66869
-56.129 3.09171 -56.0933 3.19136
-52.9885 3.57544 -52.9355 3.6622
-49.8684 4.04034 -49.794 4.11621
-46.7763 4.46429 -46.6849 4.54123
-43.7122 4.8569 -43.6351 4.94268
-40.6664 5.22332 -40.5937 5.31003
-37.6893 5.56496 -37.6052 5.63836
-34.7862 5.88849 -34.694 5.97128
-31.9967 6.19001 -31.937 6.26867
-29.2969 6.46557 -29.2491 6.54689
-26.721 6.72078 -26.684 6.7893
-24.3202 6.95413 -24.2775 7.02568
-22.0893 7.15957 -22.0344 7.2324
-20.0167 7.36264 -19.9702 7.45064
-18.1068 7.55145 -18.0986 7.66654
-16.3377 7.70208 -16.3206 7.85003
-14.7261 7.81968 -14.7039 7.93749
-13.3135 7.93015 -13.2875 8.05635
-12.1283 8.02202 -12.1015 8.14816
-11.1392 8.10066 -11.0922 8.23514
-10.2874 8.19505 -10.2497 8.32941
-9.51822 8.30992 -9.4669 8.45215
-8.78925 8.47818 -8.73722 8.63116
-8.14918 8.66932 -8.09606 8.82199
-7.82944 8.76998 -7.77262 8.91509
-7.79925 8.78746 -7.73609 8.92473
-7.81302 8.78662 -7.73094 8.91591
-7.80939 8.78814 -7.73659 8.91499
-7.80945 8.779 -7.72138 8.91529
-7.80913 8.77101 -7.70436 8.91005
-7.80482 8.76295 -7.71784 8.91377
-7.80077 8.75555 -7.705 8.90818
-7.79508 8.75016 -7.72718 8.91458
-7.78951 8.74523 -7.71114 8.91727
-7.78493 8.74052 -7.73636 8.91907
-7.78017 8.73484 -7.72942 8.92224
-7.77578 8.73087 -7.7259 8.91939
-7.7716 8.72656 -7.74037 8.92004
-7.76863 8.72358 -7.72138 8.92135
-7.76688 8.72176 -7.73713 8.9177
-7.76576 8.71758 -7.73465 8.91862
-7.76398 8.71459 -7.74277 8.91645
-7.76329 8.71349 -7.74644 8.91989
-7.76296 8.71255 -7.74502 8.92091
-7.76309 8.71349 -7.7546 8.92556
-7.76245 8.71417 -7.74609 8.92282
-7.75329 8.72215 -7.7425 8.92259
-7.71711 8.74234 -7.69483 8.94138
-7.65887 8.77078 -7.6483 8.96268
-7.51304 8.83606 -7.5064 9.0192
-7.1753 8.98276 -7.16908 9.16284
-6.6409 9.23657 -6.64385 9.4076
-5.93074 9.64415 -5.9402 9.80453
-5.12074 10.2578 -5.13434 10.4243
-4.26073 11.0807 -4.28474 11.2545
-3.41451 12.1356 -3.4605 12.3031
-2.59907 13.4679 -2.66791 13.6274
-1.885 15.0833 -1.97949 15.2148
-1.2601 16.9749 -1.36797 17.0987
-0.766019 19.1171 -0.87204 19.2338
-0.469374 21.4894 -0.609176 21.6
-0.353107 24.0662 -0.518681 24.1748
-0.356192 26.8503 -0.525115 26.9269
-0.405744 29.8366 -0.590202 29.9088
-0.459357 33.0176 -0.676134 33.0795
-0.512627 36.3924 -0.70642 36.4303
-0.584304 39.8356 -0.804936 39.9081
-0.669137 43.283 -0.892571 43.3356
-0.775721 46.7068 -0.99009 46.7902
-0.88452 50.1325 -1.13037 50.177
-0.99363 53.5216 -1.26991 53.569
-1.08971 56.8837 -1.39778 56.9127
-1.18501 60.2489 -1.51423 60.2809
-1.27032 63.5658 -1.62587 63.5509
-1.3748 66.8689 -1.75757 66.8277
-1.47215 70.1555 -1.88673 70.0804
-1.56223 73.4161 -2.01531 73.3188
-1.66043 76.6366 -2.14256 76.572
-1.77523 79.852 -2.2768 79.7696
-1.8958 83.0323 -2.42209 82.9123
-2.01785 86.1854 -2.55457 86.0644
-2.14648 89.3293 -2.69669 89.1957
-2.2634 92.4425 -2.83113 92.2903
-2.3722 95.5382 -2.95176 95.3757
-2.46594 98.6055 -3.04086 98.4301
-2.54021 101.651 -3.12034 101.433
-2.58215 104.697 -3.15802 104.489
-2.59544 107.674 -3.17105 107.384
-2.62198 110.692 -3.18629 110.389
-2.64883 113.787 -3.21949 113.491
-2.68121 116.967 -3.24945 116.679
-2.72144 120.204 -3.30087 119.9
-2.77478 123.507 -3.34531 123.183
-2.84211 126.902 -3.41501 126.554
-2.9246 130.351 -3.5083 129.969
-3.02451 133.82 -3.59966 133.443
-3.13897 137.262 -3.70413 136.875
-3.26595 140.693 -3.81861 140.293
-3.38972 144.096 -3.93745 143.666
-3.52611 147.467 -4.06662 147.019
-3.67147 150.775 -4.2109 150.376
-3.79432 154.004 -4.33214 153.624
-3.90413 157.172 -4.42789 156.794
-3.99679 160.277 -4.52243 159.865
-4.07165 163.334 -4.59189 162.88
-4.12256 166.369 -4.65038 165.909
-4.19428 169.381 -4.7413 168.941
-4.26426 172.44 -4.81469 172.041
-4.31975 175.547 -4.85564 175.172
-4.39317 178.706 -4.92624 178.35
-4.50145 181.893 -5.07177 181.51
-4.60767 185.156 -5.16111 184.775
-4.70122 188.478 -5.2656 188.127
-4.80653 191.85 -5.3685 191.482
-4.88729 195.207 -5.4557 194.84
-4.97651 198.566 -5.56201 198.216
-5.05762 201.891 -5.65774 201.565
-5.13202 205.18 -5.76299 204.837
-5.21017 208.394 -5.83856 208.04
-5.28137 211.452 -5.89671 211.09
-5.35488 214.366 -5.95059 213.98
-5.41605 217.206 -5.97865 216.782
-5.46907 220.014 -6.02366 219.573
-5.50532 222.798 -6.05649 222.323
-5.54502 225.571 -6.07184 225.067
-5.56361 228.337 -6.08802 227.845
-5.59868 231.13 -6.1071 230.626
-5.71552 233.993 -6.22278 233.482
-5.88686 236.913 -6.38334 236.387
-6.07672 239.912 -6.55801 239.415
-6.21493 243.012 -6.68253 242.511
-6.36421 246.21 -6.84741 245.722
-6.52104 249.543 -6.99168 249.031
-6.65766 252.972 -7.12078 252.466
-6.79488 256.492 -7.25818 255.95
-6.92426 260.027 -7.39817 259.496
-7.05212 263.523 -7.53479 262.944
-7.16492 266.998 -7.6664 266.415
-7.28481 270.457 -7.78694 269.843
-7.41719 273.853 -7.92339 273.225
-7.52352 277.174 -8.04211 276.522
-7.65163 280.358 -8.1637 279.683
-7.78292 283.415 -8.30977 282.736
-7.9184 286.315 -8.43712 285.635
-8.0557 289.119 -8.57968 288.447
-8.18546 291.911 -8.70798 291.224
-8.31479 294.668 -8.86016 293.973
-8.42552 297.434 -8.97206 296.754
-8.48677 300.24 -9.04651 299.549
-8.52813 303.088 -9.09162 302.394
-8.5388 306.013 -9.12009 305.336
-8.51254 309.031 -9.10311 308.364
-8.44616 312.112 -9.03517 311.438
-8.3519 315.298 -8.94668 314.608
-8.21164 318.521 -8.81595 317.804
-8.03187 321.816 -8.6318 321.09
-7.79825 325.179 -8.40623 324.417
-7.51371 328.583 -8.12365 327.843
-7.22706 332.07 -7.84503 331.316
-6.93036 335.645 -7.55097 334.889
-6.63424 339.252 -7.26829 338.455
-6.35332 342.849 -6.98354 341.993
-6.09934 346.41 -6.72455 345.526
-5.85806 349.945 -6.47126 349.027
-5.64728 353.444 -6.25876 352.492
-5.43999 356.885 -6.02696 355.939
-5.25105 360.316 -5.83527 359.338
-5.09845 363.672 -5.66108 362.689
-4.95102 366.99 -5.49541 366.029
-4.80454 370.257 -5.33804 369.28
