1.11022e-16 2.22045e-16 0 -2.98023e-08
-0.0078317 1.68922 -0.00696617 1.6814
-0.0296935 3.39028 -0.0142143 3.35967
-0.070081 5.15046 -0.0398788 5.1096
-0.123858 6.98963 -0.0673076 6.92985
-0.184475 8.97838 -0.141866 8.90903
-0.253794 11.0642 -0.233884 10.9948
-0.296212 13.3352 -0.31576 13.2557
-0.34512 15.7488 -0.426097 15.6681
-0.368644 18.2881 -0.532165 18.2148
-0.406558 20.9906 -0.641395 20.9245
-0.450731 23.8492 -0.774268 23.7598
-0.505576 26.7949 -0.873041 26.6727
-0.567916 29.8173 -0.966826 29.6562
-0.634186 32.9025 -1.07127 32.7249
-0.704629 36.0673 -1.20151 35.8839
-0.763742 39.277 -1.31531 39.1096
-0.840559 42.5065 -1.44302 42.3303
-0.944805 45.7073 -1.59059 45.528
-1.05011 48.9346 -1.68926 48.7169
-1.1429 52.1595 -1.80403 51.9636
-1.24879 55.3725 -1.91888 55.2071
-1.35218 58.6006 -2.00517 58.4196
-1.44456 61.8474 -2.10897 61.6501
-1.52809 65.0853 -2.21978 64.9002
-1.62351 68.3497 -2.34099 68.1281
-1.69757 71.606 -2.45198 71.3826
-1.78443 74.8429 -2.54781 74.6252
-1.89275 78.0446 -2.64588 77.8092
-2.00925 81.241 -2.77036 81.014
-2.11814 84.3815 -2.88374 84.1856
-2.22492 87.4107 -2.98369 87.1953
-2.34477 90.2656 -3.09985 90.0843
-2.48672 92.9158 -3.23458 92.733
-2.64959 95.3521 -3.38854 95.1598
-2.82759 97.5331 -3.52883 97.3237
-2.99255 99.4374 -3.70663 99.2263
-3.1324 101.12 -3.83454 100.865
-3.19672 102.604 -3.89598 102.355
-3.18267 103.907 -3.85066 103.656
-3.06183 105.116 -3.72806 104.87
-2.81389 106.241 -3.47069 106.002
-2.43175 107.285 -3.0837 107.016
-1.92149 108.235 -2.57974 107.959
-1.28282 109.05 -1.92662 108.795
-0.530716 109.791 -1.17933 109.504
0.374458 110.404 -0.261514 110.098
1.40813 110.857 0.795357 110.57
2.53314 111.185 1.93375 110.887
3.78382 111.364 3.16913 111.049
5.17344 111.49 4.55719 111.18
6.72852 111.518 6.11528 111.209
8.44766 111.482 7.83837 111.186
10.3653 111.412 9.75243 111.116
12.4406 111.377 11.8348 111.091
14.6583 111.336 14.0277 111.074
16.981 111.294 16.3613 111.04
19.3715 111.225 18.7575 110.997
21.8275 111.169 21.1774 110.958
24.3382 111.128 23.7301 110.911
26.8655 111.087 26.2551 110.86
29.3403 111.019 28.7652 110.802
31.8244 110.95 31.2579 110.748
34.2556 110.896 33.7132 110.714
36.6557 110.832 36.1235 110.665
39.0235 110.76 38.4917 110.6
41.3483 110.662 40.8144 110.515
43.6256 110.563 43.1027 110.427
45.7787 110.472 45.2466 110.344
47.8711 110.382 47.3471 110.258
49.9395 110.289 49.4332 110.174
51.9717 110.195 51.4176 110.105
53.9664 110.084 53.4316 110.004
55.9687 109.923 55.4587 109.857
58.0125 109.725 57.5003 109.681
60.1424 109.503 59.6198 109.479
62.3294 109.265 61.7942 109.256
64.5634 109.014 64.0239 109.017
66.8058 108.791 66.2678 108.776
69.0248 108.567 68.4846 108.541
71.2741 108.316 70.7801 108.289
73.5516 108.056 73.0331 108.032
75.8789 107.783 75.3696 107.76
78.2494 107.483 77.7123 107.463
80.6562 107.159 80.1256 107.135
83.1284 106.823 82.5942 106.8
85.6502 106.499 85.1108 106.475
88.1956 106.18 87.6695 106.161
90.7563 105.879 90.2526 105.866
93.3471 105.574 92.832 105.575
95.9365 105.268 95.3922 105.281
98.4988 104.97 97.9573 104.999
101.043 104.696 100.489 104.746
103.536 104.414 102.984 104.493
105.991 104.117 105.416 104.209
108.401 103.83 107.835 103.928
110.757 103.531 110.198 103.637
113.078 103.211 112.519 103.316
115.357 102.887 114.806 102.999
117.639 102.533 117.103 102.654
119.873 102.178 119.345 102.311
122.079 101.812 121.567 101.938
124.273 101.408 123.75 101.538
126.425 100.975 125.914 101.113
128.537 100.456 128.033 100.602
130.618 99.8568 130.125 100.004
132.668 99.2161 132.176 99.374
134.687 98.5535 134.196 98.7282
136.66 97.9265 136.175 98.1183
138.607 97.3143 138.111 97.5246
140.503 96.7389 140.014 96.9605
142.369 96.2044 141.877 96.4471
144.202 95.6956 143.696 95.9599
145.98 95.2441 145.494 95.523
147.725 94.8416 147.239 95.1298
149.451 94.4979 148.932 94.8209
151.16 94.251 150.632 94.6055
152.854 94.1421 152.331 94.5313
154.533 94.1327 153.984 94.5464
156.197 94.1207 155.637 94.5513
157.821 94.0073 157.259 94.4442
159.401 93.8382 158.848 94.2753
160.939 93.5782 160.351 94.0286
162.418 93.2763 161.845 93.7145
163.854 92.9387 163.289 93.3632
165.278 92.6226 164.7 93.0442
166.675 92.2996 166.08 92.7174
168.125 91.9461 167.529 92.3545
169.639 91.5263 169.012 91.9442
171.214 91.0624 170.597 91.4726
172.837 90.5691 172.203 90.9749
174.481 90.0352 173.859 90.4495
176.116 89.5135 175.483 89.9397
177.737 89.009 177.108 89.4435
179.316 88.5396 178.695 88.977
180.808 88.1232 180.193 88.5563
182.186 87.7535 181.585 88.1865
183.432 87.482 182.829 87.9051
184.623 87.2937 184.025 87.7291
185.804 87.2316 185.202 87.6782
186.952 87.2978 186.351 87.7603
188.069 87.4519 187.475 87.9227
189.155 87.7286 188.561 88.2119
190.234 88.1572 189.634 88.6575
191.32 88.7816 190.723 89.2911
192.411 89.6005 191.808 90.1157
193.454 90.6845 192.838 91.1837
194.438 91.9889 193.826 92.4766
195.378 93.549 194.753 94.0267
196.271 95.3271 195.642 95.7885
197.137 97.2774 196.514 97.7311
197.95 99.411 197.337 99.8569
198.716 101.703 198.111 102.139
199.517 104.092 198.922 104.524
200.371 106.591 199.78 107.005
201.252 109.17 200.67 109.559
202.151 111.754 201.568 112.144
203.059 114.351 202.489 114.755
203.984 117 203.399 117.356
204.858 119.562 204.295 119.933
205.735 122.179 205.178 122.548
206.599 124.79 206.041 125.157
207.441 127.377 206.885 127.683
208.243 129.908 207.711 130.229
208.997 132.35 208.474 132.657
209.687 134.654 209.17 134.946
210.316 136.813 209.81 137.11
210.853 138.781 210.355 139.065
211.315 140.528 210.821 140.816
211.724 142.072 211.236 142.359
212.088 143.49 211.607 143.756
212.419 144.849 211.942 145.118
212.645 146.171 212.174 146.435
212.735 147.467 212.264 147.711
212.655 148.728 212.182 148.96
212.395 149.931 211.912 150.152
211.968 151.061 211.467 151.251
211.328 152.041 210.853 152.235
210.57 152.9 210.083 153.076
209.69 153.61 209.164 153.77
208.71 154.128 208.177 154.292
207.629 154.447 207.151 154.618
206.514 154.664 206.05 154.831
205.343 154.84 204.874 155.03
204.055 154.916 203.604 155.128
202.653 155.003 202.198 155.236
201.071 155.005 200.612 155.268
199.318 154.934 198.856 155.215
197.401 154.857 196.939 155.151
195.317 154.772 194.846 155.079
193.07 154.75 192.597 155.068
190.669 154.809 190.173 155.13
188.123 154.966 187.642 155.276
185.505 155.21 185.047 155.492
182.877 155.503 182.417 155.774
180.229 155.806 179.796 156.072
177.558 156.111 177.136 156.368
174.881 156.428 174.457 156.68
172.211 156.746 171.805 156.977
169.532 157.058 169.133 157.279
166.857 157.367 166.461 157.568
164.166 157.688 163.78 157.876
161.544 158.015 161.124 158.2
158.917 158.348 158.522 158.514
156.307 158.686 155.879 158.837
153.702 159.029 153.272 159.168
151.074 159.379 150.652 159.499
148.418 159.744 147.981 159.843
145.726 160.132 145.275 160.213
143.007 160.517 142.55 160.572
140.245 160.895 139.776 160.932
137.441 161.249 136.966 161.263
134.595 161.56 134.115 161.557
131.711 161.841 131.237 161.82
128.789 162.129 128.313 162.097
125.847 162.402 125.38 162.364
122.923 162.663 122.46 162.623
120.011 162.917 119.526 162.86
117.096 163.165 116.636 163.097
114.183 163.418 113.72 163.334
111.271 163.676 110.813 163.582
108.36 163.93 107.903 163.838
105.445 164.185 104.973 164.089
102.541 164.435 102.072 164.337
99.6444 164.672 99.1811 164.556
96.7447 164.928 96.28 164.81
93.8493 165.223 93.3802 165.098
90.9521 165.53 90.4706 165.399
88.0654 165.851 87.5604 165.701
85.1505 166.192 84.6478 166.03
82.2426 166.531 81.7447 166.352
79.3118 166.863 78.8218 166.668
76.3933 167.202 75.8859 166.992
73.4387 167.539 72.9336 167.324
70.4852 167.863 69.9771 167.637
67.5198 168.168 67.0137 167.934
64.5408 168.442 64.0277 168.197
61.5404 168.697 61.0211 168.445
58.5372 168.941 58.0128 168.688
55.5339 169.185 54.9822 168.934
52.5433 169.42 51.9932 169.162
49.5719 169.64 49.014 169.378
46.6355 169.84 46.0995 169.57
43.7101 170.017 43.1919 169.745
40.8234 170.177 40.2879 169.902
37.953 170.328 37.4251 170.056
35.1329 170.473 34.6102 170.212
32.3853 170.603 31.8627 170.351
29.7044 170.713 29.1655 170.466
27.0934 170.807 26.5655 170.567
24.5832 170.877 24.0534 170.647
22.2093 170.938 21.662 170.738
19.9443 171.028 19.3809 170.842
17.748 171.142 17.1972 170.968
15.6068 171.273 15.0494 171.102
13.5455 171.404 12.9892 171.235
11.5681 171.54 11.0336 171.375
9.70917 171.687 9.17317 171.523
7.99864 171.854 7.46068 171.681
6.43263 172.024 5.91072 171.843
4.99536 172.228 4.46269 172.035
3.67436 172.461 3.14628 172.271
2.47555 172.739 1.95137 172.546
1.3941 173.061 0.883199 172.863
0.435287 173.449 -0.0816758 173.244
-0.481995 173.905 -0.980092 173.701
-1.32486 174.457 -1.79981 174.234
-2.06539 175.092 -2.5283 174.837
-2.7621 175.809 -3.22827 175.552
-3.40846 176.72 -3.86578 176.455
-3.99476 177.764 -4.46315 177.481
-4.50601 178.952 -4.99172 178.674
-4.93092 180.367 -5.4257 180.069
-5.21269 181.953 -5.72006 181.666
-5.35152 183.715 -5.86501 183.417
-5.39232 185.626 -5.90605 185.335
-5.38794 187.683 -5.88593 187.381
-5.37215 189.872 -5.86557 189.558
-5.38659 192.193 -5.88117 191.865
-5.40602 194.585 -5.90756 194.246
-5.44044 197.018 -5.95345 196.684
-5.47598 199.456 -6.01836 199.127
-5.51484 201.934 -6.07568 201.622
-5.56006 204.407 -6.13975 204.09
-5.6168 206.864 -6.21824 206.564
-5.69211 209.294 -6.29974 208.983
-5.77568 211.678 -6.39068 211.375
-5.86077 213.99 -6.48182 213.682
-5.9409 216.159 -6.56176 215.847
-6.02328 218.169 -6.6474 217.846
-6.11459 220.001 -6.74033 219.662
-6.20908 221.641 -6.82188 221.283
-6.29008 223.095 -6.91297 222.71
-6.32374 224.427 -6.9448 224.044
-6.27433 225.732 -6.89635 225.351
-6.13226 226.985 -6.74597 226.606
-5.84254 228.167 -6.44805 227.824
-5.39245 229.278 -5.98199 228.938
-4.84275 230.276 -5.42746 229.95
-4.1627 231.193 -4.74133 230.859
-3.33917 232.032 -3.92647 231.687
-2.39757 232.795 -2.98619 232.462
-1.27852 233.345 -1.85301 233.071
0.00239807 233.849 -0.576545 233.578
1.45182 234.167 0.868979 233.904
3.06334 234.395 2.48267 234.142
4.8184 234.522 4.2538 234.3
6.71886 234.529 6.17018 234.32
8.77187 234.477 8.20956 234.27
10.9501 234.354 10.3663 234.173
13.2837 234.243 12.6893 234.082
15.6982 234.114 15.0379 233.97
18.1098 234.011 17.4644 233.885
20.5389 233.937 19.8869 233.819
23.0004 233.896 22.2906 233.783
25.4545 233.896 24.7932 233.759
27.9277 233.889 27.2446 233.74
30.4079 233.872 29.7152 233.712
32.8821 233.854 32.2152 233.682
35.3385 233.829 34.6848 233.644
37.7795 233.79 37.1214 233.579
40.1794 233.727 39.5394 233.497
42.5523 233.662 41.9267 233.418
44.9078 233.596 44.2868 233.348
47.2269 233.521 46.6166 233.261
49.5228 233.435 48.8994 233.169
51.8031 233.37 51.1699 233.095
54.0499 233.307 53.4078 233.019
56.2806 233.227 55.6305 232.929
58.4456 233.148 57.7943 232.842
60.62 233.087 59.9659 232.768
62.7505 233.038 62.0996 232.719
64.8463 232.998 64.2096 232.684
66.9079 232.934 66.2761 232.615
68.9275 232.867 68.289 232.558
70.8877 232.815 70.239 232.499
72.8258 232.758 72.1781 232.437
74.7379 232.699 74.0933 232.387
76.6184 232.622 75.9797 232.312
78.4878 232.513 77.8516 232.218
80.4154 232.376 79.8012 232.095
82.4231 232.188 81.7866 231.924
84.5244 231.97 83.8708 231.723
86.7091 231.7 86.0651 231.452
89.0241 231.38 88.3848 231.139
91.4678 231.021 90.8234 230.785
94.0246 230.649 93.3851 230.423
96.7043 230.258 96.0644 230.044
99.5003 229.89 98.8466 229.671
102.391 229.569 101.732 229.356
105.358 229.285 104.689 229.071
108.345 229.013 107.708 228.811
111.363 228.735 110.72 228.543
114.373 228.478 113.738 228.289
117.36 228.229 116.736 228.044
120.339 228.001 119.712 227.825
123.309 227.797 122.648 227.634
126.241 227.623 125.574 227.469
129.152 227.477 128.49 227.325
132.013 227.319 131.35 227.175
134.854 227.155 134.187 227.019
137.658 226.984 137.002 226.863
140.442 226.781 139.79 226.656
143.209 226.535 142.618 226.411
145.977 226.238 145.363 226.12
148.746 225.863 148.128 225.76
151.519 225.402 150.924 225.305
154.266 224.859 153.698 224.76
157.018 224.208 156.408 224.127
159.77 223.495 159.202 223.415
162.519 222.782 161.952 222.71
165.293 222.111 164.726 222.049
168.052 221.507 167.487 221.457
170.813 220.973 170.235 220.932
173.565 220.491 172.975 220.465
176.246 220.043 175.67 220.034
178.819 219.634 178.255 219.611
181.257 219.252 180.682 219.225
183.679 218.884 183.121 218.836
186.087 218.498 185.543 218.436
188.455 218.1 187.91 218.024
190.804 217.716 190.262 217.629
193.141 217.374 192.621 217.29
195.432 217.055 194.904 216.973
197.728 216.759 197.195 216.677
199.972 216.486 199.422 216.408
202.099 216.238 201.521 216.167
204.042 215.996 203.445 215.936
205.75 215.775 205.171 215.736
207.241 215.583 206.638 215.572
208.613 215.38 208.018 215.396
209.946 215.165 209.295 215.219
211.132 214.943 210.492 215.018
212.137 214.745 211.486 214.835
213.062 214.535 212.414 214.663
213.959 214.314 213.31 214.468
214.824 214.089 214.175 214.262
215.688 213.835 215.035 214.027
216.575 213.527 215.937 213.726
217.491 213.158 216.851 213.374
218.457 212.701 217.812 212.919
219.481 212.125 218.839 212.326
220.512 211.371 219.894 211.556
221.551 210.459 220.917 210.637
222.556 209.363 221.91 209.528
223.474 208.083 222.855 208.227
224.313 206.641 223.692 206.758
225.045 205.038 224.402 205.155
225.611 203.26 224.958 203.365
225.97 201.35 225.33 201.436
226.11 199.367 225.459 199.445
226.043 197.305 225.381 197.386
225.808 195.16 225.146 195.236
225.43 192.957 224.786 193.042
224.917 190.708 224.284 190.784
224.27 188.432 223.645 188.526
223.515 186.122 222.901 186.218
222.66 183.771 222.076 183.897
221.783 181.391 221.209 181.521
220.892 178.999 220.326 179.117
220.021 176.587 219.468 176.726
219.223 174.2 218.698 174.326
218.482 171.835 217.999 171.975
217.818 169.569 217.372 169.738
217.217 167.459 216.782 167.661
216.651 165.492 216.217 165.701
216.111 163.683 215.674 163.882
215.578 162.017 215.144 162.202
214.999 160.43 214.558 160.596
214.345 158.976 213.89 159.13
213.574 157.663 213.112 157.804
212.661 156.533 212.19 156.674
211.583 155.56 211.11 155.685
210.427 154.805 209.913 154.943
209.163 154.246 208.64 154.389
207.764 153.857 207.24 154.028
206.281 153.652 205.748 153.816
204.678 153.573 204.151 153.757
202.976 153.576 202.45 153.762
201.14 153.65 200.636 153.834
199.176 153.795 198.677 154.009
197.094 154.001 196.595 154.212
194.884 154.206 194.406 154.426
192.56 154.428 192.086 154.638
190.124 154.677 189.594 154.874
187.577 154.947 187.085 155.118
184.929 155.251 184.473 155.39
182.198 155.595 181.773 155.745
179.402 155.945 178.985 156.079
176.57 156.287 176.166 156.428
173.734 156.624 173.336 156.762
170.901 156.954 170.5 157.086
168.081 157.295 167.682 157.435
165.285 157.641 164.886 157.776
162.507 157.988 162.108 158.12
159.747 158.333 159.358 158.461
156.985 158.681 156.584 158.796
154.216 159.032 153.777 159.146
151.439 159.4 151.017 159.494
148.641 159.793 148.218 159.87
145.814 160.206 145.386 160.273
142.964 160.61 142.547 160.646
140.057 160.997 139.629 161.023
137.092 161.348 136.658 161.346
134.059 161.649 133.63 161.635
130.994 161.935 130.566 161.897
127.859 162.234 127.437 162.182
124.684 162.52 124.254 162.463
121.492 162.799 121.077 162.724
118.297 163.082 117.88 162.97
115.103 163.378 114.68 163.244
111.913 163.673 111.489 163.523
108.724 163.967 108.281 163.807
105.532 164.254 105.086 164.092
102.343 164.538 101.888 164.35
99.1616 164.826 98.7167 164.627
95.9595 165.165 95.506 164.959
92.7469 165.548 92.2749 165.329
89.5265 165.956 89.0489 165.726
86.2979 166.382 85.8128 166.135
83.0336 166.817 82.5596 166.559
79.737 167.239 79.2578 166.976
76.4272 167.63 75.9538 167.352
73.0503 167.986 72.5817 167.707
69.6409 168.315 69.1762 168.02
66.1944 168.637 65.7337 168.343
62.7103 168.932 62.2341 168.635
59.2144 169.2 58.7345 168.893
55.7346 169.447 55.2291 169.136
52.272 169.682 51.7663 169.363
48.8335 169.903 48.329 169.58
45.4319 170.116 44.9257 169.778
42.0516 170.315 41.5533 169.964
38.7425 170.483 38.2353 170.131
35.5353 170.63 35.0251 170.265
32.4609 170.758 31.9446 170.394
29.527 170.863 28.9915 170.494
26.7363 170.955 26.2003 170.58
24.0966 171.032 23.5468 170.654
21.5995 171.132 21.0468 170.756
19.3166 171.345 18.6727 170.898
17.2018 171.658 16.3806 171.132
15.0898 171.971 14.1921 171.445
12.9804 172.284 12.1173 171.8
10.8724 172.596 10.1404 172.177
8.83819 172.908 8.28777 172.504
7.13235 173.177 6.62014 172.775
5.61129 173.387 5.10959 172.987
4.30937 173.544 3.80546 173.15
3.23742 173.652 2.7257 173.277
2.37584 173.73 1.87818 173.367
1.67955 173.799 1.18746 173.43
1.05692 173.86 0.560711 173.494
0.465217 173.909 -0.0218647 173.538
-0.12803 173.962 -0.627475 173.592
-0.72023 174.003 -1.21864 173.637
-1.33059 174.024 -1.82469 173.652
-2.08043 174.055 -2.57748 173.695
-2.99758 174.095 -3.48028 173.736
-4.09864 174.121 -4.58163 173.764
-5.41652 174.168 -5.90459 173.805
-6.93604 174.228 -7.4382 173.883
-8.60936 174.34 -9.11448 174.002
-10.464 174.413 -10.9635 174.088
-12.4942 174.495 -13.0035 174.193
-14.6626 174.544 -15.1588 174.237
-17.0285 174.613 -17.5258 174.309
-19.5155 174.657 -20.0274 174.345
-22.1532 174.695 -22.6821 174.396
-24.8917 174.737 -25.4216 174.441
-27.7285 174.788 -28.2497 174.502
-30.6688 174.869 -31.1958 174.582
-33.6711 174.97 -34.1756 174.69
-36.7347 175.075 -37.2274 174.803
-39.8436 175.166 -40.3372 174.892
-43.0012 175.253 -43.4923 174.975
-46.1849 175.352 -46.6626 175.065
-49.3744 175.443 -49.8486 175.157
-52.5574 175.526 -53.0308 175.219
-55.7576 175.616 -56.1574 175.3
-58.9259 175.703 -59.3341 175.373
-62.1301 175.805 -62.538 175.474
-65.3281 175.907 -65.7474 175.576
-68.5377 176.003 -68.9575 175.653
-71.7492 176.081 -72.1628 175.74
-74.9765 176.146 -75.3751 175.814
-78.2088 176.218 -78.6007 175.897
-81.4471 176.258 -81.8528 175.931
-84.6922 176.291 -85.0778 175.967
-87.9368 176.289 -88.3197 175.968
-91.2113 176.258 -91.6049 175.959
-94.4844 176.205 -94.8659 175.923
-97.757 176.122 -98.1512 175.871
-101.045 176.004 -101.468 175.782
-104.339 175.862 -104.774 175.676
-107.64 175.695 -108.076 175.538
-110.949 175.52 -111.383 175.399
-114.268 175.326 -114.691 175.236
-117.599 175.123 -118.001 175.06
-120.943 174.923 -121.35 174.875
-124.294 174.719 -124.702 174.697
-127.663 174.506 -128.086 174.51
-131.049 174.295 -131.491 174.3
-134.443 174.072 -134.888 174.101
-137.847 173.848 -138.297 173.889
-141.262 173.635 -141.721 173.684
-144.675 173.415 -145.105 173.493
-148.093 173.189 -148.511 173.276
-151.507 172.967 -151.921 173.081
-154.902 172.728 -155.32 172.85
-158.293 172.495 -158.724 172.642
-161.632 172.25 -162.067 172.42
-164.975 172.023 -165.409 172.207
-168.236 171.803 -168.664 172.016
-171.502 171.597 -171.908 171.837
-174.668 171.36 -175.05 171.61
-177.746 171.133 -178.134 171.391
-180.803 170.903 -181.182 171.18
-183.779 170.688 -184.164 170.972
-186.702 170.476 -187.097 170.769
-189.566 170.268 -189.969 170.576
-192.391 170.071 -192.779 170.4
-195.15 169.858 -195.533 170.207
-197.876 169.626 -198.24 169.98
-200.552 169.372 -200.932 169.736
-203.199 169.064 -203.548 169.439
-205.787 168.703 -206.135 169.087
-208.326 168.29 -208.66 168.678
-210.824 167.882 -211.15 168.298
-213.258 167.488 -213.595 167.926
-215.584 167.156 -215.941 167.61
-217.826 166.951 -218.207 167.423
-219.977 166.84 -220.379 167.325
-222.031 166.826 -222.442 167.307
-223.989 166.913 -224.382 167.393
-225.825 167.088 -226.225 167.577
-227.55 167.326 -227.943 167.816
-229.178 167.609 -229.561 168.097
-230.693 167.92 -231.045 168.397
-232.122 168.192 -232.453 168.66
-233.454 168.409 -233.782 168.867
-234.669 168.528 -234.978 168.97
-235.787 168.548 -236.077 168.969
-236.809 168.432 -237.083 168.83
-237.749 168.202 -237.989 168.592
-238.622 167.871 -238.845 168.251
-239.423 167.439 -239.632 167.821
-240.168 166.948 -240.365 167.339
-240.837 166.406 -241.028 166.819
-241.484 165.802 -241.679 166.232
-242.133 165.205 -242.326 165.635
-242.761 164.565 -242.951 165.013
-243.373 163.846 -243.563 164.302
-243.957 163.041 -244.148 163.523
-244.491 162.132 -244.692 162.607
-244.988 161.117 -245.183 161.609
-245.419 159.925 -245.6 160.434
-245.815 158.552 -245.997 159.084
-246.2 156.992 -246.393 157.514
-246.614 155.23 -246.804 155.753
-246.968 153.214 -247.149 153.743
-247.267 150.944 -247.448 151.49
-247.521 148.452 -247.701 148.986
-247.763 145.749 -247.946 146.294
-248.018 142.841 -248.19 143.396
-248.277 139.721 -248.453 140.249
-248.523 136.389 -248.708 136.904
-248.773 132.87 -248.967 133.417
-249.016 129.336 -249.218 129.909
-249.218 125.815 -249.428 126.382
-249.398 122.286 -249.619 122.854
-249.565 118.755 -249.77 119.375
-249.697 115.238 -249.916 115.865
-249.82 111.742 -250.049 112.381
-249.943 108.268 -250.168 108.932
-250.045 104.815 -250.271 105.487
-250.125 101.387 -250.36 102.058
-250.189 97.986 -250.423 98.6549
-250.244 94.5988 -250.494 95.2879
-250.306 91.2592 -250.545 91.9583
-250.4 87.9367 -250.63 88.6337
-250.55 84.6452 -250.787 85.323
-250.69 81.3567 -250.934 81.9903
-250.847 78.1038 -251.083 78.7271
-251.02 74.8245 -251.251 75.4056
-251.181 71.5496 -251.404 72.1528
-251.353 68.2994 -251.567 68.9112
-251.504 65.0681 -251.727 65.683
-251.635 61.8525 -251.85 62.4991
-251.748 58.6619 -251.963 59.2891
-251.845 55.4898 -252.04 56.1744
-251.936 52.3437 -252.145 52.9814
-252.031 49.2201 -252.254 49.8624
-252.144 46.1167 -252.369 46.7588
-252.285 43.0392 -252.513 43.68
-252.448 39.988 -252.674 40.7004
-252.625 36.9564 -252.852 37.6892
-252.811 33.9548 -253.034 34.7157
-252.984 30.9781 -253.195 31.7737
-253.098 28.0289 -253.301 28.8398
-253.116 25.1012 -253.323 25.9636
-253.041 22.2034 -253.251 23.0767
-252.848 19.3242 -253.058 20.222
-252.488 16.4809 -252.696 17.3892
-251.944 13.6505 -252.155 14.5893
-251.206 10.8462 -251.432 11.8049
-250.269 8.06443 -250.487 9.03075
-249.119 5.31483 -249.344 6.28116
-247.746 2.61686 -247.981 3.58335
-246.166 -0.0179689 -246.429 0.973656
-244.406 -2.61994 -244.683 -1.62068
-242.507 -5.20161 -242.811 -4.19128
-240.544 -7.80521 -240.853 -6.7946
-238.528 -10.4414 -238.834 -9.45351
-236.483 -13.1027 -236.797 -12.1212
-234.463 -15.7783 -234.761 -14.8159
-232.509 -18.4819 -232.794 -17.5139
-230.632 -21.2116 -230.91 -20.2563
-228.85 -23.9731 -229.129 -23.0152
-227.12 -26.7315 -227.395 -25.7747
-225.42 -29.4668 -225.707 -28.4902
-223.757 -32.1753 -224.031 -31.2006
-222.113 -34.8529 -222.401 -33.8549
-220.503 -37.4878 -220.792 -36.4741
-218.946 -40.02 -219.229 -39.0191
-217.474 -42.3504 -217.74 -41.365
-216.082 -44.4499 -216.371 -43.4664
-214.778 -46.3102 -215.064 -45.3419
-213.57 -47.9634 -213.912 -46.9576
-212.47 -49.4066 -212.786 -48.4147
-211.403 -50.7036 -211.738 -49.7233
-210.35 -51.8666 -210.698 -50.8821
-209.329 -52.8822 -209.661 -51.9115
-208.342 -53.7128 -208.693 -52.7461
-207.434 -54.3148 -207.802 -53.3358
-206.639 -54.7508 -207.022 -53.7756
-205.847 -55.1124 -206.248 -54.1391
-205.046 -55.3769 -205.447 -54.4068
-204.238 -55.5721 -204.624 -54.6033
-203.34 -55.72 -203.757 -54.7576
-202.344 -55.8126 -202.772 -54.8408
-201.23 -55.8319 -201.635 -54.8557
-199.967 -55.7279 -200.38 -54.7422
-198.512 -55.5157 -198.958 -54.543
-196.896 -55.178 -197.325 -54.2211
-195.101 -54.6753 -195.497 -53.736
-193.145 -53.98 -193.536 -53.062
-191.089 -53.0596 -191.499 -52.1689
-188.96 -51.8707 -189.36 -51.0145
-186.748 -50.4576 -187.115 -49.61
-184.447 -48.8822 -184.793 -48.0668
-181.997 -47.2117 -182.347 -46.4452
-179.498 -45.5321 -179.794 -44.7796
-176.845 -43.7646 -177.126 -43.0324
-174.079 -41.9513 -174.341 -41.238
-171.183 -40.0941 -171.462 -39.4274
-168.182 -38.2522 -168.448 -37.6081
-165.081 -36.4374 -165.334 -35.8415
-161.937 -34.6644 -162.181 -34.105
-158.731 -32.961 -158.963 -32.4327
-155.499 -31.3261 -155.715 -30.8215
-152.285 -29.7545 -152.49 -29.2667
-149.069 -28.1828 -149.271 -27.738
-145.858 -26.6122 -146.041 -26.2016
-142.641 -25.057 -142.816 -24.675
-139.402 -23.4863 -139.565 -23.1384
-136.173 -21.9347 -136.325 -21.6218
-132.945 -20.3771 -133.096 -20.0941
-129.755 -18.8493 -129.904 -18.5882
-126.595 -17.3118 -126.734 -17.073
-123.482 -15.7772 -123.583 -15.5453
-120.382 -14.2753 -120.471 -14.0472
-117.291 -12.8787 -117.377 -12.6646
-114.141 -11.5875 -114.224 -11.39
-110.986 -10.3998 -111.063 -10.221
-107.824 -9.2434 -107.905 -9.07784
-104.64 -8.12476 -104.746 -7.96056
-101.445 -7.02064 -101.536 -6.86366
-98.2668 -5.92768 -98.3592 -5.77697
-95.057 -4.92431 -95.1497 -4.77942
-91.8162 -3.98815 -91.9274 -3.86613
-88.5603 -3.13917 -88.6717 -3.04091
-85.2757 -2.35766 -85.3757 -2.26769
-81.9842 -1.6428 -82.074 -1.57054
-78.6956 -0.95672 -78.7833 -0.897637
-75.4228 -0.30068 -75.5016 -0.245855
-72.1664 0.319994 -72.2344 0.371916
-68.9285 0.923302 -69.0006 0.970691
-65.7005 1.50044 -65.7842 1.54003
-62.4896 2.04798 -62.559 2.09199
-59.2953 2.57747 -59.3602 2.61586
-56.129 3.09171 -56.1842 3.13697
-52.9885 3.57544 -53.0215 3.62155
-49.8684 4.04034 -49.879 4.09385
-46.7763 4.46429 -46.787 4.52899
-43.7122 4.8569 -43.7441 4.92608
-40.6664 5.22332 -40.6986 5.29554
-37.6893 5.56496 -37.7183 5.65118
-34.7862 5.88849 -34.8527 5.98317
-31.9967 6.19001 -32.0722 6.29045
-29.2969 6.46557 -29.3717 6.54883
-26.721 6.72078 -26.7883 6.80492
-24.3202 6.95413 -24.3329 7.04249
-22.0893 7.15957 -22.0714 7.24483
-20.0167 7.36264 -19.9938 7.43494
-18.1068 7.55145 -18.0647 7.63391
-16.3377 7.70208 -16.314 7.79962
-14.7261 7.81968 -14.6828 7.93288
-13.3135 7.93015 -13.2721 8.06104
-12.1283 8.02202 -12.0873 8.15063
-11.1392 8.10066 -11.0951 8.23517
-10.2874 8.19505 -10.2399 8.33393
-9.51822 8.30992 -9.45667 8.45527
-8.78925 8.47818 -8.74696 8.63416
-8.14918 8.66932 -8.09855 8.82931
-7.82944 8.76998 -7.78107 8.91951
-7.79925 8.78746 -7.72414 8.93167
-7.81302 8.78662 -7.75113 8.92946
-7.80939 8.78814 -7.72929 8.93109
-7.80945 8.779 -7.7223 8.92982
-7.80913 8.77101 -7.72796 8.92751
-7.80482 8.76295 -7.71807 8.92941
-7.80077 8.75555 -7.73186 8.93022
-7.79508 8.75016 -7.71831 8.93768
-7.78951 8.74523 -7.73389 8.92948
-7.78493 8.74052 -7.72511 8.92781
-7.78017 8.73484 -7.72551 8.93531
-7.77578 8.73087 -7.74387 8.93529
-7.7716 8.72656 -7.73727 8.9324
-7.76863 8.72358 -7.73476 8.92702
-7.76688 8.72176 -7.7378 8.93052
-7.76576 8.71758 -7.75655 8.93524
-7.76398 8.71459 -7.74355 8.92859
-7.76329 8.71349 -7.75742 8.9314
-7.76296 8.71255 -7.76756 8.93045
-7.76309 8.71349 -7.77687 8.93209
-7.76245 8.71417 -7.78243 8.92989
-7.75329 8.72215 -7.76577 8.93655
-7.71711 8.74234 -7.71525 8.94744
-7.65887 8.77078 -7.66346 8.97041
-7.51304 8.83606 -7.51948 9.02498
-7.1753 8.98276 -7.16654 9.16354
-6.6409 9.23657 -6.6365 9.4099
-5.93074 9.64415 -5.93945 9.81285
-5.12074 10.2578 -5.13008 10.4299
-4.26073 11.0807 -4.28801 11.2644
-3.41451 12.1356 -3.46178 12.3194
-2.59907 13.4679 -2.6722 13.658
-1.885 15.0833 -1.99503 15.2474
-1.2601 16.9749 -1.39077 17.1307
-0.766019 19.1171 -0.910017 19.2664
-0.469374 21.4894 -0.650183 21.6317
-0.353107 24.0662 -0.561794 24.2022
-0.356192 26.8503 -0.591367 26.9641
-0.405744 29.8366 -0.661111 29.9559
-0.459357 33.0176 -0.748368 33.1112
-0.512627 36.3924 -0.824044 36.4736
-0.584304 39.8356 -0.926806 39.9124
-0.669137 43.283 -1.01095 43.3628
-0.775721 46.7068 -1.11684 46.81
-0.88452 50.1325 -1.25572 50.19
-0.99363 53.5216 -1.3845 53.6138
-1.08971 56.8837 -1.51218 56.9703
-1.18501 60.2489 -1.63559 60.2876
-1.27032 63.5658 -1.75815 63.5634
-1.3748 66.8689 -1.89999 66.8456
-1.47215 70.1555 -2.0096 70.1221
-1.56223 73.4161 -2.13842 73.3508
-1.66043 76.6366 -2.25086 76.5958
-1.77523 79.852 -2.37909 79.7584
-1.8958 83.0323 -2.50892 82.9157
-2.01785 86.1854 -2.63175 86.0619
-2.14648 89.3293 -2.76628 89.2282
-2.2634 92.4425 -2.88436 92.3257
-2.3722 95.5382 -2.9948 95.3966
-2.46594 98.6055 -3.07076 98.4464
-2.54021 101.651 -3.14341 101.459
-2.58215 104.697 -3.17182 104.506
-2.59544 107.674 -3.19476 107.422
-2.62198 110.692 -3.21086 110.422
-2.64883 113.787 -3.24719 113.53
-2.68121 116.967 -3.2721 116.718
-2.72144 120.204 -3.31286 119.931
-2.77478 123.507 -3.34579 123.223
-2.84211 126.902 -3.40981 126.589
-2.9246 130.351 -3.49167 130.004
-3.02451 133.82 -3.57757 133.491
-3.13897 137.262 -3.6684 136.926
-3.26595 140.693 -3.77926 140.334
-3.38972 144.096 -3.89005 143.725
-3.52611 147.467 -4.00429 147.141
-3.67147 150.775 -4.14804 150.447
-3.79432 154.004 -4.26605 153.7
-3.90413 157.172 -4.36171 156.857
-3.99679 160.277 -4.44813 159.93
-4.07165 163.334 -4.51028 162.952
-4.12256 166.369 -4.57446 165.982
-4.19428 169.381 -4.66824 169.008
-4.26426 172.44 -4.74257 172.097
-4.31975 175.547 -4.79382 175.232
-4.39317 178.706 -4.86243 178.4
-4.50145 181.893 -5.0009 181.57
-4.60767 185.156 -5.10898 184.863
-4.70122 188.478 -5.24082 188.205
-4.80653 191.85 -5.38186 191.554
-4.88729 195.207 -5.486 194.918
-4.97651 198.566 -5.60366 198.288
-5.05762 201.891 -5.72266 201.64
-5.13202 205.18 -5.83171 204.923
-5.21017 208.394 -5.92426 208.147
-5.28137 211.452 -5.98777 211.182
-5.35488 214.366 -6.04478 214.071
-5.41605 217.206 -6.08799 216.889
-5.46907 220.014 -6.13139 219.68
-5.50532 222.798 -6.16919 222.452
-5.54502 225.571 -6.18699 225.189
-5.56361 228.337 -6.19584 227.936
-5.59868 231.13 -6.23027 230.727
-5.71552 233.993 -6.36029 233.596
-5.88686 236.913 -6.5106 236.479
-6.07672 239.912 -6.68985 239.516
-6.21493 243.012 -6.83313 242.621
-6.36421 246.21 -6.98498 245.796
-6.52104 249.543 -7.13806 249.164
-6.65766 252.972 -7.26791 252.542
-6.79488 256.492 -7.40687 256.044
-6.92426 260.027 -7.54994 259.58
-7.05212 263.523 -7.69059 263.045
-7.16492 266.998 -7.82253 266.5
-7.28481 270.457 -7.94778 269.94
-7.41719 273.853 -8.07719 273.295
-7.52352 277.174 -8.20819 276.611
-7.65163 280.358 -8.32893 279.789
-7.78292 283.415 -8.46723 282.844
-7.9184 286.315 -8.59981 285.747
-8.0557 289.119 -8.72936 288.548
-8.18546 291.911 -8.86596 291.332
-8.31479 294.668 -9.01877 294.081
-8.42552 297.434 -9.12799 296.852
-8.48677 300.24 -9.20418 299.651
-8.52813 303.088 -9.24502 302.499
-8.5388 306.013 -9.27444 305.441
-8.51254 309.031 -9.25794 308.472
-8.44616 312.112 -9.19285 311.532
-8.3519 315.298 -9.10416 314.71
-8.21164 318.521 -8.96724 317.891
-8.03187 321.816 -8.77684 321.185
-7.79825 325.179 -8.54752 324.519
-7.51371 328.583 -8.273 327.934
-7.22706 332.07 -7.9924 331.432
-6.93036 335.645 -7.69558 334.992
-6.63424 339.252 -7.42043 338.557
-6.35332 342.849 -7.14148 342.106
-6.09934 346.41 -6.86877 345.621
-5.85806 349.945 -6.62188 349.133
-5.64728 353.444 -6.41494 352.605
-5.43999 356.885 -6.1818 356.043
-5.25105 360.316 -5.97997 359.453
-5.09845 363.672 -5.81232 362.811
-4.95102 366.99 -5.6451 366.137
-4.80454 370.257 -5.48665 369.399
