0 7.96365e-05 0.00293869 100 8.47458
0 4.46185e-05 0.00619091 200 9.43396
0 3.98017e-05 0.00670629 300 10.4167
0 2.89645e-05 0.00344081 400 10.4712
0 2.55779e-05 0.00289966 500 10.4167
0 2.81442e-05 0.0031827 600 10.4167
0 2.38498e-05 0.00356647 700 10.279
0 2.34731e-05 0.00390809 800 10.2828
10 9.13494e-05 0.00192288 100 9.00901
10 3.76643e-05 0.00549241 200 9.7561
10 3.35146e-05 0.00559814 300 10.7143
10 2.57798e-05 0.00302637 400 10.6667
10 2.43555e-05 0.00246438 500 10.5708
10 2.67198e-05 0.00279027 600 10.5448
10 2.32715e-05 0.00309401 700 10.3704
10 2.23928e-05 0.00376825 800 10.3761
20 6.64136e-05 0.0032268 100 9.61539
20 2.39208e-05 0.00303805 200 10
20 2.31898e-05 0.00371599 300 10.9489
20 1.67375e-05 0.00388132 400 10.8108
20 1.66303e-05 0.00402063 500 10.7066
20 2.67074e-05 0.00471095 600 10.6572
20 1.99748e-05 0.00509872 700 10.4478
20 2.31374e-05 0.00536944 800 10.4712
30 7.04211e-05 0.00334318 100 10.101
30 2.39208e-05 0.00290521 200 10.2564
30 3.10528e-05 0.0033478 300 11.194
30 1.84726e-05 0.00333146 400 10.929
30 1.80334e-05 0.00351166 500 10.8225
30 2.5812e-05 0.0041249 600 10.7527
30 2.0277e-05 0.00462483 700 10.5105
30 2.33777e-05 0.00490379 800 10.5541
40 7.3729e-05 0.00321907 100 10.6383
40 2.35441e-05 0.00322478 200 10.4712
40 2.27865e-05 0.00325009 300 11.4068
40 1.96833e-05 0.00259095 400 11.0193
40 1.86061e-05 0.0029073 500 10.917
40 2.2108e-05 0.00341823 600 10.8303
40 2.00962e-05 0.0040155 700 10.5422
40 2.18965e-05 0.00425709 800 10.6242
50 7.14295e-05 0.0044769 100 10.989
50 2.10018e-05 0.00264557 200 10.6383
50 2.67938e-05 0.0030391 300 11.5385
50 1.52466e-05 0.00260248 400 11.0803
50 1.89363e-05 0.00345176 500 10.989
50 2.08912e-05 0.00400953 600 10.8893
50 1.94815e-05 0.00460274 700 10.5581
50 2.1922e-05 0.00453781 800 10.6809
60 5.94021e-05 0.00351951 100 11.3636
60 2.71864e-05 0.00383185 200 10.8108
60 2.84715e-05 0.00315621 300 11.6279
60 1.5344e-05 0.00212758 400 11.0803
60 1.6999e-05 0.00260918 500 11.0132
60 1.65585e-05 0.00307816 600 10.9091
60 1.71574e-05 0.00360009 700 10.5581
60 1.8852e-05 0.00347101 800 10.7239
70 9.79005e-05 0.00348397 100 11.4943
70 2.69662e-05 0.0077783 200 10.929
70 2.58375e-05 0.00460863 300 11.6279
70 1.90289e-05 0.00238868 400 11.0803
70 2.22692e-05 0.00191187 500 10.9649
70 1.65184e-05 0.00204256 600 10.9091
70 1.95563e-05 0.00260326 700 10.5581
70 1.98906e-05 0.00259967 800 10.7672
80 9.26452e-05 0.00347371 100 11.4943
80 3.03953e-05 0.0082966 200 11.0497
80 2.52673e-05 0.00452712 300 11.583
80 2.09663e-05 0.00231667 400 11.0497
80 2.3881e-05 0.00197362 500 10.9409
80 1.70317e-05 0.00217707 600 10.8893
80 1.95812e-05 0.00291595 700 10.5581
80 2.06081e-05 0.00278182 800 10.7962
90 6.17633e-05 0.00296809 100 11.4943
90 3.31169e-05 0.00798214 200 11.236
90 2.23759e-05 0.0040451 300 11.5385
90 2.30646e-05 0.00168652 400 11.0497
90 1.77939e-05 0.000987263 500 10.917
90 1.35932e-05 0.00092099 600 10.8499
90 1.84422e-05 0.00124201 700 10.5581
90 1.86933e-05 0.00124986 800 10.8254
100 5.43728e-05 0.00550016 100 11.236
100 4.97953e-05 0.0087066 200 11.4286
100 1.67572e-05 0.00406738 300 11.4504
100 2.3449e-05 0.00185366 400 11.0193
100 1.88859e-05 0.00117775 500 10.917
100 1.56115e-05 0.000721587 600 10.772
100 1.87562e-05 0.000486684 700 10.5581
100 1.77948e-05 0.000470039 800 10.8548
110 2.84715e-05 0.00486516 100 10.8696
110 3.85248e-05 0.00715524 200 11.5607
110 1.41891e-05 0.00435635 300 11.4068
110 1.65585e-05 0.00247814 400 11.0193
110 1.65152e-05 0.00228132 500 10.917
110 1.43747e-05 0.00207589 600 10.6952
110 1.60284e-05 0.00192472 700 10.574
110 1.72958e-05 0.00173096 800 10.8548
120 8.00843e-05 0.00998658 100 10.4167
120 5.55657e-05 0.0081446 200 11.6959
120 2.40313e-05 0.00499728 300 11.2782
120 2.22423e-05 0.00347353 400 11.0193
120 1.52231e-05 0.00300754 500 10.8932
120 1.30969e-05 0.00252762 600 10.6007
120 1.30126e-05 0.00170783 700 10.59
120 1.51363e-05 0.00123421 800 10.8254
130 4.52814e-05 0.00998928 100 10.2041
130 3.75057e-05 0.00728036 200 11.7647
130 1.44665e-05 0.00540044 300 11.1524
130 1.28029e-05 0.0038797 400 10.9589
130 1.57466e-05 0.00369815 500 10.846
130 1.25284e-05 0.00328979 600 10.5263
130 1.5691e-05 0.00290927 700 10.59
130 1.73711e-05 0.00246604 800 10.7962
140 6.25306e-05 0.00975405 100 10.101
140 3.57148e-05 0.00819318 200 11.6959
140 5.39815e-06 0.00635953 300 11.0294
140 8.45728e-06 0.0063412 400 10.929
140 1.29187e-05 0.00632782 500 10.8225
140 1.24488e-05 0.00605999 600 10.453
140 1.58145e-05 0.00537547 700 10.6061
140 1.70682e-05 0.00487333 800 10.7672
150 8.11196e-05 0.0112669 100 10.2041
150 3.43537e-05 0.00856055 200 11.6279
150 6.30368e-06 0.00629539 300 10.9091
150 2.10373e-05 0.00660771 400 10.8401
150 1.51604e-05 0.00675335 500 10.7759
150 1.6678e-05 0.00654845 600 10.3986
150 1.94565e-05 0.00574962 700 10.6383
150 1.91267e-05 0.00557119 800 10.7527
160 8.95037e-05 0.0123978 100 10.3093
160 4.36051e-05 0.00965752 200 11.5607
160 7.9736e-06 0.00760605 300 10.8696
160 2.67444e-05 0.00807831 400 10.7817
160 1.46159e-05 0.00837061 500 10.7527
160 1.91028e-05 0.00800736 600 10.3806
160 1.79068e-05 0.00703726 700 10.6707
160 2.07791e-05 0.00699813 800 10.7527
170 5.39325e-05 0.01255 100 10.6383
170 3.34749e-05 0.00827773 200 11.4943
170 8.61247e-06 0.0061694 300 10.8303
170 2.78899e-05 0.00629435 400 10.7527
170 1.73048e-05 0.00663699 500 10.7296
170 2.2108e-05 0.006368 600 10.3806
170 1.94315e-05 0.00570131 700 10.7034
170 2.21418e-05 0.00612557 800 10.7672
180 4.42158e-05 0.01285 100 10.989
180 2.26407e-05 0.00706512 200 11.4286
180 1.23955e-05 0.00463457 300 10.8696
180 2.45966e-05 0.00477868 400 10.7527
180 1.45505e-05 0.004838 500 10.6838
180 2.06521e-05 0.00471594 600 10.3986
180 2.07631e-05 0.0041817 700 10.7362
180 1.97779e-05 0.00472616 800 10.7672
190 5.52428e-05 0.0115757 100 11.4943
190 1.42357e-05 0.00425824 200 11.4943
190 2.75254e-05 0.00137928 300 10.9091
190 2.68001e-05 0.00162768 400 10.8108
190 2.11715e-05 0.00185863 500 10.6383
190 2.29315e-05 0.00213079 600 10.4348
190 2.30298e-05 0.00218883 700 10.7858
190 2.05356e-05 0.00332658 800 10.7527
200 4.14321e-05 0.00982912 100 12.1951
200 1.33721e-05 0.00484585 200 11.5607
200 1.95313e-05 0.00285208 300 11.0294
200 2.68278e-05 0.00345861 400 10.8696
200 1.92856e-05 0.00359169 500 10.6383
200 2.1654e-05 0.00375604 600 10.5079
200 2.34174e-05 0.00356992 700 10.8192
200 2.35839e-05 0.00452357 800 10.7239
210 4.47518e-05 0.00791503 100 12.8205
210 1.52466e-05 0.00459615 200 11.6959
210 1.84143e-05 0.00329191 300 11.1111
210 3.54217e-05 0.00397554 400 10.929
210 2.0438e-05 0.00403321 500 10.6157
210 2.46169e-05 0.00434087 600 10.5634
210 2.55918e-05 0.00398541 700 10.8527
210 2.74596e-05 0.00493643 800 10.7095
220 2.29024e-05 0.00694661 100 13.3333
220 1.72634e-05 0.00554763 200 11.6959
220 2.1715e-05 0.00497364 300 11.194
220 3.71266e-05 0.00558551 400 10.989
220 2.20324e-05 0.00574726 500 10.5932
220 2.66702e-05 0.00573049 600 10.6195
220 2.6944e-05 0.00529684 700 10.8527
220 2.94371e-05 0.00605917 800 10.6667
230 2.76214e-05 0.00478605 100 13.6986
230 2.69662e-05 0.00354121 200 11.5607
230 2.51095e-05 0.0042663 300 11.194
230 2.8913e-05 0.0049564 400 10.989
230 2.20107e-05 0.00525924 500 10.5485
230 2.5593e-05 0.00512283 600 10.6572
230 2.60254e-05 0.00498879 700 10.8527
230 2.78636e-05 0.0054589 800 10.582
240 3.16443e-05 0.0019742 100 13.5135
240 4.04126e-05 0.00202382 200 11.4286
240 3.39855e-05 0.00334106 300 11.1524
240 2.74049e-05 0.00376077 400 10.9589
240 2.4744e-05 0.00412053 500 10.4603
240 2.76337e-05 0.00415643 600 10.6762
240 2.63044e-05 0.00469395 700 10.8359
240 2.68629e-05 0.00470808 800 10.4987
250 4.70882e-05 0.00232314 100 13.1579
250 3.97433e-05 0.00372259 200 11.1732
250 4.01991e-05 0.00337859 300 10.989
250 2.25087e-05 0.00312351 400 10.8696
250 2.35796e-05 0.00306843 500 10.395
250 2.91045e-05 0.00321237 600 10.6952
250 2.56867e-05 0.00394068 700 10.8192
250 2.55187e-05 0.00330548 800 10.4302
260 3.04932e-05 0.00342156 100 12.5
260 4.35366e-05 0.00469437 200 10.929
260 5.01138e-05 0.00388924 300 10.7914
260 2.20066e-05 0.00357386 400 10.7527
260 2.83037e-05 0.00350589 500 10.3093
260 2.71867e-05 0.00363057 600 10.6762
260 2.69079e-05 0.00469932 700 10.7692
260 2.26492e-05 0.00341268 800 10.3761
270 2.9701e-05 0.00327038 100 11.6279
270 3.4613e-05 0.0042436 200 10.6952
270 4.67214e-05 0.00507975 300 10.6007
270 2.64643e-05 0.00552298 400 10.5263
270 3.21825e-05 0.005689 500 10.2459
270 3.04936e-05 0.00523867 600 10.6572
270 2.67265e-05 0.00648153 700 10.7034
270 2.39212e-05 0.00442501 800 10.3093
280 3.41797e-05 0.00399511 100 10.8696
280 3.36525e-05 0.00455572 200 10.4712
280 4.61509e-05 0.00548333 300 10.453
280 2.81293e-05 0.00573566 400 10.2828
280 3.06027e-05 0.00573589 500 10.1833
280 3.14453e-05 0.00536382 600 10.6007
280 2.93306e-05 0.00666477 700 10.5422
280 2.32097e-05 0.00433713 800 10.2433
290 5.09781e-05 0.00592058 100 10.4167
290 4.01907e-05 0.00617539 200 10.3093
290 5.2464e-05 0.00708685 300 10.3448
290 3.16915e-05 0.00724554 400 10.101
290 3.36599e-05 0.00709852 500 10.1626
290 3.49563e-05 0.00648918 600 10.5263
290 3.03418e-05 0.00763089 700 10.3858
290 2.24011e-05 0.00514066 800 10.1911
300 6.92259e-05 0.0037207 100 9.90099
300 4.72778e-05 0.0049824 200 10.2041
300 4.20353e-05 0.00541136 300 10.274
300 2.68833e-05 0.00558416 400 9.95025
300 3.24187e-05 0.00538934 500 10.1626
300 3.09463e-05 0.00532053 600 10.4712
300 3.20877e-05 0.00599864 700 10.2489
300 2.17e-05 0.00378663 800 10.1394
310 8.42907e-05 0.00425583 100 9.70874
310 5.91005e-05 0.00449513 200 10.1523
310 3.44885e-05 0.00461532 300 10.2389
310 2.95755e-05 0.0045984 400 9.87654
310 3.20191e-05 0.00428333 500 10.2041
310 3.15399e-05 0.00485557 600 10.453
310 3.19205e-05 0.00497865 700 10.1597
310 2.29677e-05 0.00304696 800 10.0503
320 9.12188e-05 0.00468231 100 9.61539
320 6.06436e-05 0.00411848 200 10.101
320 3.13922e-05 0.00450593 300 10.2389
320 2.85239e-05 0.00410585 400 9.82801
320 3.15842e-05 0.00365926 500 10.2459
320 2.90931e-05 0.00442557 600 10.453
320 2.85743e-05 0.00398419 700 10.1156
320 2.3081e-05 0.00217046 800 9.96264
330 7.14295e-05 0.00545479 100 9.52381
330 6.31003e-05 0.00383105 200 10.0503
330 2.21976e-05 0.00435742 300 10.2389
330 2.74592e-05 0.00332726 400 9.85222
330 2.72916e-05 0.00284733 500 10.3093
330 2.74774e-05 0.00365749 600 10.4895
330 2.58378e-05 0.00274412 700 10.1156
330 2.04993e-05 0.00099331 800 9.92556
340 7.38905e-05 0.00511895 100 9.61539
340 5.91005e-05 0.00377297 200 10
340 2.43598e-05 0.00433974 300 10.2389
340 3.07125e-05 0.00350565 400 9.85222
340 2.90027e-05 0.00325568 500 10.3734
340 2.88875e-05 0.00444703 600 10.5079
340 2.48098e-05 0.00296937 700 10.1156
340 2.08775e-05 0.000999814 800 9.91326
350 6.65928e-05 0.00454323 100 9.70874
350 5.50268e-05 0.00415645 200 10.0503
350 2.32469e-05 0.00481175 300 10.2041
350 2.98013e-05 0.00415645 400 9.90099
350 3.02107e-05 0.00367996 500 10.4384
350 2.73324e-05 0.00483218 600 10.5263
350 2.39617e-05 0.00302758 700 10.1302
350 1.91948e-05 0.00126827 800 9.92556
360 7.3729e-05 0.00452655 100 9.80392
360 5.87972e-05 0.00459196 200 10.101
360 2.8238e-05 0.00494364 300 10.1351
360 3.23201e-05 0.00459226 400 9.95025
360 3.05247e-05 0.0040799 500 10.4822
360 2.91613e-05 0.00536304 600 10.5079
360 2.3727e-05 0.00317605 700 10.1302
360 1.74353e-05 0.00139557 800 9.93789
370 4.70882e-05 0.00405803 100 9.90099
370 5.16174e-05 0.00495252 200 10.1523
370 2.72837e-05 0.00524075 300 10.0334
370 3.49985e-05 0.00482343 400 10
370 3.05871e-05 0.00407789 500 10.5263
370 2.88645e-05 0.00524173 600 10.453
370 2.18257e-05 0.00296974 700 10.1302
370 1.58927e-05 0.00160022 800 9.95025
380 2.53718e-05 0.00427176 100 10
380 6.22922e-05 0.00618454 200 10.2041
380 2.52673e-05 0.00615881 300 9.96678
380 3.19257e-05 0.00549448 400 10.0503
380 3.20935e-05 0.00434821 500 10.5263
380 3.10532e-05 0.00527951 600 10.3806
380 2.03608e-05 0.00305427 700 10.1449
380 1.50128e-05 0.00207855 800 9.96264
390 3.23889e-05 0.0054706 100 10.2041
390 5.97026e-05 0.00704021 200 10.3093
390 2.76214e-05 0.00696933 300 9.93377
390 3.10742e-05 0.00590197 400 10.101
390 3.18249e-05 0.00466101 500 10.5263
390 3.41609e-05 0.00537717 600 10.3448
390 1.93185e-05 0.00316885 700 10.1449
390 1.1386e-05 0.00229028 800 9.97506
400 2.53718e-05 0.00757871 100 10.3093
400 4.91326e-05 0.00852931 200 10.3627
400 2.58375e-05 0.00829037 300 9.90099
400 3.07125e-05 0.00649746 400 10.2041
400 3.00048e-05 0.00526392 500 10.5485
400 3.0537e-05 0.00551739 600 10.274
400 1.65217e-05 0.00346593 700 10.1449
400 1.05716e-05 0.00291949 800 10
410 2.9701e-05 0.00933218 100 10.4167
410 4.07065e-05 0.00918475 200 10.4712
410 2.99232e-05 0.0084932 300 9.90099
410 3.10742e-05 0.00648073 400 10.2828
410 2.91339e-05 0.00556859 500 10.5708
410 2.88186e-05 0.00519422 600 10.2215
410 1.66975e-05 0.00354548 700 10.101
410 1.10708e-05 0.00308575 800 10.0251
420 5.48095e-05 0.0100778 100 10.5263
420 3.57148e-05 0.00986347 200 10.4712
420 3.32766e-05 0.00870441 300 9.86842
420 2.84978e-05 0.00654663 400 10.3627
420 2.97173e-05 0.00592751 500 10.6157
420 2.7211e-05 0.00509043 600 10.1868
420 1.75915e-05 0.00367151 700 10.0143
420 1.33164e-05 0.00322876 800 10.0629
430 8.5554e-05 0.00974152 100 10.4167
430 3.32964e-05 0.00993856 200 10.5263
430 3.43731e-05 0.00854334 300 9.86842
430 3.07609e-05 0.00621682 400 10.4439
430 3.03209e-05 0.00610132 500 10.6383
430 2.61308e-05 0.0047813 600 10.1868
430 1.67557e-05 0.00350234 700 9.97151
430 9.80372e-06 0.00322549 800 10.0883
440 0.000100781 0.00970123 100 10.3093
440 3.33858e-05 0.0104654 200 10.5263
440 3.69364e-05 0.00848434 300 9.90099
440 3.13131e-05 0.00631323 400 10.5263
440 3.07271e-05 0.00662091 500 10.6838
440 2.15928e-05 0.0048563 600 10.1868
440 1.83098e-05 0.00367415 700 9.94318
440 1.40249e-05 0.00333345 800 10.1266
450 9.77786e-05 0.0104856 100 10.3093
450 4.16474e-05 0.0110684 200 10.4167
450 4.31241e-05 0.00908119 300 9.93377
450 3.75258e-05 0.00669129 400 10.582
450 3.16144e-05 0.00742851 500 10.6838
450 2.43328e-05 0.00522299 600 10.1868
450 1.81631e-05 0.00396967 700 9.94318
450 1.30193e-05 0.00368644 800 10.1523
460 0.000100662 0.0104832 100 10.3093
460 3.43537e-05 0.0101856 200 10.2564
460 3.97351e-05 0.00830926 300 9.93377
460 3.52319e-05 0.00619831 400 10.6383
460 2.88047e-05 0.00708501 500 10.6383
460 2.062e-05 0.00471098 600 10.1695
460 1.6448e-05 0.00382187 700 9.94318
460 1.21765e-05 0.00365792 800 10.1781
470 0.00010137 0.01033 100 10.3093
470 3.49557e-05 0.00979766 200 10.0503
470 3.86879e-05 0.00773484 300 9.96678
470 3.63969e-05 0.00593966 400 10.6383
470 2.7725e-05 0.0068234 500 10.5263
470 2.14234e-05 0.00448244 600 10.1523
470 1.5582e-05 0.00366207 700 9.92908
470 1.69587e-05 0.00385566 800 10.2041
480 8.89694e-05 0.0100264 100 10.3093
480 3.63762e-05 0.0090802 200 9.85222
480 4.47521e-05 0.00713165 300 10
480 3.81168e-05 0.00537429 400 10.6101
480 3.45823e-05 0.00631918 500 10.4167
480 2.00666e-05 0.00395216 600 10.1351
480 1.16095e-05 0.00353392 700 9.92908
480 1.5834e-05 0.00407047 800 10.2433
490 0.000104154 0.00902092 100 10.2041
490 3.65397e-05 0.00817994 200 9.70874
490 3.78923e-05 0.00608653 300 10.0671
490 3.49132e-05 0.00453837 400 10.582
490 3.52109e-05 0.00510259 500 10.3093
490 1.6895e-05 0.00332929 600 10.101
490 9.35856e-06 0.00365649 700 9.92908
490 1.68153e-05 0.00458493 800 10.2696
500 6.87074e-05 0.00797079 100 10.3093
500 3.90626e-05 0.00704788 200 9.61539
500 3.33561e-05 0.00454158 300 10.1351
500 2.88873e-05 0.00367881 400 10.582
500 2.80668e-05 0.00372224 500 10.1833
500 1.38586e-05 0.00322674 600 10.0503
500 6.94049e-06 0.00419706 700 9.94318
500 1.12378e-05 0.00508607 800 10.3093
510 6.07906e-05 0.00838905 100 10.3093
510 3.8833e-05 0.00682223 200 9.52381
510 2.41413e-05 0.00441213 300 10.2041
510 2.66607e-05 0.00384294 400 10.582
510 2.42378e-05 0.00359466 500 10.101
510 1.25548e-05 0.00379548 600 9.95025
510 7.28259e-06 0.00441385 700 9.97151
510 1.31899e-05 0.00521491 800 10.3359
520 7.17626e-05 0.0065363 100 10.4167
520 3.4613e-05 0.00460382 200 9.52381
520 2.18972e-05 0.00307082 300 10.3448
520 2.17683e-05 0.00293267 400 10.6383
520 2.14845e-05 0.00284696 500 10.101
520 1.06419e-05 0.00409006 600 9.88468
520 5.49248e-06 0.00454554 700 10
520 1.22071e-05 0.0051371 800 10.3896
530 6.87074e-05 0.00643203 100 10.5263
530 3.04932e-05 0.00389499 200 9.56938
530 2.26114e-05 0.00279138 300 10.453
530 2.17683e-05 0.00276864 400 10.6952
530 1.63411e-05 0.00284548 500 10.1215
530 8.53524e-06 0.0043627 600 9.85222
530 8.59992e-06 0.00459174 700 10.043
530 1.27738e-05 0.00505071 800 10.4439
540 6.65928e-05 0.00483543 100 10.5263
540 3.05908e-05 0.00263853 200 9.66184
540 1.95313e-05 0.00220606 300 10.5634
540 2.04991e-05 0.00215098 400 10.7527
540 1.59572e-05 0.00252765 500 10.1215
540 8.91477e-06 0.00432548 600 9.85222
540 9.20126e-06 0.0044193 700 10.0865
540 1.26271e-05 0.00470058 800 10.4849
550 5.96024e-05 0.00349995 100 10.3093
550 2.76214e-05 0.00227227 200 9.70874
550 2.30178e-05 0.00220793 300 10.6762
550 1.88321e-05 0.00189554 400 10.7527
550 1.28447e-05 0.00243175 500 10.1215
550 8.41804e-06 0.00424573 600 9.86842
550 1.16304e-05 0.00420353 700 10.1302
550 1.4712e-05 0.00436138 800 10.5263
560 5.14437e-05 0.00363311 100 9.80392
560 2.44141e-05 0.00255894 200 9.70874
560 2.18366e-05 0.00253813 300 10.7143
560 2.05355e-05 0.00223859 400 10.6383
560 1.3029e-05 0.00263471 500 10.101
560 9.0986e-06 0.00434864 600 9.85222
560 1.31798e-05 0.0041607 700 10.1597
560 1.61254e-05 0.00428578 800 10.5541
570 4.90717e-05 0.00298285 100 9.52381
570 2.48976e-05 0.00293541 200 9.7561
570 2.45224e-05 0.00272017 300 10.6762
570 2.44751e-05 0.00229665 400 10.4987
570 1.42859e-05 0.00298965 500 10.0806
570 1.02617e-05 0.00431437 600 9.85222
570 1.37755e-05 0.00451103 700 10.1892
570 1.73066e-05 0.00441563 800 10.596
580 8.11196e-05 0.00074991 100 9.25926
580 2.81557e-05 0.00270461 200 9.85222
580 1.77551e-05 0.00335899 300 10.6762
580 2.51951e-05 0.00286631 400 10.3627
580 1.65441e-05 0.00365801 500 10.0604
580 1.21527e-05 0.00465667 600 9.85222
580 1.68137e-05 0.00480524 700 10.2339
580 1.87331e-05 0.00391835 800 10.6242
590 6.93979e-05 0.00136367 100 9.00901
590 2.77291e-05 0.00136055 200 9.95025
590 2.36424e-05 0.00110652 300 10.6383
590 3.11461e-05 0.000623491 400 10.2041
590 1.99659e-05 0.00172137 500 10.02
590 1.63167e-05 0.00320081 600 9.85222
590 1.89626e-05 0.00375826 700 10.2639
590 1.95314e-05 0.00278342 800 10.6525
600 2.39208e-05 0.00280186 100 8.84956
600 2.70765e-05 0.00229596 200 10.0503
600 2.43598e-05 0.00194351 300 10.6007
600 2.9525e-05 0.00218301 400 10.0756
600 1.8374e-05 0.00279297 500 9.92064
600 1.59057e-05 0.00377178 600 9.86842
600 2.05511e-05 0.00449354 700 10.2941
600 2.20913e-05 0.00372715 800 10.6952
610 3.16443e-05 0.00272994 100 8.69565
610 4.00421e-05 0.00197888 200 10.1523
610 3.1223e-05 0.00242666 300 10.6383
610 2.9951e-05 0.00245252 400 10
610 2.2054e-05 0.00300258 500 9.80392
610 1.6777e-05 0.00362677 600 9.90099
610 2.2571e-05 0.00458747 700 10.3397
610 2.2862e-05 0.00378979 800 10.7239
620 5.32653e-05 0.00265057 100 8.69565
620 4.56094e-05 0.00289753 200 10.3093
620 3.70796e-05 0.00415663 300 10.6762
620 3.21119e-05 0.0035153 400 10
620 2.24398e-05 0.00383443 500 9.72763
620 2.07162e-05 0.00396297 600 9.93377
620 2.13524e-05 0.00496559 700 10.3858
620 2.7344e-05 0.00431477 800 10.7672
630 5.52428e-05 0.00232216 100 8.77193
630 3.69453e-05 0.00251364 200 10.4712
630 3.32766e-05 0.00368631 300 10.7527
630 2.6911e-05 0.00298544 400 10
630 2.12614e-05 0.00393923 500 9.70874
630 1.95144e-05 0.00399562 600 9.98336
630 2.22343e-05 0.00488438 700 10.4478
630 2.45666e-05 0.00414563 800 10.8108
640 5.67332e-05 0.00244595 100 8.92857
640 4.2216e-05 0.00240521 200 10.6383
640 3.15605e-05 0.00395032 300 10.8303
640 2.53426e-05 0.00315949 400 10.0251
640 1.88606e-05 0.00427857 500 9.72763
640 1.82699e-05 0.00434234 600 10.0334
640 2.28601e-05 0.00508975 700 10.4948
640 2.22258e-05 0.00428573 800 10.8696
650 5.65227e-05 0.00440062 100 9.17431
650 4.08527e-05 0.00351824 200 10.8696
650 3.04498e-05 0.00478633 300 10.8696
650 2.22423e-05 0.00376592 400 10.0756
650 1.91865e-05 0.00473625 500 9.76562
650 1.77552e-05 0.00474185 600 10.101
650 2.2571e-05 0.00535161 700 10.574
650 2.43533e-05 0.00470665 800 10.929
660 6.87074e-05 0.00539716 100 9.43396
660 4.05598e-05 0.00480963 200 11.1111
660 2.90244e-05 0.00581422 300 10.8696
660 2.12837e-05 0.0049179 400 10.1266
660 1.84258e-05 0.00586561 500 9.82318
660 2.02636e-05 0.00561765 600 10.1868
660 2.31247e-05 0.00625926 700 10.6383
660 2.34493e-05 0.00570763 800 11.0041
670 6.25306e-05 0.00589939 100 9.80392
670 4.08527e-05 0.00506098 200 11.2994
670 3.67927e-05 0.00572038 300 10.8303
670 2.10727e-05 0.00499525 400 10.1781
670 1.5686e-05 0.00565465 500 9.88142
670 2.46438e-05 0.00580168 600 10.2564
670 2.36552e-05 0.00628679 700 10.7198
670 2.5577e-05 0.00575695 800 11.065
680 8.58323e-05 0.00669025 100 10.101
680 5.2985e-05 0.00615261 200 11.3636
680 3.8482e-05 0.00670495 300 10.7914
680 2.11433e-05 0.00538669 400 10.2302
680 1.99421e-05 0.0058528 500 9.92064
680 2.42919e-05 0.00613899 600 10.3448
680 2.54774e-05 0.00653808 700 10.7858
680 2.55552e-05 0.00612585 800 11.1421
690 5.05083e-05 0.00492882 100 10.5263
690 3.89862e-05 0.0043745 200 11.4943
690 4.14323e-05 0.00470498 300 10.7143
690 2.06801e-05 0.0037883 400 10.2564
690 1.4681e-05 0.00486 500 9.96016
690 2.29604e-05 0.00550084 600 10.4167
690 2.50343e-05 0.00540037 700 10.8527
690 2.29758e-05 0.00496365 800 11.2045
700 5.56727e-05 0.00504827 100 10.8696
700 4.10709e-05 0.00502668 200 11.5607
700 3.85164e-05 0.00492797 300 10.6007
700 2.42304e-05 0.00403999 400 10.2828
700 2.47247e-05 0.00458391 500 10.02
700 2.99457e-05 0.00529728 600 10.4895
700 2.83349e-05 0.0053868 700 10.9204
700 2.58235e-05 0.00549984 800 11.2676
710 5.43728e-05 0.00403133 100 11.3636
710 4.1288e-05 0.00408132 200 11.6959
710 3.65035e-05 0.00430898 300 10.5263
710 2.1108e-05 0.00393163 400 10.2302
710 2.17272e-05 0.00466654 500 10.0806
710 2.63202e-05 0.00551487 600 10.5634
710 2.86423e-05 0.0050915 700 10.989
710 2.54236e-05 0.00510775 800 11.3314
720 4.08526e-05 0.00332907 100 11.7647
720 3.24809e-05 0.00327464 200 11.8343
720 3.23071e-05 0.00370951 300 10.4895
720 2.61813e-05 0.00415082 400 10.1266
720 2.31922e-05 0.00469046 500 10.1215
720 2.60801e-05 0.00554519 600 10.6195
720 2.88033e-05 0.00483182 700 11.041
720 2.47479e-05 0.0047967 800 11.396
730 4.63225e-05 0.00185446 100 12.1951
730 3.25725e-05 0.00256372 200 11.9048
730 3.2225e-05 0.00272113 300 10.453
730 2.38897e-05 0.00408275 400 10
730 2.60581e-05 0.00422768 500 10.1833
730 2.54503e-05 0.00501606 600 10.6952
730 2.42042e-05 0.00420287 700 11.0935
730 2.54529e-05 0.00416618 800 11.4449
740 3.78221e-05 0.00236935 100 12.6582
740 2.52541e-05 0.00281513 200 11.976
740 2.26699e-05 0.00307802 300 10.4167
740 2.35442e-05 0.00469997 400 9.95025
740 2.46861e-05 0.00427679 500 10.2249
740 2.96344e-05 0.00499442 600 10.7335
740 2.82575e-05 0.00423781 700 11.1465
740 2.72074e-05 0.0044847 800 11.4943
750 4.63225e-05 0.00131012 100 12.987
750 2.9195e-05 0.00225486 200 11.976
750 2.77172e-05 0.0027504 300 10.4167
750 2.27065e-05 0.00473194 400 9.92556
750 2.64757e-05 0.00431948 500 10.2669
750 2.69911e-05 0.00486154 600 10.7914
750 2.83778e-05 0.00393288 700 11.1821
750 2.40067e-05 0.00411146 800 11.544
760 2.44141e-05 0.00160046 100 13.1579
760 2.11432e-05 0.00213108 200 11.8343
760 1.6438e-05 0.00292126 300 10.3448
760 2.21752e-05 0.00491013 400 9.90099
760 2.62405e-05 0.0042127 500 10.2881
760 2.95897e-05 0.0048487 600 10.8303
760 3.06052e-05 0.00446031 700 11.2179
760 2.70495e-05 0.00500318 800 11.5774
770 3.38291e-05 0.00203732 100 12.987
770 3.56312e-05 0.00185931 200 11.3636
770 2.21976e-05 0.00290435 300 10.274
770 1.82699e-05 0.00468222 400 9.85222
770 2.76216e-05 0.00455432 500 10.3306
770 2.80263e-05 0.00475561 600 10.8499
770 3.08033e-05 0.00413965 700 11.254
770 2.69736e-05 0.00458274 800 11.611
780 3.23889e-05 0.00309723 100 12.6582
780 4.57399e-05 0.00263486 200 10.929
780 2.49508e-05 0.00327847 300 10.1695
780 2.28373e-05 0.00482208 400 9.82801
780 2.98134e-05 0.00519734 500 10.352
780 2.97014e-05 0.00477182 600 10.8696
780 2.93306e-05 0.00428981 700 11.2721
780 2.64788e-05 0.00493058 800 11.6279
790 2.76214e-05 0.00382406 100 12.0482
790 3.67025e-05 0.00388808 200 10.4167
790 2.07799e-05 0.00400473 300 10.0334
790 2.56349e-05 0.00545681 400 9.77995
790 3.01e-05 0.00595273 500 10.3734
790 3.07962e-05 0.00541174 600 10.8893
790 2.99625e-05 0.00540766 700 11.2903
790 2.79704e-05 0.00624588 800 11.6448
800 3.48703e-05 0.00272068 100 11.7647
800 3.61296e-05 0.00425591 200 9.95025
800 2.29025e-05 0.00496854 300 9.74026
800 2.6911e-05 0.00554852 400 9.7561
800 3.27261e-05 0.00613817 500 10.3734
800 3.4604e-05 0.00531217 600 10.8893
800 3.09295e-05 0.00551063 700 11.3086
800 2.82223e-05 0.00642322 800 11.611
810 2.92969e-05 0.00500934 100 11.3636
810 2.14233e-05 0.0058912 200 9.66184
810 2.46839e-05 0.00675798 300 9.40439
810 3.43539e-05 0.00597773 400 9.73236
810 3.3518e-05 0.00664119 500 10.395
810 3.30373e-05 0.00609216 600 10.8893
810 3.44146e-05 0.006652 700 11.3086
810 2.95571e-05 0.00785386 800 11.5108
820 4.65791e-05 0.00520408 100 11.1111
820 1.00662e-05 0.00570723 200 9.47867
820 2.38654e-05 0.00754678 300 9.20245
820 3.10022e-05 0.00632512 400 9.70874
820 3.31172e-05 0.00703329 500 10.395
820 3.74091e-05 0.00618363 600 10.9091
820 3.17906e-05 0.00651271 700 11.3269
820 2.90934e-05 0.00708757 800 11.2676
830 1.82698e-05 0.00474933 100 10.7527
830 1.79406e-05 0.00501101 200 9.34579
830 2.59398e-05 0.0069481 300 9.11854
830 3.35196e-05 0.00580424 400 9.73236
830 3.57885e-05 0.00657075 500 10.4167
830 3.89785e-05 0.00614461 600 10.9091
830 3.40664e-05 0.00682943 700 11.3452
830 2.98955e-05 0.00700994 800 11.1111
840 5.07437e-05 0.00342932 100 10.2041
840 2.41687e-05 0.00422009 200 9.25926
840 3.18114e-05 0.00626471 300 9.09091
840 3.45917e-05 0.00503261 400 9.7561
840 3.76204e-05 0.00562661 500 10.4384
840 3.95185e-05 0.00557611 600 10.9489
840 3.39591e-05 0.0065298 700 11.3821
840 2.98019e-05 0.0062133 800 11.0345
850 4.80902e-05 0.00408573 100 9.70874
850 3.70258e-05 0.00394261 200 9.21659
850 3.71153e-05 0.00514075 300 9.09091
850 4.46022e-05 0.00466688 400 9.80392
850 4.00159e-05 0.00521658 500 10.5042
850 4.08779e-05 0.0056907 600 11.0092
850 3.52321e-05 0.0069326 700 11.4192
850 2.76084e-05 0.00616226 800 10.9739
860 5.81855e-05 0.0047894 100 9.43396
860 4.24272e-05 0.00368591 200 9.21659
860 3.81014e-05 0.00483398 300 9.11854
860 4.05785e-05 0.00477208 400 9.90099
860 3.97169e-05 0.00467415 500 10.5708
860 3.88253e-05 0.00525097 600 11.0701
860 3.47523e-05 0.00655821 700 11.4943
870 6.01994e-05 0.00501294 100 9.00901
870 4.2216e-05 0.00390076 200 9.17431
870 4.0232e-05 0.00507396 300 9.14634
870 3.62328e-05 0.00520597 400 9.97506
870 3.93065e-05 0.00467731 500 10.6383
870 3.78667e-05 0.00534954 600 11.1317
870 3.42374e-05 0.00664969 700 11.5321
880 6.65928e-05 0.00607706 100 8.62069
880 3.24809e-05 0.00621273 200 9.00901
880 3.31969e-05 0.00660937 300 9.17431
880 3.35862e-05 0.00655248 400 10.0251
880 3.82489e-05 0.00513863 500 10.6838
880 3.6667e-05 0.00537098 600 11.194
880 3.26142e-05 0.00637282 700 11.5702
890 5.45916e-05 0.00733848 100 8.40336
890 3.86021e-05 0.00702985 200 8.73362
890 4.21298e-05 0.00608605 300 9.20245
890 4.1594e-05 0.00653505 400 10.101
890 4.25009e-05 0.00558151 500 10.7296
890 4.07887e-05 0.00643769 600 11.236
890 3.5562e-05 0.00779993 700 11.5702
900 5.9201e-05 0.00749284 100 8.26446
900 4.49512e-05 0.00742266 200 8.51064
900 4.77034e-05 0.00545687 300 9.25926
900 4.13785e-05 0.00610381 400 10.1523
900 4.52718e-05 0.00562212 500 10.7759
900 4.19415e-05 0.0067779 600 11.2782
900 3.50382e-05 0.00812015 700 11.4192
910 4.47518e-05 0.00907478 100 8.13008
910 3.48703e-05 0.00942461 200 8.40336
910 4.47521e-05 0.00644552 300 9.28793
910 4.49682e-05 0.00691355 400 10.2041
910 4.59098e-05 0.0062733 500 10.8225
910 4.10315e-05 0.00721796 600 11.3208
910 3.60378e-05 0.00788775 700 11.2179
920 2.80496e-05 0.00930049 100 8.13008
920 4.44847e-05 0.0105542 200 8.40336
920 4.7229e-05 0.00813597 300 9.34579
920 4.67075e-05 0.00898109 400 10.2564
920 4.82299e-05 0.00857591 500 10.8932
920 4.1497e-05 0.00929855 600 11.4068
920 3.67001e-05 0.00943309 700 11.1288
930 3.78221e-05 0.00928622 100 8.26446
930 4.83376e-05 0.0107734 200 8.47458
930 4.918e-05 0.00841326 300 9.46372
930 4.84305e-05 0.00926601 400 10.3896
930 5.19983e-05 0.00910253 500 10.989
930 4.16643e-05 0.0099956 600 11.4943
930 3.72985e-05 0.00956089 700 11.1288
940 2.76214e-05 0.011309 100 8.40336
940 4.2777e-05 0.0124243 200 8.58369
940 4.59207e-05 0.0105239 300 9.61539
940 4.56425e-05 0.0108177 400 10.5263
940 4.58475e-05 0.0100565 500 11.1111
940 4.02081e-05 0.0105282 600 11.6054
940 3.6031e-05 0.00949667 700 11.1465
950 6.07906e-05 0.00742405 100 8.62069
950 6.42238e-05 0.00902663 200 8.73362
950 5.58158e-05 0.00861604 300 9.77199
950 5.43464e-05 0.0100916 400 10.6667
950 5.37214e-05 0.0108852 500 11.236
950 4.70404e-05 0.0120451 600 11.7188
950 3.65473e-05 0.0106785 700 11.1465
960 9.00349e-05 0.00651987 100 8.84956
960 7.3891e-05 0.00810779 200 8.84956
960 6.83218e-05 0.00891165 300 9.93377
960 5.93783e-05 0.0107418 400 10.7817
960 5.71121e-05 0.0122023 500 11.3636
960 4.99497e-05 0.0136249 600 11.8343
960 3.8663e-05 0.0117326 700 11.1465
970 9.23875e-05 0.00662582 100 9.00901
970 7.54477e-05 0.00853266 200 8.96861
970 6.38728e-05 0.0095901 300 10.101
970 6.1183e-05 0.0112219 400 10.929
970 5.57429e-05 0.0127186 500 11.4943
970 4.89653e-05 0.0140668 600 11.9522
980 8.06775e-05 0.00665564 100 9.25926
980 7.24244e-05 0.00865909 200 9.17431
980 6.14416e-05 0.00971863 300 10.274
980 5.81611e-05 0.0109486 400 11.0803
980 5.39164e-05 0.0122265 500 11.6279
980 4.82774e-05 0.0135316 600 12.0724
990 5.6943e-05 0.00822285 100 9.34579
990 6.95699e-05 0.0103793 200 9.34579
990 5.7083e-05 0.0113011 300 10.453
990 5.8506e-05 0.0117949 400 11.236
990 5.15099e-05 0.0127419 500 11.7925
990 4.6857e-05 0.0139272 600 12.1951
1000 6.17633e-05 0.00884741 100 9.17431
1000 6.52367e-05 0.0097533 200 9.52381
1000 6.11607e-05 0.0110074 300 10.6383
1000 5.93532e-05 0.0113068 400 11.396
1000 5.23e-05 0.0124199 500 11.9048
1000 4.62094e-05 0.0136427 600 12.2699
1010 5.96024e-05 0.0103053 100 8.92857
1010 6.25786e-05 0.0094049 200 9.66184
1010 5.58633e-05 0.0108256 300 10.7914
1010 6.19936e-05 0.0107299 400 11.5274
1010 5.12779e-05 0.0118871 500 12.0482
1010 4.41871e-05 0.0132288 600 12.2951
1020 5.67332e-05 0.012327 100 8.69565
1020 6.27213e-05 0.00969284 200 9.7561
1020 5.19055e-05 0.0109559 300 10.9489
1020 5.50817e-05 0.0105254 400 11.6279
1020 4.98538e-05 0.0113599 500 12.1359
1020 4.10799e-05 0.0126124 600 12.1704
1030 6.36642e-05 0.0136155 100 8.62069
1030 5.99019e-05 0.00946594 200 9.90099
1030 5.46649e-05 0.0106489 300 11.0701
1030 5.00645e-05 0.00979152 400 11.7302
1030 4.71196e-05 0.0104362 500 12.2249
1030 3.94346e-05 0.0109185 600 11.9522
1040 6.30999e-05 0.014385 100 8.62069
1040 6.16187e-05 0.0102176 200 10
1040 5.33403e-05 0.0112653 300 11.194
1040 5.63258e-05 0.0103784 400 11.8343
1040 4.7693e-05 0.01104 500 12.3457
1040 4.08698e-05 0.0110557 600 11.8343
1050 6.76584e-05 0.0150065 100 8.62069
1050 5.91005e-05 0.0103381 200 10.1523
1050 5.47617e-05 0.0112152 300 11.3208
1050 5.81867e-05 0.0104329 400 11.9403
1050 4.57329e-05 0.0111068 500 12.4378
1050 4.02821e-05 0.0104345 600 11.7647
1060 7.58018e-05 0.0140361 100 8.69565
1060 6.26262e-05 0.0111057 200 10.3093
1060 5.39821e-05 0.0116066 300 11.4504
1060 5.5754e-05 0.010919 400 12.0482
1060 4.822e-05 0.0115417 500 12.5313
1060 3.92832e-05 0.0101933 600 11.7188
1070 7.93365e-05 0.0133072 100 8.77193
1070 6.05453e-05 0.011824 200 10.4712
1070 5.7083e-05 0.011679 300 11.583
1070 5.48649e-05 0.0111548 400 12.1581
1070 4.78427e-05 0.0119294 500 12.6263
1070 3.56225e-05 0.0100264 600 11.6279
1080 8.25761e-05 0.0155809 100 8.84956
1080 6.4594e-05 0.0145782 200 10.6952
1080 5.873e-05 0.013583 300 11.7188
1080 5.12995e-05 0.0128507 400 12.3077
1080 4.61585e-05 0.0134555 500 12.7551
1090 7.56444e-05 0.015353 100 9.00901
1090 6.52367e-05 0.0143459 200 10.8696
1090 5.75222e-05 0.0126791 300 11.9048
1090 5.05386e-05 0.0122081 400 12.4611
1090 4.59098e-05 0.0129878 500 12.8535
1100 7.68948e-05 0.0144007 100 9.34579
1100 6.37581e-05 0.0138464 200 11.1732
1100 6.0068e-05 0.0122555 300 12.0968
1100 5.16613e-05 0.0120694 400 12.6582
1100 4.45604e-05 0.0128188 500 12.987
1110 7.4373e-05 0.0135485 100 9.80392
1110 6.11818e-05 0.0138421 200 11.5607
1110 6.18498e-05 0.0121932 300 12.3967
1110 5.22351e-05 0.0121527 400 12.8617
1110 4.39787e-05 0.0130476 500 13.1579
1120 7.3729e-05 0.0110545 100 10.3093
1120 6.36645e-05 0.0123904 200 11.976
1120 6.52881e-05 0.0109759 300 12.6582
1120 5.20779e-05 0.0114428 400 13.1148
1120 4.33012e-05 0.0125409 500 13.2626
1130 7.22592e-05 0.0104674 100 10.8696
1130 5.89491e-05 0.0124125 200 12.3457
1130 5.95364e-05 0.0110345 300 12.931
1130 5.08619e-05 0.0114106 400 13.3333
1130 4.30361e-05 0.0125106 500 13.2626
1140 7.2094e-05 0.00810154 100 11.236
1140 5.21344e-05 0.0105776 200 12.6582
1140 5.38347e-05 0.00921449 300 13.1579
1140 4.89813e-05 0.00974777 400 13.5593
1140 4.42382e-05 0.0106729 500 13.0548
1150 6.47779e-05 0.00694903 100 11.6279
1150 5.62587e-05 0.00975091 200 12.9032
1150 5.64764e-05 0.00835959 300 13.3333
1150 4.87525e-05 0.00889863 400 13.6986
1150 4.04191e-05 0.00917213 500 12.8205
1160 5.3041e-05 0.00689661 100 11.9048
1160 5.19052e-05 0.00914809 200 13.1579
1160 5.42269e-05 0.00750472 300 13.5135
1160 4.59516e-05 0.00790612 400 13.8408
1160 3.84107e-05 0.00769489 500 12.6904
1170 4.73407e-05 0.00747331 100 12.3457
1170 4.91932e-05 0.00906587 200 13.3333
1170 4.762e-05 0.00698741 300 13.6986
1170 4.18797e-05 0.00751966 400 13.986
1170 3.7366e-05 0.00656367 500 12.5945
1180 7.78194e-05 0.0102434 100 12.6582
1180 4.91932e-05 0.00923506 200 13.6054
1180 4.77311e-05 0.00703374 300 13.8249
1180 3.99307e-05 0.0073508 400 14.0845
1180 3.18548e-05 0.00595075 500 12.4688
1190 6.88807e-05 0.0127171 100 13.1579
1190 5.38221e-05 0.00989004 200 13.7931
1190 4.46632e-05 0.00797518 300 14.0187
1190 4.06335e-05 0.00835638 400 14.2349
1200 6.55099e-05 0.0141989 100 13.5135
1200 5.27595e-05 0.0101174 200 13.986
1200 4.28777e-05 0.00870625 300 14.1509
1200 3.84864e-05 0.00933982 400 14.2857
1210 6.5145e-05 0.0150225 100 13.6986
1210 5.97525e-05 0.0103011 200 14.0845
1210 4.54569e-05 0.0091821 300 14.2857
1210 3.81754e-05 0.0100026 400 14.2857
1220 4.05597e-05 0.0151913 100 13.8889
1220 4.18615e-05 0.00975191 200 14.1844
1220 4.38249e-05 0.00837334 300 14.3541
1220 3.74463e-05 0.0093511 400 13.986
1230 4.97952e-05 0.0145938 100 14.0845
1230 5.57264e-05 0.00864716 200 14.2857
1230 4.32468e-05 0.00767674 300 14.4231
1230 3.82923e-05 0.00806647 400 13.3333
1240 5.6943e-05 0.0147197 100 14.2857
1240 5.66283e-05 0.00919408 200 14.2857
1240 4.62083e-05 0.00857801 300 14.4928
1240 3.69455e-05 0.00828315 400 12.8617
1250 5.56727e-05 0.0128376 100 14.2857
1250 5.08026e-05 0.00786028 200 14.3885
1250 4.50765e-05 0.00799709 300 14.4928
1250 4.24978e-05 0.00656703 400 12.5786
1260 5.39325e-05 0.00876484 100 14.2857
1260 5.44278e-05 0.00570676 200 14.3885
1260 4.7257e-05 0.00633641 300 14.5631
1260 3.53375e-05 0.00488622 400 12.2324
1270 6.55099e-05 0.00608755 100 14.2857
1270 5.82881e-05 0.00560914 200 14.3885
1270 5.07442e-05 0.00652896 300 14.4928
1280 6.30999e-05 0.00543139 100 14.0845
1280 5.80319e-05 0.00537177 200 14.3885
1280 4.68064e-05 0.00654581 300 14.4231
1290 5.0034e-05 0.00379079 100 14.0845
1290 5.2703e-05 0.00427726 200 14.3885
1290 4.14962e-05 0.00575785 300 13.9535
1300 6.36642e-05 0.00295364 100 14.0845
1300 5.88985e-05 0.00399514 200 14.3885
1300 4.85838e-05 0.00500007 300 12.931
1310 6.74819e-05 0.00381921 100 14.0845
1310 5.54584e-05 0.00468209 200 14.4928
1310 4.76478e-05 0.00499545 300 12.3457
1320 6.69499e-05 0.00371566 100 14.0845
1320 5.57799e-05 0.00468293 200 14.4928
1320 5.1547e-05 0.00377573 300 12
1330 6.21482e-05 0.00369332 100 14.0845
1330 5.5135e-05 0.00457694 200 14.4928
1330 4.30319e-05 0.00333493 300 11.5385
1340 6.05942e-05 0.00412465 100 14.0845
1340 5.03903e-05 0.00616182 200 14.4928
1350 7.61157e-05 0.0040739 100 14.2857
1350 4.44847e-05 0.00668424 200 14.2857
1360 6.07906e-05 0.00257836 100 14.2857
1360 4.36733e-05 0.00535578 200 13.6054
1370 5.50266e-05 0.00422607 100 14.4928
1370 4.52815e-05 0.00593958 200 12.2699
1380 6.55099e-05 0.00627178 100 14.4928
1380 4.57399e-05 0.0058427 200 11.4943
1390 5.87969e-05 0.00879149 100 14.4928
1390 5.47008e-05 0.00565949 200 11.0497
1400 6.62338e-05 0.00945993 100 14.4928
1410 5.81855e-05 0.0115951 100 14.4928
1420 2.53718e-05 0.0126901 100 13.8889
1430 4.88282e-05 0.0117272 100 12.1951
1440 5.60993e-05 0.0110409 100 10.101
1450 3.48703e-05 0.00683172 100 9.25926
1460 6.44088e-05 0.00473329 100 8.54701
