0 6.32886e-05 0.00495513 100 7.63359
0 7.4213e-05 0.00407022 200 7.7821
0 5.44707e-05 0.00721691 300 7.77202
0 5.12559e-05 0.00681483 400 8.14664
0 4.49865e-05 0.00680361 500 8.05153
0 4.29172e-05 0.00880207 600 7.95756
0 4.44973e-05 0.0101831 700 8.50547
0 3.29204e-05 0.00902462 800 8.52878
10 3.99676e-05 0.00611865 100 8.13008
10 6.62792e-05 0.00272388 200 8
10 4.37341e-05 0.00636933 300 7.93651
10 4.91331e-05 0.00551313 400 8.28157
10 3.95243e-05 0.00488839 500 8.06452
10 3.96273e-05 0.00609421 600 8.0429
10 4.04409e-05 0.00711768 700 8.59951
10 3.36424e-05 0.00624739 800 8.59291
20 1.95313e-05 0.00549086 100 8.54701
20 7.28348e-05 0.00221166 200 8.16327
20 4.52231e-05 0.00589717 300 8.06452
20 4.56425e-05 0.00487791 400 8.40336
20 4.21969e-05 0.00407167 500 7.97448
20 3.94178e-05 0.00452544 600 8.13008
20 4.02419e-05 0.00564865 700 8.6741
20 3.45278e-05 0.00476611 800 8.65801
30 4.68343e-05 0.00461424 100 8.92857
30 7.36891e-05 0.00302157 200 8.23045
30 5.80494e-05 0.00655002 300 8.15217
30 4.86454e-05 0.00554498 400 8.47458
30 4.34551e-05 0.00569517 500 7.89889
30 4.02986e-05 0.0063073 600 8.19672
30 4.22419e-05 0.00740861 700 8.75
30 3.10988e-05 0.00611426 800 8.68621
40 1.29187e-05 0.0035186 100 9.00901
40 6.39914e-05 0.00217371 200 8.23045
40 5.6359e-05 0.00551585 300 8.17439
40 4.91331e-05 0.00461676 400 8.52878
40 4.4464e-05 0.0044908 500 7.86164
40 4.19889e-05 0.00473535 600 8.24176
40 4.21381e-05 0.00610228 700 8.79397
40 3.16392e-05 0.00457046 800 8.62999
50 3.68644e-05 0.00237076 100 9.09091
50 7.05484e-05 0.00296181 200 8.19672
50 5.35139e-05 0.00623159 300 8.19672
50 5.45653e-05 0.00531218 400 8.54701
50 4.43136e-05 0.0052997 500 7.86164
50 4.3924e-05 0.00554679 600 8.28729
50 4.26204e-05 0.00671825 700 8.81612
50 3.07736e-05 0.00499789 800 8.33333
60 6.17633e-05 0.0040985 100 9.17431
60 7.21771e-05 0.00371648 200 8.16327
60 6.15923e-05 0.0061488 300 8.21918
60 5.87855e-05 0.00605053 400 8.54701
60 4.57329e-05 0.00532856 500 7.86164
60 4.32554e-05 0.00482297 600 8.33333
60 4.41735e-05 0.00548558 700 8.80503
60 3.25505e-05 0.00379566 800 8.28157
70 7.50114e-05 0.00452815 100 9.17431
70 8.53456e-05 0.00357008 200 8.16327
70 6.6713e-05 0.00486569 300 8.26446
70 6.16803e-05 0.00463001 400 8.52878
70 4.56076e-05 0.0056031 500 7.88644
70 4.81881e-05 0.00641217 600 8.39161
70 4.63874e-05 0.00820658 700 8.73908
70 3.25276e-05 0.00514618 800 8.28157
80 9.70444e-05 0.00376747 100 9.17431
80 8.78578e-05 0.00437782 200 8.13008
80 6.70497e-05 0.00573334 300 8.28729
80 6.01017e-05 0.00538801 400 8.49257
80 4.64879e-05 0.00639879 500 7.91139
80 4.94298e-05 0.00738683 600 8.43882
80 4.41018e-05 0.00858507 700 8.69565
80 3.60585e-05 0.00563856 800 8.29016
90 8.73467e-05 0.00473159 100 8.92857
90 9.46827e-05 0.00513838 200 8.03213
90 7.83638e-05 0.00617577 300 8.26446
90 6.1813e-05 0.00570344 400 8.43882
90 5.39871e-05 0.00712472 500 7.92393
90 5.18049e-05 0.00865812 600 8.47458
90 4.66229e-05 0.00925619 700 8.66337
90 2.96389e-05 0.00621471 800 8.28157
100 0.000158223 0.00522296 100 8.69565
100 9.9831e-05 0.00589573 200 7.93651
100 8.86734e-05 0.00675539 300 8.26446
100 6.65499e-05 0.00617487 400 8.3682
100 5.4427e-05 0.00780569 500 7.93651
100 5.5041e-05 0.00945773 600 8.52273
100 4.92671e-05 0.00949107 700 8.64198
100 3.01499e-05 0.00654173 800 8.27301
110 0.000172082 0.007078 100 8.40336
110 9.69841e-05 0.0043822 200 7.87402
110 8.0086e-05 0.0051768 300 8.26446
110 5.91646e-05 0.00487383 400 8.31601
110 5.53566e-05 0.00728534 500 7.94913
110 5.40329e-05 0.00975513 600 8.5592
110 4.85406e-05 0.0094827 700 8.64198
110 3.39895e-05 0.00609169 800 8.27301
120 0.000149227 0.00515297 100 8.06452
120 7.47731e-05 0.00516423 200 7.84314
120 6.57127e-05 0.00564186 300 8.26446
120 5.82891e-05 0.00442282 400 8.26446
120 4.94311e-05 0.00536609 500 7.97448
120 4.89247e-05 0.0071114 600 8.60832
120 3.99262e-05 0.00647236 700 8.64198
120 3.04939e-05 0.0038548 800 8.27301
130 0.000124966 0.00511425 100 7.8125
130 6.92264e-05 0.00521785 200 7.7821
130 6.69113e-05 0.00516483 300 8.28729
130 5.3392e-05 0.00456873 400 8.11359
130 5.08014e-05 0.00592832 500 8
130 4.92082e-05 0.00785362 600 8.65801
130 3.87133e-05 0.00672743 700 8.65266
130 3.13909e-05 0.00400745 800 8.25593
140 0.000141687 0.00500489 100 7.57576
140 7.88095e-05 0.00661239 200 7.7821
140 6.60545e-05 0.00592085 300 8.31025
140 5.58075e-05 0.00529723 400 7.67754
140 5.01305e-05 0.00557252 500 8.03859
140 4.98369e-05 0.00723381 600 8.69565
140 3.80093e-05 0.00558725 700 8.64198
140 3.07615e-05 0.00347504 800 8.18833
150 0.000130016 0.00365772 100 7.46269
150 8.32239e-05 0.00638858 200 7.75194
150 7.08161e-05 0.00550482 300 8.33333
150 5.67869e-05 0.00550431 400 7.60456
150 5.11569e-05 0.00589383 500 8.09062
150 4.94901e-05 0.00773994 600 8.73362
150 3.8537e-05 0.00551253 700 8.53659
150 3.14621e-05 0.00363926 800 7.66284
160 0.000123334 0.00390535 100 7.35294
160 7.00821e-05 0.00661331 200 7.7821
160 7.22421e-05 0.0052091 300 8.35655
160 5.37674e-05 0.00626143 400 7.57576
160 5.13244e-05 0.00720484 500 8.13008
160 5.02604e-05 0.00903788 600 8.75912
160 3.58482e-05 0.00615579 700 8.20633
170 9.26452e-05 0.00342939 100 7.29927
170 9.30634e-05 0.00499773 200 7.8125
170 7.42674e-05 0.004612 300 8.33333
170 5.18054e-05 0.00639516 400 7.57576
170 5.1667e-05 0.0076138 500 8.18331
170 5.02604e-05 0.0096692 600 8.70827
170 3.49617e-05 0.00589459 700 8.15851
180 0.00011027 0.00513362 100 7.24638
180 8.47146e-05 0.00589384 200 7.84314
180 6.89394e-05 0.00484351 300 8.28729
180 4.94506e-05 0.00629246 400 7.60456
180 5.02065e-05 0.00732588 500 8.23723
180 4.67155e-05 0.00912874 600 8.63309
180 3.5603e-05 0.00517591 700 8.14901
190 0.000101957 0.00596583 100 7.19424
190 8.7586e-05 0.00585951 200 7.87402
190 7.10589e-05 0.00480066 300 8.26446
190 5.03909e-05 0.00710905 400 7.63359
190 5.24912e-05 0.00889301 500 8.30565
190 4.84827e-05 0.0101465 600 8.59599
190 2.99544e-05 0.0058897 700 8.15851
200 0.000115032 0.00683432 100 7.19424
200 8.18153e-05 0.00643564 200 7.90514
200 6.35401e-05 0.00498101 300 8.26446
200 5.23633e-05 0.00684757 400 7.67754
200 5.08108e-05 0.00860049 500 8.37521
200 4.75447e-05 0.00907918 600 8.59599
200 2.76306e-05 0.00535621 700 8.17757
210 8.12664e-05 0.00561823 100 7.24638
210 5.80319e-05 0.00527941 200 7.96813
210 5.37362e-05 0.00447274 300 8.24176
210 4.76238e-05 0.00697015 400 7.72201
210 4.75728e-05 0.00912098 500 8.44595
210 4.4827e-05 0.00879064 600 8.60832
210 2.66261e-05 0.00475431 700 8.19672
220 7.50114e-05 0.00620939 100 7.29927
220 6.01006e-05 0.00487691 200 8.06452
220 4.27849e-05 0.00554784 300 8.24176
220 4.36225e-05 0.00874282 400 7.76699
220 4.94601e-05 0.0107343 500 8.51789
220 4.1481e-05 0.00966114 600 8.63309
220 2.63044e-05 0.00546143 700 8.22562
230 9.29022e-05 0.00703821 100 7.35294
230 5.54584e-05 0.00511192 200 8.16327
230 3.90627e-05 0.00655218 300 8.26446
230 4.51831e-05 0.00976327 400 7.82779
230 4.92862e-05 0.0115387 500 8.59107
230 4.25062e-05 0.00986744 600 8.67052
230 2.60254e-05 0.00559766 700 8.24499
240 6.32886e-05 0.00544191 100 7.46269
240 4.63226e-05 0.00465874 200 8.29876
240 4.00009e-05 0.00649224 300 8.28729
240 4.48189e-05 0.00907304 400 7.90514
240 4.8002e-05 0.0106277 500 8.68056
240 4.21777e-05 0.00844833 600 8.72093
240 2.63783e-05 0.00417262 700 8.27423
250 3.41797e-05 0.00661441 100 7.63359
250 4.11434e-05 0.00470623 200 8.43882
250 3.96016e-05 0.00546624 300 8.28729
250 4.18975e-05 0.00727073 400 7.98403
250 4.52612e-05 0.0088818 500 8.77193
250 4.04462e-05 0.00677809 600 8.77193
250 2.67538e-05 0.00289579 700 8.30368
260 2.71864e-05 0.00838025 100 7.75194
260 4.69616e-05 0.0050623 200 8.54701
260 4.00671e-05 0.00536633 300 8.02139
260 4.42837e-05 0.00678036 400 8.06452
260 4.57954e-05 0.00837328 500 8.84956
260 3.9552e-05 0.00600994 600 8.81057
260 2.19922e-05 0.00262591 700 8.31354
270 3.23889e-05 0.00938889 100 7.87402
270 3.71062e-05 0.00620603 200 8.65801
270 3.98682e-05 0.00609589 300 7.69231
270 4.01354e-05 0.0065427 400 8.13008
270 4.40546e-05 0.00791334 500 8.92857
270 3.70444e-05 0.00467234 600 8.82353
270 2.44343e-05 0.00160382 700 8.26446
280 5.12114e-05 0.0093756 100 7.93651
280 5.87972e-05 0.00668941 200 8.77193
280 5.04299e-05 0.00625451 300 7.61421
280 4.51336e-05 0.00648992 400 8.21355
280 4.74122e-05 0.00803594 500 9.00901
280 3.70801e-05 0.00446664 600 8.78477
280 2.86423e-05 0.00171869 700 7.80379
290 4.31239e-05 0.00868186 100 8.06452
290 5.52969e-05 0.00566242 200 8.84956
290 4.49293e-05 0.0069423 300 7.61421
290 4.59354e-05 0.00753252 400 8.28157
290 4.8506e-05 0.00899017 500 9.05797
290 3.35841e-05 0.00487484 600 8.40336
300 7.4373e-05 0.00717755 100 8.19672
300 6.29584e-05 0.00616625 200 8.92857
300 4.52817e-05 0.007181 300 7.63359
300 4.51831e-05 0.00747459 400 8.3682
300 4.7733e-05 0.0089209 500 9.07441
300 3.34259e-05 0.00396157 600 8.32178
310 5.34886e-05 0.0067695 100 8.33333
310 6.12792e-05 0.00563413 200 8.88889
310 4.42759e-05 0.00709104 300 7.67263
310 4.74357e-05 0.00759442 400 8.45666
310 4.91797e-05 0.00909915 500 9.00901
310 2.99678e-05 0.00366482 600 8.31025
320 5.73601e-05 0.006867 100 8.47458
320 6.51453e-05 0.00583104 200 8.84956
320 4.49293e-05 0.00757005 300 7.73196
320 4.93148e-05 0.00830946 400 8.54701
320 4.74524e-05 0.00966227 500 8.94454
320 3.41318e-05 0.00363392 600 8.32178
330 8.72101e-05 0.00814834 100 8.62069
330 5.83903e-05 0.00644813 200 8.84956
330 5.11601e-05 0.00710233 300 7.77202
330 4.98856e-05 0.00837761 400 8.62069
330 5.07732e-05 0.00880401 500 8.91266
330 3.13292e-05 0.00313336 600 8.33333
340 5.28158e-05 0.00735783 100 8.69565
340 4.38096e-05 0.00597561 200 8.84956
340 4.92338e-05 0.00782289 300 7.8329
340 4.73728e-05 0.00920587 400 8.7146
340 4.7713e-05 0.00841091 500 8.91266
340 2.69173e-05 0.00331122 600 8.35655
350 6.73051e-05 0.0100482 100 8.84956
350 5.13859e-05 0.0077692 200 8.77193
350 4.52817e-05 0.00739832 300 7.89474
350 4.49185e-05 0.00818654 400 8.81057
350 4.80318e-05 0.00669901 500 8.92857
350 2.58377e-05 0.00151816 600 8.3682
360 4.80902e-05 0.0111233 100 8.92857
360 4.20037e-05 0.00881722 200 8.77193
360 4.83926e-05 0.00768371 300 7.93651
360 4.37079e-05 0.00841058 400 8.88889
360 4.55344e-05 0.00651663 500 8.96057
360 2.52806e-05 0.00139128 600 8.39161
370 4.14321e-05 0.0107686 100 9.09091
370 4.93142e-05 0.00858023 200 8.73362
370 4.41261e-05 0.00808985 300 8
370 4.67713e-05 0.00877166 400 8.98876
370 4.51769e-05 0.00629605 500 8.97666
370 2.39072e-05 0.00198839 600 8.40336
380 6.2721e-05 0.0101939 100 9.25926
380 4.82759e-05 0.00822939 200 8.62069
380 4.66079e-05 0.00873342 300 8.08625
380 4.94506e-05 0.00984098 400 9.07029
380 4.03836e-05 0.00709776 500 9.00901
380 2.64582e-05 0.00299693 600 8.41515
390 6.56916e-05 0.0112825 100 9.43396
390 4.78418e-05 0.0095368 200 7.84314
390 4.92607e-05 0.0100233 300 8.15217
390 5.16469e-05 0.010924 400 9.17431
390 4.24335e-05 0.00732454 500 9.02527
390 2.51755e-05 0.00331613 600 8.37989
400 4.58049e-05 0.0128985 100 9.61539
400 4.91326e-05 0.0102909 200 7.46269
400 4.59207e-05 0.00954525 300 8.24176
400 4.88289e-05 0.0101526 400 9.23787
400 3.90387e-05 0.00568671 500 9.00901
400 2.45495e-05 0.00242841 600 8.24176
410 8.58323e-05 0.0132992 100 9.70874
410 5.55657e-05 0.0111398 200 7.38007
410 4.86927e-05 0.0100324 300 8.31025
410 5.25338e-05 0.010573 400 9.30233
410 3.47474e-05 0.00542734 500 8.65052
420 6.01994e-05 0.0097677 100 9.61539
420 4.01165e-05 0.00921547 200 7.35294
420 3.89609e-05 0.0079217 300 8.37989
420 4.57404e-05 0.00801753 400 9.28074
420 2.87881e-05 0.00318204 500 8.31947
430 6.81849e-05 0.00626688 100 9.34579
430 4.01907e-05 0.00787795 200 7.35294
430 4.07879e-05 0.00705948 300 8.47458
430 4.67713e-05 0.00756653 400 9.13242
430 2.77765e-05 0.00283173 500 8.27815
440 5.52428e-05 0.00634348 100 9.09091
440 4.90111e-05 0.00769188 200 7.38007
440 4.6494e-05 0.00737758 300 8.54701
440 4.88747e-05 0.00743213 400 9.00901
440 3.16596e-05 0.00204587 500 8.26446
450 4.75918e-05 0.00545149 100 8.92857
450 4.52156e-05 0.00687064 200 7.40741
450 4.43955e-05 0.00727761 300 8.64553
450 5.09351e-05 0.0062273 400 8.94855
450 2.74136e-05 0.00214158 500 8.26446
460 6.5145e-05 0.0048697 100 8.69565
460 4.91932e-05 0.00646484 200 7.43494
460 4.53985e-05 0.00730951 300 8.74636
460 5.21923e-05 0.00555341 400 8.92857
460 2.59665e-05 0.00244608 500 8.26446
470 4.47518e-05 0.0056607 100 8.47458
470 5.37667e-05 0.00640429 200 7.46269
470 4.49293e-05 0.0070648 300 8.82353
470 4.79823e-05 0.00474485 400 8.92857
470 2.44727e-05 0.0028478 500 8.26446
480 6.32886e-05 0.00626493 100 8.19672
480 4.94952e-05 0.00677379 200 7.5188
480 4.98222e-05 0.00716245 300 8.92857
480 5.01538e-05 0.0043134 400 8.92857
480 2.44532e-05 0.00315431 500 8.25082
490 6.17633e-05 0.00560224 100 7.57576
490 5.00937e-05 0.00636381 200 7.57576
490 5.00344e-05 0.00679335 300 9.00901
490 4.20926e-05 0.00375244 400 8.90869
490 2.21618e-05 0.00326651 500 8.22368
500 7.40517e-05 0.00677588 100 6.17284
500 4.60645e-05 0.00617983 200 7.63359
500 4.96357e-05 0.00647026 300 9.09091
500 4.04313e-05 0.002733 400 8.86918
500 2.43555e-05 0.00368475 500 8.07754
510 7.9786e-05 0.0076717 100 5.91716
510 3.81361e-05 0.00524899 200 7.69231
510 4.6863e-05 0.00502781 300 9.14634
510 3.60472e-05 0.00231831 400 8.54701
520 9.72897e-05 0.00806408 100 5.88235
520 4.40809e-05 0.00497213 200 7.8125
520 4.92607e-05 0.00496494 300 9.14634
520 3.45054e-05 0.00225652 400 8.04829
530 0.000100306 0.00776811 100 5.95238
530 4.24272e-05 0.00433158 200 7.96813
530 4.90721e-05 0.00406909 300 9.09091
530 3.49132e-05 0.00325788 400 8.01603
540 9.08259e-05 0.00855898 100 6.06061
540 5.20772e-05 0.00487201 200 8.13008
540 4.83104e-05 0.00493171 300 8.98204
540 3.12893e-05 0.0033171 400 8.03213
550 4.83374e-05 0.00908659 100 6.13497
550 3.81361e-05 0.00597296 200 8.29876
550 4.3552e-05 0.0041368 300 8.92857
550 2.50171e-05 0.00459674 400 8.06452
560 4.25674e-05 0.00947344 100 6.25
560 4.37415e-05 0.00712552 200 8.43882
560 5.01138e-05 0.00475093 300 8.92857
560 2.4353e-05 0.00486215 400 8.08081
570 4.75918e-05 0.0106411 100 6.41026
570 5.67335e-05 0.00890206 200 8.65801
570 5.19565e-05 0.00592091 300 8.95522
570 2.65767e-05 0.00572248 400 8.13008
580 5.52428e-05 0.011713 100 6.53595
580 5.79291e-05 0.00973382 200 8.84956
580 5.1931e-05 0.0065068 300 9.00901
580 2.56639e-05 0.00623591 400 8.16327
590 3.78221e-05 0.0138564 100 6.66667
590 5.76196e-05 0.0114023 200 9.04977
590 3.54356e-05 0.00807535 300 9.06344
590 6.68607e-06 0.00664366 400 8.19672
600 7.40517e-05 0.0136381 100 6.84932
600 7.11792e-05 0.0111108 200 9.25926
600 4.89099e-05 0.00721083 300 9.14634
600 2.20404e-05 0.0067241 400 8.23045
610 4.75918e-05 0.0121327 100 7.0922
610 6.14734e-05 0.0093088 200 9.52381
610 4.43955e-05 0.006096 300 9.25926
610 1.73495e-05 0.00640392 400 8.28157
620 6.5145e-05 0.0123741 100 7.46269
620 7.09696e-05 0.00989678 200 9.85222
620 4.12079e-05 0.00630092 300 9.40439
620 2.23092e-05 0.00656994 400 8.3682
630 6.47779e-05 0.0121288 100 7.93651
630 6.66826e-05 0.00959375 200 10.2564
630 4.14323e-05 0.00618076 300 9.6463
630 1.58692e-05 0.00633087 400 8.49257
640 6.65928e-05 0.0119782 100 8.54701
640 6.84035e-05 0.0100077 200 10.7527
640 3.96684e-05 0.006407 300 9.90099
640 1.66482e-05 0.00620664 400 8.62069
650 6.76584e-05 0.0114282 100 9.17431
650 7.31207e-05 0.00979043 200 11.236
650 4.09176e-05 0.00600773 300 10.1351
650 1.5916e-05 0.00606741 400 8.7146
660 6.13761e-05 0.00963782 100 9.80392
660 6.90971e-05 0.00838932 200 11.7647
660 3.95011e-05 0.00517866 300 10.3448
660 1.42357e-05 0.00600852 400 8.73362
670 7.73585e-05 0.00706615 100 10.4167
670 6.55103e-05 0.00699617 200 12.1951
670 3.62121e-05 0.00430401 300 10.3806
670 1.49006e-05 0.00581529 400 8.49257
680 9.25164e-05 0.00860444 100 10.989
680 8.04933e-05 0.00810995 200 12.5
680 2.84715e-05 0.00589928 300 9.67742
690 9.41766e-05 0.00864205 100 11.4943
690 8.39726e-05 0.00779345 200 12.5786
690 2.59908e-05 0.0063638 300 9.09091
700 8.73467e-05 0.00803847 100 11.9048
700 7.52499e-05 0.00758513 200 12.0482
700 2.32469e-05 0.00628164 300 9.00901
710 8.47139e-05 0.00799043 100 12.3457
710 5.63116e-05 0.00613074 200 11.4943
710 2.17759e-05 0.00610504 300 8.95522
720 6.47779e-05 0.00554719 100 12.8205
720 5.83903e-05 0.00294694 200 11.236
720 2.8191e-05 0.00695589 300 8.90208
730 6.62338e-05 0.0062063 100 13.3333
730 5.94023e-05 0.00349241 200 11.0497
730 2.41413e-05 0.00708618 300 8.87574
740 7.25884e-05 0.00610566 100 13.6986
740 6.07909e-05 0.00359571 200 10.929
740 1.35199e-05 0.00721083 300 8.82353
750 8.08251e-05 0.00588213 100 14.0845
750 4.57399e-05 0.00390668 200 10.8108
750 1.02939e-05 0.00731479 300 8.74636
760 8.70733e-05 0.00448215 100 14.2857
760 4.56094e-05 0.00439408 200 10.582
760 1.23955e-05 0.00722607 300 8.42697
770 6.88807e-05 0.000837178 100 14.0845
770 4.54129e-05 0.00695202 200 8.92857
780 6.95695e-05 0.00170561 100 12.5
780 3.75057e-05 0.00934476 200 8.03213
790 6.87074e-05 0.00289008 100 10.4167
790 4.01907e-05 0.0101654 200 7.8125
800 0.000125443 0.00679229 100 9.52381
800 5.24195e-05 0.0117067 200 7.63359
810 0.000162314 0.00666573 100 9.00901
810 5.55657e-05 0.0121312 200 7.46269
820 0.000129924 0.00844937 100 8.62069
820 4.72147e-05 0.0118703 200 7.27273
830 0.000127703 0.011483 100 8.13008
830 5.89996e-05 0.01239 200 6.82594
840 0.000105857 0.0126943 100 6.21118
850 0.000118403 0.0170278 100 5.81395
860 0.000108636 0.0172553 100 5.88235
870 0.000104383 0.0152473 100 6.0241
880 5.34886e-05 0.0136932 100 6.13497
890 8.81618e-05 0.0123215 100 6.21118
900 8.85665e-05 0.0107398 100 6.28931
910 0.000113467 0.0123513 100 6.32911
920 8.19966e-05 0.012378 100 6.32911
930 7.38905e-05 0.0117964 100 6.28931
940 8.66616e-05 0.0112407 100 6.17284
950 4.60644e-05 0.008841 100 5.88235
960 5.6943e-05 0.00668881 100 5.12821
970 4.36732e-05 0.00659084 100 4.40529
