0 2.22045e-16 -4.65661e-10 -2.98023e-08
-0.0418032 3.57563 -0.00172726 3.59817
-0.0836255 7.15277 -0.00165464 7.2077
-0.125431 10.7283 0.0119843 10.8275
-0.167141 14.3035 0.0115377 14.3995
-0.208176 17.881 -0.00917653 17.9984
-0.253156 21.4647 -0.0442267 21.5706
-0.307115 25.0468 -0.0758247 25.1806
-0.367799 28.6371 -0.118927 28.7522
-0.435716 32.2319 -0.15694 32.3338
-0.509819 35.8126 -0.206585 35.9252
-0.590462 39.4055 -0.277543 39.5261
-0.675668 42.9959 -0.293592 43.1286
-0.761728 46.5961 -0.334913 46.7124
-0.822002 50.2035 -0.354089 50.3739
-0.875378 53.8112 -0.346986 53.9823
-0.933231 57.4278 -0.371897 57.5915
-1.00672 61.0421 -0.388613 61.2445
-1.07847 64.6476 -0.45816 64.8545
-1.15768 68.2411 -0.48236 68.4215
-1.24323 71.816 -0.516686 71.9984
-1.31025 75.3655 -0.551834 75.5489
-1.33795 78.8946 -0.552252 79.0715
-1.33565 82.3991 -0.539583 82.5656
-1.29299 85.877 -0.44186 85.9999
-1.21667 89.3334 -0.347244 89.4742
-1.10175 92.7913 -0.232521 92.8931
-0.953966 96.2554 -0.0907405 96.3631
-0.782045 99.7397 0.0864818 99.8544
-0.607718 103.279 0.295157 103.386
-0.448327 106.867 0.460169 106.987
-0.329075 110.492 0.57761 110.618
-0.253779 114.143 0.681811 114.297
-0.232571 117.812 0.721473 117.978
-0.256232 121.501 0.720085 121.684
-0.297015 125.224 0.692149 125.401
-0.353204 128.97 0.659223 129.167
-0.397623 132.734 0.656616 132.964
-0.443887 136.523 0.67269 136.763
-0.490815 140.331 0.68479 140.594
-0.550146 144.153 0.703614 144.41
-0.601569 147.961 0.711595 148.235
-0.649286 151.756 0.731465 152.056
-0.703475 155.553 0.749558 155.835
-0.75814 159.342 0.771311 159.604
-0.821014 163.126 0.785851 163.404
-0.891591 166.914 0.791854 167.236
-0.968255 170.705 0.784636 171.016
-1.05365 174.498 0.747828 174.827
-1.14094 178.289 0.702348 178.644
-1.22091 182.072 0.698067 182.435
-1.31192 185.843 0.683708 186.236
-1.40087 189.586 0.675586 189.977
-1.48235 193.303 0.668964 193.71
-1.54334 196.982 0.674967 197.351
-1.59323 200.619 0.703805 200.988
-1.62986 204.203 0.700626 204.577
-1.65597 207.709 0.718484 208.077
-1.68092 211.094 0.747649 211.456
-1.71766 214.345 0.75306 214.711
-1.7581 217.485 0.77217 217.858
-1.82019 220.495 0.763241 220.868
-1.9005 223.323 0.723738 223.699
-1.99932 225.946 0.664254 226.352
-2.11395 228.382 0.592891 228.78
-2.21517 230.658 0.51434 231.092
-2.30914 232.838 0.463708 233.277
-2.38958 234.992 0.415055 235.43
-2.45827 237.112 0.38597 237.556
-2.50154 239.2 0.376192 239.66
-2.5282 241.264 0.387221 241.735
-2.54339 243.356 0.426765 243.875
-2.54662 245.471 0.479973 245.974
-2.54206 247.636 0.539344 248.15
-2.54094 249.857 0.614867 250.368
-2.52947 252.145 0.690434 252.617
-2.52283 254.511 0.739415 255.027
-2.49585 256.93 0.827025 257.435
-2.42627 259.43 0.943718 259.944
-2.34791 261.94 1.08045 262.485
-2.24929 264.463 1.22744 265.045
-2.1206 266.989 1.39644 267.539
-1.97234 269.529 1.59392 270.101
-1.82945 272.089 1.77993 272.657
-1.70085 274.651 1.95794 275.201
-1.58558 277.204 2.11888 277.773
-1.48931 279.735 2.27181 280.306
-1.4319 282.203 2.38266 282.786
-1.41125 284.555 2.45165 285.144
-1.42342 286.744 2.4993 287.337
-1.47765 288.751 2.49716 289.356
-1.59716 290.628 2.42208 291.216
-1.83449 292.379 2.21405 292.941
-2.20954 293.998 1.87572 294.556
-2.73939 295.467 1.36581 296.048
-3.42557 296.783 0.700267 297.384
-4.26856 297.944 -0.131972 298.547
-5.27032 298.869 -1.10376 299.512
-6.40439 299.609 -2.2185 300.252
-7.62009 300.062 -3.40696 300.728
-8.84975 300.287 -4.63828 300.987
-10.1361 300.271 -5.90776 300.993
-11.4879 299.994 -7.25831 300.738
-12.8598 299.434 -8.62509 300.19
-14.2125 298.522 -9.97416 299.39
-15.5692 297.36 -11.3469 298.243
-16.9039 295.877 -12.7357 296.775
-18.1234 294.047 -14.0071 294.967
-19.2138 291.862 -15.1497 292.83
-20.1292 289.391 -16.1392 290.357
-20.8116 286.621 -16.9075 287.582
-21.2269 283.593 -17.3947 284.543
-21.3836 280.311 -17.6467 281.263
-21.2898 276.829 -17.6413 277.732
-21.0019 273.207 -17.412 274.109
-20.6659 269.428 -17.1556 270.341
-20.3459 265.51 -16.9118 266.432
-20.0709 261.517 -16.759 262.361
-19.8553 257.511 -16.5884 258.35
-19.7034 253.475 -16.5081 254.302
-19.6137 249.416 -16.5025 250.289
-19.5513 245.338 -16.5098 246.196
-19.5138 241.222 -16.5284 242.089
-19.481 237.073 -16.5595 237.842
-19.4304 232.893 -16.5623 233.647
-19.3556 228.688 -16.5705 229.436
-19.2882 224.454 -16.5662 225.21
-19.2149 220.186 -16.5534 220.935
-19.1405 215.891 -16.5663 216.656
-19.0532 211.57 -16.5716 212.325
-18.9602 207.219 -16.577 207.941
-18.8648 202.832 -16.5617 203.566
-18.7808 198.44 -16.5416 199.153
-18.6972 194.056 -16.5888 194.75
-18.6285 189.691 -16.5944 190.403
-18.5769 185.352 -16.6152 186.066
-18.5334 181.032 -16.6284 181.674
-18.5107 176.751 -16.6833 177.411
-18.5183 172.538 -16.7629 173.216
-18.5517 168.447 -16.8287 169.093
-18.605 164.539 -16.935 165.183
-18.6621 160.837 -17.0294 161.491
-18.7171 157.36 -17.1236 158.001
-18.7623 154.117 -17.1965 154.713
-18.8044 151.111 -17.279 151.658
-18.8377 148.339 -17.3382 148.913
-18.8628 145.754 -17.4033 146.3
-18.8863 143.302 -17.45 143.842
-18.9087 140.993 -17.4862 141.55
-18.9268 138.765 -17.5386 139.308
-18.9546 136.621 -17.5936 137.145
-18.9791 134.517 -17.6405 135.044
-19.0039 132.429 -17.69 132.967
-19.0117 130.377 -17.7162 130.887
-19.0297 128.287 -17.7582 128.79
-19.0409 126.09 -17.7805 126.601
-19.034 123.793 -17.7928 124.282
-19.0079 121.337 -17.791 121.812
-18.9624 118.74 -17.7744 119.208
-18.8816 115.984 -17.7177 116.439
-18.7626 113.072 -17.6193 113.53
-18.5927 110.01 -17.4879 110.452
-18.3897 106.797 -17.3026 107.215
-18.1873 103.411 -17.123 103.842
-17.972 99.8817 -16.9471 100.295
-17.7537 96.2085 -16.7673 96.6138
-17.5437 92.3932 -16.5857 92.7771
-17.3507 88.4541 -16.4062 88.8269
-17.1883 84.3517 -16.2904 84.7156
-17.0483 80.1265 -16.1758 80.5032
-16.9389 75.7575 -16.1163 76.1275
-16.8449 71.3345 -16.0657 71.6633
-16.7792 66.9246 -16.0471 67.2355
-16.7237 62.5225 -16.0445 62.8056
-16.6773 58.1185 -16.002 58.4015
-16.6229 53.7352 -16.0096 54.0241
-16.5545 49.3668 -15.9724 49.6939
-16.4783 45.0138 -15.9299 45.2993
-16.4018 40.6979 -15.9007 40.9465
-16.3325 36.3968 -15.8857 36.5973
-16.264 32.1247 -15.8518 32.322
-16.2128 27.8676 -15.8479 28.048
-16.1536 23.6461 -15.8143 23.8253
-16.1004 19.4725 -15.7926 19.6648
-16.0573 15.333 -15.7679 15.5258
-15.9999 11.2215 -15.7423 11.4067
-15.9576 7.1228 -15.7362 7.25497
-15.9259 3.03892 -15.7236 3.13407
-15.8712 -1.06317 -15.691 -0.994455
-15.8232 -5.19233 -15.6726 -5.11083
-15.7739 -9.35714 -15.6316 -9.29123
-15.7223 -13.5475 -15.5922 -13.4987
-15.6752 -17.7644 -15.5585 -17.7442
-15.6299 -22.0039 -15.5222 -21.9755
-15.5903 -26.2678 -15.4819 -26.2341
-15.5368 -30.5478 -15.4105 -30.5235
-15.4933 -34.82 -15.3692 -34.8048
-15.4441 -39.0822 -15.3215 -39.0685
-15.3925 -43.3226 -15.2556 -43.3059
-15.3378 -47.5379 -15.1991 -47.5164
-15.277 -51.7485 -15.1531 -51.7522
-15.2177 -55.9495 -15.0916 -55.977
-15.1701 -60.1507 -15.0502 -60.2024
-15.128 -64.3508 -15.0242 -64.3944
-15.0914 -68.5388 -14.9953 -68.6001
-15.0644 -72.7084 -14.977 -72.7375
-15.0308 -76.8564 -14.9534 -76.9118
-14.9793 -80.9536 -14.9198 -81.0578
-14.9247 -85.035 -14.8726 -85.136
-14.874 -89.0704 -14.8298 -89.1809
-14.8243 -93.0767 -14.7899 -93.1767
-14.787 -97.0455 -14.7702 -97.1443
-14.7585 -100.984 -14.761 -101.095
-14.7396 -104.892 -14.7517 -104.995
-14.7282 -108.763 -14.7523 -108.879
-14.7248 -112.605 -14.7583 -112.749
-14.7178 -116.411 -14.7674 -116.548
-14.7098 -120.173 -14.7664 -120.34
-14.7005 -123.867 -14.7705 -124.042
-14.6985 -127.485 -14.7804 -127.653
-14.7123 -131.009 -14.8042 -131.192
-14.7333 -134.417 -14.8279 -134.606
-14.7523 -137.654 -14.8549 -137.859
-14.7736 -140.676 -14.898 -140.877
-14.8084 -143.452 -14.9426 -143.654
-14.8188 -145.963 -14.9702 -146.187
-14.6882 -148.225 -14.8464 -148.423
-14.3642 -150.225 -14.5376 -150.429
-13.8334 -151.95 -14.016 -152.129
-13.0824 -153.424 -13.2718 -153.601
-12.0933 -154.666 -12.2921 -154.814
-10.9011 -155.63 -11.1127 -155.771
-9.56712 -156.278 -9.77891 -156.398
-8.1744 -156.635 -8.39889 -156.736
-6.73417 -156.651 -7.00446 -156.753
-5.26192 -156.394 -5.52174 -156.503
-3.83834 -155.808 -4.08247 -155.913
-2.48057 -154.891 -2.72631 -154.98
-1.26849 -153.64 -1.53557 -153.735
-0.226137 -152.061 -0.491654 -152.204
0.552355 -150.217 0.297423 -150.375
1.04825 -148.113 0.790285 -148.284
1.3485 -145.76 1.10424 -145.93
1.46345 -143.198 1.22729 -143.404
1.47132 -140.451 1.23031 -140.654
1.49937 -137.518 1.26227 -137.713
1.5045 -134.422 1.27053 -134.62
1.49856 -131.16 1.2735 -131.36
1.47002 -127.744 1.25181 -127.929
1.43672 -124.185 1.22484 -124.377
1.41318 -120.492 1.21839 -120.681
1.40577 -116.657 1.22424 -116.825
1.38503 -112.695 1.22677 -112.844
1.33055 -108.593 1.18995 -108.734
1.25962 -104.368 1.1407 -104.488
1.17008 -100.008 1.07606 -100.104
1.08927 -95.5157 1.01198 -95.6124
1.00915 -90.9823 0.945885 -91.0408
0.939998 -86.4669 0.886301 -86.5312
0.883448 -81.9495 0.833672 -82.0159
0.838174 -77.4396 0.795215 -77.511
0.800315 -72.9364 0.758769 -72.9744
0.745043 -68.4626 0.710896 -68.5379
0.694629 -64.0051 0.65932 -64.0788
0.637038 -59.5756 0.630183 -59.6226
0.557118 -55.1606 0.555732 -55.2207
0.456131 -50.7785 0.476305 -50.8179
0.362164 -46.418 0.389632 -46.446
0.280628 -42.0791 0.303593 -42.078
0.202969 -37.7625 0.229961 -37.7405
0.132669 -33.4638 0.156976 -33.431
0.0848288 -29.194 0.0799713 -29.1418
0.0525687 -24.9477 0.0435136 -24.9012
0.0323287 -20.7384 0.0123482 -20.6651
0.0251613 -16.5503 0.00449625 -16.4679
0.0215879 -12.4038 0.0256934 -12.3311
-0.000536566 -8.28514 0.0348025 -8.19621
-0.0311414 -4.18329 0.0255746 -4.04741
-0.0728973 -0.0907003 0.0170972 0.0323215
-0.117564 3.98804 -0.0149569 4.10222
-0.160177 8.05984 -0.0443846 8.1826
-0.208154 12.1232 -0.0722459 12.2575
-0.24822 16.1809 -0.110507 16.322
-0.283357 20.2333 -0.12298 20.3624
-0.323376 24.2731 -0.133119 24.4167
-0.367457 28.2931 -0.149821 28.4545
-0.413999 32.2825 -0.148661 32.4335
-0.451537 36.2434 -0.144104 36.3966
-0.483912 40.1738 -0.140809 40.3526
-0.534623 44.076 -0.156665 44.2628
-0.599992 47.9611 -0.189865 48.1567
-0.674006 51.8104 -0.213403 52.0079
-0.762477 55.6295 -0.285327 55.8579
-0.859787 59.4341 -0.329137 59.6617
-0.962179 63.2074 -0.363232 63.4273
-1.06865 66.9537 -0.435766 67.1245
-1.18816 70.6687 -0.523444 70.8471
-1.29346 74.3411 -0.568681 74.5578
-1.3594 77.8869 -0.603636 78.0579
-1.40295 81.2677 -0.639509 81.4971
-1.40264 84.5575 -0.595868 84.7464
-1.39133 87.8365 -0.553592 88.0131
-1.3724 91.0757 -0.518663 91.2472
-1.34885 94.2821 -0.493971 94.4724
-1.34636 97.4521 -0.464897 97.632
-1.39741 100.636 -0.509738 100.805
-1.50781 103.868 -0.597904 104.036
-1.68624 107.147 -0.753558 107.316
-1.8557 110.482 -0.901439 110.685
-1.94909 113.881 -0.978019 114.121
-1.94014 117.341 -0.934181 117.583
-1.83308 120.866 -0.800561 121.121
-1.66595 124.466 -0.599118 124.711
-1.45419 128.143 -0.374032 128.431
-1.21275 131.911 -0.0784758 132.191
-0.998254 135.781 0.185409 136.077
-0.86007 139.749 0.394832 140.026
-0.808213 143.818 0.503823 144.108
-0.818199 147.962 0.573886 148.262
-0.863698 152.202 0.580234 152.498
-0.925229 156.508 0.603489 156.815
-1.00734 160.832 0.576736 161.166
-1.11266 165.145 0.523112 165.477
-1.22558 169.454 0.46985 169.818
-1.33319 173.747 0.418278 174.089
-1.42753 178.011 0.413727 178.374
-1.49824 182.25 0.430357 182.604
-1.55921 186.456 0.447091 186.871
-1.60307 190.634 0.519364 191.014
-1.63387 194.776 0.542507 195.182
-1.66987 198.89 0.556093 199.286
-1.70598 202.97 0.620937 203.389
-1.73778 207.012 0.642199 207.421
-1.7684 211.025 0.684832 211.421
-1.80273 214.967 0.711325 215.375
-1.84251 218.743 0.710371 219.148
-1.89517 222.285 0.694357 222.697
-1.97197 225.567 0.651322 225.987
-2.07378 228.574 0.583451 228.997
-2.17419 231.287 0.527313 231.724
-2.28007 233.719 0.468293 234.149
-2.37256 236.037 0.410712 236.494
-2.42154 238.338 0.423972 238.789
-2.45747 240.614 0.447387 241.078
-2.47794 242.859 0.486685 243.369
-2.4876 245.075 0.532736 245.6
-2.49727 247.316 0.572418 247.834
-2.50649 249.599 0.608834 250.18
-2.50345 251.922 0.637368 252.499
-2.49893 254.304 0.714471 254.962
-2.47578 256.707 0.774865 257.259
-2.41879 259.176 0.869983 259.735
-2.35718 261.688 0.991034 262.272
-2.27845 264.283 1.12095 264.885
-2.18105 266.96 1.24737 267.528
-2.07299 269.712 1.39585 270.311
-1.97718 272.516 1.55596 273.081
-1.90331 275.322 1.68147 275.885
-1.86017 278.122 1.78967 278.667
-1.83488 280.907 1.8893 281.472
-1.82038 283.663 1.97942 284.238
-1.82129 286.356 2.05917 286.937
-1.83581 288.891 2.10095 289.444
-1.84383 291.366 2.15335 291.93
-1.84021 293.812 2.21135 294.39
-1.82383 296.232 2.28292 296.809
-1.81203 298.624 2.34086 299.203
