0 2.22045e-16 -4.65661e-10 -2.98023e-08
-0.0418032 3.57563 -0.00335839 3.62107
-0.0836255 7.15277 -0.00302229 7.22049
-0.125431 10.7283 0.0164617 10.8449
-0.167141 14.3035 0.011735 14.4125
-0.208176 17.881 -0.0247003 18.0112
-0.253156 21.4647 -0.0626421 21.5611
-0.307115 25.0468 -0.0977406 25.208
-0.367799 28.6371 -0.142852 28.7909
-0.435716 32.2319 -0.199734 32.3699
-0.509819 35.8126 -0.25431 35.9571
-0.590462 39.4055 -0.301079 39.5614
-0.675668 42.9959 -0.318949 43.1581
-0.761728 46.5961 -0.363 46.7601
-0.822002 50.2035 -0.39325 50.3702
-0.875378 53.8112 -0.383835 53.9918
-0.933231 57.4278 -0.414959 57.6027
-1.00672 61.0421 -0.459218 61.2681
-1.07847 64.6476 -0.481529 64.8602
-1.15768 68.2411 -0.507969 68.4596
-1.24323 71.816 -0.552434 71.9791
-1.31025 75.3655 -0.597315 75.5325
-1.33795 78.8946 -0.587128 79.0708
-1.33565 82.3991 -0.562028 82.6052
-1.29299 85.877 -0.482999 86.0588
-1.21667 89.3334 -0.370876 89.5243
-1.10175 92.7913 -0.262682 92.9461
-0.953966 96.2554 -0.101027 96.4187
-0.782045 99.7397 0.0797937 99.8893
-0.607718 103.279 0.282211 103.456
-0.448327 106.867 0.434409 107.025
-0.329075 110.492 0.568843 110.677
-0.253779 114.143 0.665278 114.339
-0.232571 117.812 0.694851 118.029
-0.256232 121.501 0.678362 121.727
-0.297015 125.224 0.635583 125.448
-0.353204 128.97 0.604453 129.215
-0.397623 132.734 0.61355 132.992
-0.443887 136.523 0.634885 136.817
-0.490815 140.331 0.653427 140.659
-0.550146 144.153 0.698179 144.491
-0.601569 147.961 0.720666 148.332
-0.649286 151.756 0.757054 152.156
-0.703475 155.553 0.773327 155.908
-0.75814 159.342 0.827312 159.699
-0.821014 163.126 0.82867 163.486
-0.891591 166.914 0.849244 167.29
-0.968255 170.705 0.815571 171.109
-1.05365 174.498 0.782287 174.918
-1.14094 178.289 0.768598 178.709
-1.22091 182.072 0.739229 182.511
-1.31192 185.843 0.731455 186.304
-1.40087 189.586 0.715114 190.032
-1.48235 193.303 0.716951 193.752
-1.54334 196.982 0.730228 197.451
-1.59323 200.619 0.754967 201.081
-1.62986 204.203 0.755293 204.684
-1.65597 207.709 0.778587 208.175
-1.68092 211.094 0.80952 211.556
-1.71766 214.345 0.842201 214.802
-1.7581 217.485 0.870305 217.933
-1.82019 220.495 0.846233 220.937
-1.9005 223.323 0.809051 223.792
-1.99932 225.946 0.77083 226.447
-2.11395 228.382 0.694069 228.883
-2.21517 230.658 0.615412 231.184
-2.30914 232.838 0.56055 233.365
-2.38958 234.992 0.518681 235.528
-2.45827 237.112 0.480851 237.637
-2.50154 239.2 0.477011 239.737
-2.5282 241.264 0.501317 241.813
-2.54339 243.356 0.525358 243.968
-2.54662 245.471 0.567097 246.065
-2.54206 247.636 0.621622 248.244
-2.54094 249.857 0.68617 250.471
-2.52947 252.145 0.750111 252.767
-2.52283 254.511 0.801182 255.182
-2.49585 256.93 0.874119 257.591
-2.42627 259.43 0.986234 260.146
-2.34791 261.94 1.11729 262.622
-2.24929 264.463 1.25878 265.187
-2.1206 266.989 1.42737 267.659
-1.97234 269.529 1.60775 270.186
-1.82945 272.089 1.78373 272.767
-1.70085 274.651 1.95132 275.355
-1.58558 277.204 2.10407 277.889
-1.48931 279.735 2.23709 280.461
-1.4319 282.203 2.33698 282.884
-1.41125 284.555 2.3867 285.248
-1.42342 286.744 2.41274 287.455
-1.47765 288.751 2.39262 289.473
-1.59716 290.628 2.31531 291.337
-1.83449 292.379 2.10051 293.081
-2.20954 293.998 1.75458 294.697
-2.73939 295.467 1.23772 296.185
-3.42557 296.783 0.562616 297.515
-4.26856 297.944 -0.281918 298.681
-5.27032 298.869 -1.26034 299.634
-6.40439 299.609 -2.37345 300.364
-7.62009 300.062 -3.56798 300.837
-8.84975 300.287 -4.80236 301.081
-10.1361 300.271 -6.06911 301.079
-11.4879 299.994 -7.42081 300.806
-12.8598 299.434 -8.77699 300.261
-14.2125 298.522 -10.1261 299.446
-15.5692 297.36 -11.4878 298.282
-16.9039 295.877 -12.8638 296.823
-18.1234 294.047 -14.1198 294.991
-19.2138 291.862 -15.256 292.853
-20.1292 289.391 -16.2275 290.376
-20.8116 286.621 -16.9772 287.602
-21.2269 283.593 -17.4607 284.569
-21.3836 280.311 -17.7036 281.299
-21.2898 276.829 -17.6747 277.753
-21.0019 273.207 -17.4347 274.117
-20.6659 269.428 -17.1507 270.332
-20.3459 265.51 -16.9138 266.416
-20.0709 261.517 -16.7328 262.379
-19.8553 257.511 -16.5701 258.344
-19.7034 253.475 -16.458 254.29
-19.6137 249.416 -16.4372 250.316
-19.5513 245.338 -16.4454 246.204
-19.5138 241.222 -16.4586 242.083
-19.481 237.073 -16.4778 237.853
-19.4304 232.893 -16.4814 233.666
-19.3556 228.688 -16.4788 229.449
-19.2882 224.454 -16.4793 225.223
-19.2149 220.186 -16.4615 220.969
-19.1405 215.891 -16.4699 216.699
-19.0532 211.57 -16.4659 212.354
-18.9602 207.219 -16.473 207.955
-18.8648 202.832 -16.4577 203.586
-18.7808 198.44 -16.4314 199.193
-18.6972 194.056 -16.4479 194.766
-18.6285 189.691 -16.4487 190.445
-18.5769 185.352 -16.4842 186.077
-18.5334 181.032 -16.5212 181.731
-18.5107 176.751 -16.586 177.435
-18.5183 172.538 -16.7029 173.312
-18.5517 168.447 -16.7763 169.143
-18.605 164.539 -16.9 165.257
-18.6621 160.837 -17.0069 161.56
-18.7171 157.36 -17.1007 158.066
-18.7623 154.117 -17.1838 154.806
-18.8044 151.111 -17.2706 151.747
-18.8377 148.339 -17.332 148.98
-18.8628 145.754 -17.3926 146.373
-18.8863 143.302 -17.4491 143.929
-18.9087 140.993 -17.4904 141.656
-18.9268 138.765 -17.5356 139.398
-18.9546 136.621 -17.5758 137.235
-18.9791 134.517 -17.6423 135.151
-19.0039 132.429 -17.689 133.061
-19.0117 130.377 -17.7199 130.999
-19.0297 128.287 -17.7517 128.902
-19.0409 126.09 -17.7734 126.709
-19.034 123.793 -17.7914 124.4
-19.0079 121.337 -17.7811 121.92
-18.9624 118.74 -17.7525 119.323
-18.8816 115.984 -17.7131 116.557
-18.7626 113.072 -17.6118 113.632
-18.5927 110.01 -17.4827 110.566
-18.3897 106.797 -17.2978 107.335
-18.1873 103.411 -17.1339 103.945
-17.972 99.8817 -16.9613 100.41
-17.7537 96.2085 -16.7761 96.7219
-17.5437 92.3932 -16.5973 92.8687
-17.3507 88.4541 -16.4404 88.9331
-17.1883 84.3517 -16.3262 84.7995
-17.0483 80.1265 -16.2261 80.59
-16.9389 75.7575 -16.1467 76.1924
-16.8449 71.3345 -16.1146 71.736
-16.7792 66.9246 -16.115 67.3114
-16.7237 62.5225 -16.1072 62.869
-16.6773 58.1185 -16.0937 58.4779
-16.6229 53.7352 -16.0561 54.1093
-16.5545 49.3668 -16.0112 49.7412
-16.4783 45.0138 -15.976 45.3558
-16.4018 40.6979 -15.9487 41.027
-16.3325 36.3968 -15.9317 36.6562
-16.264 32.1247 -15.8992 32.3593
-16.2128 27.8676 -15.8863 28.0961
-16.1536 23.6461 -15.8528 23.8726
-16.1004 19.4725 -15.8306 19.7127
-16.0573 15.333 -15.7927 15.5603
-15.9999 11.2215 -15.7709 11.4374
-15.9576 7.1228 -15.735 7.28618
-15.9259 3.03892 -15.7295 3.1691
-15.8712 -1.06317 -15.6922 -0.943881
-15.8232 -5.19233 -15.6815 -5.08058
-15.7739 -9.35714 -15.6497 -9.22047
-15.7223 -13.5475 -15.6173 -13.4516
-15.6752 -17.7644 -15.5923 -17.6856
-15.6299 -22.0039 -15.5719 -21.9548
-15.5903 -26.2678 -15.5512 -26.1884
-15.5368 -30.5478 -15.5042 -30.4841
-15.4933 -34.82 -15.4722 -34.7663
-15.4441 -39.0822 -15.4214 -39.0408
-15.3925 -43.3226 -15.3837 -43.2719
-15.3378 -47.5379 -15.3377 -47.5008
-15.277 -51.7485 -15.3026 -51.7275
-15.2177 -55.9495 -15.2442 -55.9576
-15.1701 -60.1507 -15.2248 -60.1683
-15.128 -64.3508 -15.1974 -64.3679
-15.0914 -68.5388 -15.1772 -68.5752
-15.0644 -72.7084 -15.1658 -72.7206
-15.0308 -76.8564 -15.1531 -76.892
-14.9793 -80.9536 -15.1263 -81.0289
-14.9247 -85.035 -15.0859 -85.1086
-14.874 -89.0704 -15.0429 -89.1448
-14.8243 -93.0767 -15.0072 -93.1454
-14.787 -97.0455 -14.9992 -97.1128
-14.7585 -100.984 -14.9974 -101.069
-14.7396 -104.892 -14.995 -104.97
-14.7282 -108.763 -15.0016 -108.844
-14.7248 -112.605 -15.0149 -112.723
-14.7178 -116.411 -15.0286 -116.525
-14.7098 -120.173 -15.0394 -120.305
-14.7005 -123.867 -15.0505 -124.012
-14.6985 -127.485 -15.0639 -127.625
-14.7123 -131.009 -15.0913 -131.17
-14.7333 -134.417 -15.1266 -134.581
-14.7523 -137.654 -15.1622 -137.827
-14.7736 -140.676 -15.2126 -140.862
-14.8084 -143.452 -15.2544 -143.637
-14.8188 -145.963 -15.2876 -146.153
-14.6882 -148.225 -15.171 -148.401
-14.3642 -150.225 -14.8638 -150.408
-13.8334 -151.95 -14.3444 -152.106
-13.0824 -153.424 -13.6066 -153.571
-12.0933 -154.666 -12.6269 -154.804
-10.9011 -155.63 -11.4458 -155.747
-9.56712 -156.278 -10.1197 -156.392
-8.1744 -156.635 -8.73467 -156.726
-6.73417 -156.651 -7.33856 -156.752
-5.26192 -156.394 -5.86487 -156.501
-3.83834 -155.808 -4.41951 -155.911
-2.48057 -154.891 -3.06341 -154.984
-1.26849 -153.64 -1.8676 -153.743
-0.226137 -152.061 -0.824193 -152.21
0.552355 -150.217 -0.0366393 -150.383
1.04825 -148.113 0.467157 -148.301
1.3485 -145.76 0.780001 -145.938
1.46345 -143.198 0.907729 -143.399
1.47132 -140.451 0.917625 -140.657
1.49937 -137.518 0.95562 -137.718
1.5045 -134.422 0.964669 -134.625
1.49856 -131.16 0.976031 -131.366
1.47002 -127.744 0.959059 -127.951
1.43672 -124.185 0.940604 -124.392
1.41318 -120.492 0.938313 -120.688
1.40577 -116.657 0.952208 -116.828
1.38503 -112.695 0.954664 -112.852
1.33055 -108.593 0.92811 -108.731
1.25962 -104.368 0.885306 -104.519
1.17008 -100.008 0.820291 -100.119
1.08927 -95.5157 0.771035 -95.6129
1.00915 -90.9823 0.709765 -91.0486
0.939998 -86.4669 0.657546 -86.5389
0.883448 -81.9495 0.609142 -82.0192
0.838174 -77.4396 0.585556 -77.5354
0.800315 -72.9364 0.5524 -73.0008
0.745043 -68.4626 0.516902 -68.5396
0.694629 -64.0051 0.478125 -64.0831
0.637038 -59.5756 0.459283 -59.6311
0.557118 -55.1606 0.394942 -55.2272
0.456131 -50.7785 0.323826 -50.8195
0.362164 -46.418 0.247819 -46.4396
0.280628 -42.0791 0.180987 -42.0811
0.202969 -37.7625 0.120592 -37.7405
0.132669 -33.4638 0.060861 -33.4366
0.0848288 -29.194 0.0173431 -29.1713
0.0525687 -24.9477 -0.0206494 -24.9172
0.0323287 -20.7384 -0.0276197 -20.6965
0.0251613 -16.5503 -0.00340569 -16.4993
0.0215879 -12.4038 0.0180858 -12.3309
-0.000536566 -8.28514 0.0182493 -8.2054
-0.0311414 -4.18329 0.013988 -4.08173
-0.0728973 -0.0907003 -0.011144 0.0277369
-0.117564 3.98804 -0.0224846 4.11485
-0.160177 8.05984 -0.0493785 8.17965
-0.208154 12.1232 -0.0800031 12.2741
-0.24822 16.1809 -0.119543 16.3357
-0.283357 20.2333 -0.130969 20.3914
-0.323376 24.2731 -0.148676 24.4539
-0.367457 28.2931 -0.160066 28.4797
-0.413999 32.2825 -0.170522 32.4822
-0.451537 36.2434 -0.170703 36.4322
-0.483912 40.1738 -0.183188 40.3727
-0.534623 44.076 -0.196632 44.2876
-0.599992 47.9611 -0.221378 48.1914
-0.674006 51.8104 -0.261033 52.0415
-0.762477 55.6295 -0.315623 55.9023
-0.859787 59.4341 -0.369661 59.6984
-0.962179 63.2074 -0.433012 63.465
-1.06865 66.9537 -0.470429 67.1898
-1.18816 70.6687 -0.554273 70.8711
-1.29346 74.3411 -0.597622 74.5924
-1.3594 77.8869 -0.63297 78.0772
-1.40295 81.2677 -0.654734 81.5073
-1.40264 84.5575 -0.615139 84.7785
-1.39133 87.8365 -0.554499 88.0452
-1.3724 91.0757 -0.526813 91.279
-1.34885 94.2821 -0.499496 94.517
-1.34636 97.4521 -0.487032 97.6713
-1.39741 100.636 -0.515493 100.867
-1.50781 103.868 -0.611341 104.085
-1.68624 107.147 -0.776339 107.362
-1.8557 110.482 -0.915726 110.731
-1.94909 113.881 -0.992618 114.167
-1.94014 117.341 -0.95944 117.641
-1.83308 120.866 -0.837946 121.17
-1.66595 124.466 -0.660478 124.781
-1.45419 128.143 -0.415619 128.481
-1.21275 131.911 -0.120092 132.263
-0.998254 135.781 0.160137 136.118
-0.86007 139.749 0.422503 140.089
-0.808213 143.818 0.548984 144.155
-0.818199 147.962 0.622821 148.324
-0.863698 152.202 0.649578 152.591
-0.925229 156.508 0.647576 156.881
-1.00734 160.832 0.633919 161.236
-1.11266 165.145 0.578458 165.562
-1.22558 169.454 0.521223 169.895
-1.33319 173.747 0.522801 174.143
-1.42753 178.011 0.481387 178.413
-1.49824 182.25 0.476944 182.669
-1.55921 186.456 0.461577 186.913
-1.60307 190.634 0.564822 191.094
-1.63387 194.776 0.617954 195.229
-1.66987 198.89 0.636437 199.346
-1.70598 202.97 0.689122 203.462
-1.73778 207.012 0.714411 207.5
-1.7684 211.025 0.742462 211.477
-1.80273 214.967 0.793981 215.417
-1.84251 218.743 0.792353 219.213
-1.89517 222.285 0.791817 222.756
-1.97197 225.567 0.732763 226.059
-2.07378 228.574 0.676697 229.066
-2.17419 231.287 0.621198 231.78
-2.28007 233.719 0.546188 234.226
-2.37256 236.037 0.497835 236.563
-2.42154 238.338 0.492708 238.858
-2.45747 240.614 0.52343 241.148
-2.47794 242.859 0.554762 243.431
-2.4876 245.075 0.606219 245.669
-2.49727 247.316 0.645133 247.904
-2.50649 249.599 0.666002 250.208
-2.50345 251.922 0.680349 252.603
-2.49893 254.304 0.738788 254.976
-2.47578 256.707 0.815502 257.348
-2.41879 259.176 0.918878 259.818
-2.35718 261.688 1.03531 262.376
-2.27845 264.283 1.15284 264.97
-2.18105 266.96 1.28362 267.615
-2.07299 269.712 1.42485 270.431
-1.97718 272.516 1.55998 273.211
-1.90331 275.322 1.68377 275.998
-1.86017 278.122 1.77407 278.757
-1.83488 280.907 1.85946 281.606
-1.82038 283.663 1.9168 284.357
-1.82129 286.356 1.98318 287.036
-1.83581 288.891 2.01613 289.575
-1.84383 291.366 2.05531 292.058
-1.84021 293.812 2.1049 294.523
-1.82383 296.232 2.1587 296.959
-1.81203 298.624 2.20471 299.342
