0 7.59589e-05 0.00438405 100 5.78035
0 2.81557e-05 0.00611062 200 6.36943
0 2.59908e-05 0.00406924 300 6.72646
0 1.69586e-05 0.00212765 400 6.90846
0 1.01017e-05 0.00231047 500 6.29723
0 1.46032e-05 0.00171178 600 6.74157
10 7.09271e-05 0.00279191 100 6.09756
10 2.52541e-05 0.0048317 200 6.45161
10 2.45224e-05 0.00273639 300 6.84932
10 1.23285e-05 0.0015165 400 7.01754
10 8.89692e-06 0.00208494 500 6.36943
10 1.47161e-05 0.0015118 600 6.80272
20 5.81855e-05 0.00279755 100 6.36943
20 2.31612e-05 0.00436547 200 6.49351
20 2.0907e-05 0.0025002 300 6.96056
20 1.06419e-05 0.00159917 400 7.11744
20 9.61803e-06 0.00214788 500 6.43501
20 1.53764e-05 0.00157135 600 6.85714
30 6.99114e-05 0.00209038 100 6.62252
30 3.34749e-05 0.00428887 200 6.53595
30 2.26114e-05 0.00239956 300 7.04225
30 1.18352e-05 0.00152809 400 7.20721
30 7.93364e-06 0.00211209 500 6.50195
30 1.34709e-05 0.00164651 600 6.88863
40 7.58018e-05 0.00277141 100 6.84932
40 3.61296e-05 0.00492524 200 6.57895
40 2.53196e-05 0.00272265 300 7.07547
40 1.73495e-05 0.00167395 400 7.29927
40 9.95903e-06 0.00221088 500 6.56168
40 1.42358e-05 0.00169276 600 6.91244
50 6.34767e-05 0.00382329 100 7.04225
50 3.24809e-05 0.00573265 200 6.60066
50 3.07528e-05 0.00361934 300 7.05882
50 2.28373e-05 0.00234201 400 7.36648
50 1.39823e-05 0.0025774 500 6.60502
50 1.52466e-05 0.00172155 600 6.89655
60 5.21342e-05 0.00422427 100 7.0922
60 2.9901e-05 0.00546412 200 6.62252
60 2.48444e-05 0.00314124 300 6.99301
60 2.29025e-05 0.00226111 400 7.40741
60 1.46159e-05 0.00255649 500 6.64011
60 1.63573e-05 0.00162003 600 6.88073
70 8.38653e-05 0.00510758 100 7.14286
70 2.21079e-05 0.00580692 200 6.64452
70 2.44141e-05 0.00267027 300 6.94444
70 2.12487e-05 0.00211782 400 7.42115
70 1.51918e-05 0.00244994 500 6.66667
70 1.77365e-05 0.00153213 600 6.87285
80 8.78909e-05 0.00655832 100 7.14286
80 2.5017e-05 0.00632703 200 6.68896
80 2.1715e-05 0.00277126 300 6.92841
80 1.98717e-05 0.00227308 400 7.43494
80 1.59273e-05 0.00246839 500 6.68449
80 1.85219e-05 0.00147195 600 6.86499
90 8.52749e-05 0.00716938 100 7.14286
90 2.76214e-05 0.005571 200 6.71141
90 2.29025e-05 0.00209309 300 6.94444
90 1.8106e-05 0.00178579 400 7.43494
90 1.58372e-05 0.00207387 500 6.71141
90 1.94294e-05 0.00130909 600 6.85714
100 5.28158e-05 0.007479 100 7.0922
100 3.17383e-05 0.00485242 200 6.75676
100 2.67938e-05 0.00166432 300 6.96056
100 1.52954e-05 0.00180686 400 7.29927
100 1.55025e-05 0.00193327 500 6.72948
100 1.48505e-05 0.00117361 600 6.83371
110 5.25896e-05 0.00966575 100 7.0922
110 3.42668e-05 0.00516982 200 6.80272
110 2.87493e-05 0.00186485 300 6.99301
110 2.06079e-05 0.00326618 400 6.22084
110 1.94824e-05 0.00222662 500 6.75676
110 1.21799e-05 0.00112703 600 6.81044
120 7.02516e-05 0.0113999 100 7.14286
120 4.14322e-05 0.00536116 200 6.87285
120 3.21015e-05 0.00211829 300 7.02576
120 2.91951e-05 0.00379459 400 6.21118
120 2.1793e-05 0.00230605 500 6.79348
120 8.41804e-06 0.000997591 600 6.77966
130 7.48523e-05 0.0123536 100 7.35294
130 4.7717e-05 0.00585215 200 6.99301
130 3.69722e-05 0.00235903 300 7.0922
130 3.08335e-05 0.00395063 400 6.25
130 2.30685e-05 0.00248643 500 6.83995
130 8.84016e-06 0.00121556 600 6.72646
140 7.17626e-05 0.0123221 100 7.57576
140 4.70883e-05 0.00558572 200 7.14286
140 3.78223e-05 0.00242131 300 7.17703
140 3.2019e-05 0.00396862 400 6.29921
140 2.40799e-05 0.00246103 500 6.89655
140 8.87754e-06 0.00113042 600 6.66667
150 4.9314e-05 0.00974814 100 7.75194
150 3.0785e-05 0.00436396 200 7.24638
150 2.8657e-05 0.00197508 300 7.26392
150 2.62381e-05 0.00350951 400 6.33914
150 2.37006e-05 0.00191607 500 6.93481
150 1.0326e-05 0.000701934 600 6.59341
160 4.58049e-05 0.00687204 100 7.69231
160 1.0358e-05 0.0040982 200 7.29927
160 1.96664e-05 0.0022489 300 7.31707
160 2.90416e-05 0.00318652 400 6.37959
160 2.96209e-05 0.00144725 500 6.96379
160 1.11286e-05 0.00093863 600 6.53595
170 4.02647e-05 0.00386861 100 7.14286
170 1.92237e-05 0.00264125 200 7.27273
170 1.26074e-05 0.00195954 300 7.35294
170 2.62381e-05 0.00308016 400 6.42055
170 2.827e-05 0.001324 500 6.96379
180 5.79803e-05 0.004469 100 6.36943
180 1.40248e-05 0.00329643 200 7.22022
180 2.34737e-05 0.0023337 300 7.40741
180 2.78632e-05 0.00272896 400 6.45161
180 2.93134e-05 0.00168617 500 6.92521
190 5.50266e-05 0.0057046 100 6.17284
190 2.19727e-05 0.00431443 200 7.06714
190 3.74705e-05 0.0029412 300 7.44417
190 3.23891e-05 0.00276708 400 6.49351
190 3.07116e-05 0.00194689 500 6.86813
200 2.0716e-05 0.00489963 100 6.13497
200 9.13491e-06 0.00299298 200 6.87285
200 2.75734e-05 0.00238929 300 7.4813
200 2.69387e-05 0.00254585 400 6.51466
200 2.81686e-05 0.00180763 500 6.82128
210 6.81849e-05 0.00748477 100 6.17284
210 3.02971e-05 0.00501107 200 6.80272
210 5.23629e-05 0.00344251 300 7.5
210 4.21634e-05 0.00240219 400 6.54664
210 4.09931e-05 0.00253164 500 6.80272
220 2.53718e-05 0.00557346 100 6.21118
220 1.26859e-05 0.00307328 200 6.80272
220 2.15926e-05 0.00291196 300 7.5188
220 3.38734e-05 0.00252422 400 6.56814
220 3.40823e-05 0.00202356 500 6.79348
230 3.65396e-05 0.0058895 100 6.28931
230 1.98341e-05 0.00299324 200 6.82594
230 2.55799e-05 0.0026385 300 7.5188
230 3.77436e-05 0.00210724 400 6.60066
230 3.66444e-05 0.00218535 500 6.78426
240 2.88871e-05 0.00363352 100 6.41026
240 1.38107e-05 0.00173542 200 6.87285
240 1.34216e-05 0.0019889 300 7.33496
240 2.601e-05 0.00206495 400 6.6335
240 1.97257e-05 0.00180045 500 6.7659
250 2.76214e-05 0.00416053 100 6.49351
250 1.69146e-05 0.00280549 200 6.92042
250 1.69927e-05 0.00438159 300 5.96421
250 2.75675e-05 0.00279158 400 6.66667
250 1.78474e-05 0.00184664 500 6.74764
260 1.95313e-05 0.00587258 100 6.57895
260 3.01986e-05 0.00343745 200 6.94444
260 3.49084e-05 0.0047034 300 5.92885
260 3.65807e-05 0.00264691 400 6.70017
260 1.91118e-05 0.00226812 500 6.69344
270 2.67443e-05 0.00554699 100 6.66667
270 2.41687e-05 0.00370898 200 6.96864
270 3.1223e-05 0.00488706 300 5.94059
270 3.24121e-05 0.00306169 400 6.72269
270 1.38796e-05 0.00216587 500 6.51042
280 2.58374e-05 0.00624241 100 6.75676
280 2.75133e-05 0.00387636 200 7.01754
280 3.00998e-05 0.00483725 300 5.9761
280 3.22508e-05 0.0031696 400 6.75676
280 1.6659e-05 0.0021076 500 6.37755
290 2.84715e-05 0.00734274 100 6.84932
290 1.65584e-05 0.00375414 200 7.11744
290 2.52673e-05 0.00447561 300 6.0241
290 2.92206e-05 0.00324606 400 6.79117
290 9.21288e-06 0.00165922 500 6.32111
300 3.23889e-05 0.00700666 100 7.0922
300 1.74351e-05 0.00379262 200 7.24638
300 2.45224e-05 0.00425348 300 6.10998
300 2.95503e-05 0.00345444 400 6.83761
310 3.48703e-05 0.0058931 100 7.40741
310 1.19604e-05 0.00327453 200 7.46269
310 2.31898e-05 0.00359384 300 6.19835
310 2.96509e-05 0.00315053 400 6.90846
320 3.62119e-05 0.00389484 100 7.75194
320 0 0.00204675 200 7.69231
320 2.92517e-05 0.00254864 300 6.31579
320 3.36306e-05 0.00245026 400 6.99301
330 4.31239e-05 0.00367631 100 8.13008
330 1.61945e-05 0.00185561 200 7.90514
330 2.8425e-05 0.0021295 300 6.41026
330 3.117e-05 0.00237515 400 7.05467
340 2.84715e-05 0.00254855 100 8.26446
340 1.72634e-05 0.00174932 200 8.09717
340 3.52858e-05 0.00184125 300 6.50759
340 3.24581e-05 0.0023894 400 7.07965
350 3.31169e-05 0.00320139 100 8.13008
350 3.29364e-05 0.00225069 200 8.23045
350 3.16862e-05 0.00255134 300 6.57895
350 2.95755e-05 0.00250498 400 7.04225
360 1.19604e-05 0.00431703 100 7.75194
360 2.84715e-05 0.00268275 200 8.33333
360 3.54356e-05 0.00296112 300 6.62252
360 3.44189e-05 0.0023945 400 6.99301
370 3.45267e-05 0.00617808 100 7.5188
370 3.03953e-05 0.0050552 200 8.3682
370 3.49842e-05 0.00489798 300 6.65188
370 3.55058e-05 0.00359251 400 6.96864
380 0 0.00532876 100 7.40741
380 3.00005e-05 0.00504423 200 8.33333
380 3.77171e-05 0.00485121 300 6.66667
380 3.69858e-05 0.00401953 400 6.93241
390 3.04932e-05 0.00408759 100 7.35294
390 2.71864e-05 0.00342868 200 8.19672
390 4.07229e-05 0.00372572 300 6.68151
390 3.37632e-05 0.00347803 400 6.88468
400 3.12653e-05 0.00329525 100 7.29927
400 2.90928e-05 0.0045659 200 5.74713
400 3.99346e-05 0.002848 300 6.69643
400 2.76754e-05 0.00277976 400 6.81431
410 4.39454e-05 0.0030255 100 7.24638
410 4.47519e-05 0.00473774 200 5.61798
410 4.59784e-05 0.0026775 300 6.71141
410 2.33854e-05 0.00279978 400 6.70017
420 5.48095e-05 0.00215469 100 7.19424
420 4.6707e-05 0.00425705 200 5.61798
420 5.05873e-05 0.00215744 300 6.72646
420 2.93479e-05 0.00294953 400 6.4
430 3.65396e-05 0.00358551 100 7.24638
430 4.88283e-05 0.00562755 200 5.6338
430 4.92069e-05 0.00310109 300 6.72646
430 1.76475e-05 0.00263457 400 6.23053
440 3.78221e-05 0.00421036 100 7.35294
440 5.14438e-05 0.00535943 200 5.69801
440 4.94218e-05 0.00347603 300 6.74157
450 5.54582e-05 0.00324335 100 7.57576
450 5.5135e-05 0.00430101 200 5.76369
450 5.13668e-05 0.00414545 300 6.74157
460 4.80902e-05 0.00209415 100 7.87402
460 5.92013e-05 0.00280893 200 5.8651
460 4.81456e-05 0.00327827 300 6.72646
470 6.64136e-05 0.00180649 100 8.19672
470 6.01997e-05 0.00216632 200 5.95238
470 4.92876e-05 0.00366081 300 6.72646
480 8.34378e-05 0.00203439 100 8.62069
480 6.12305e-05 0.00255069 200 6.06061
480 5.04562e-05 0.00393464 300 6.74157
490 6.05942e-05 0.0023138 100 8.92857
490 5.33772e-05 0.003077 200 6.17284
490 4.62369e-05 0.00284311 300 6.75676
500 4.75918e-05 0.00128847 100 9.25926
500 5.56729e-05 0.00202325 200 6.25
500 4.95021e-05 0.00265766 300 6.78733
510 5.07437e-05 0.00281325 100 9.43396
510 5.24763e-05 0.00327065 200 6.30915
510 4.66363e-05 0.00243565 300 6.78733
520 3.93665e-05 0.00283735 100 9.34579
520 6.24355e-05 0.00330259 200 6.34921
520 5.26656e-05 0.00351933 300 6.74157
530 5.12114e-05 0.00106369 100 8.19672
530 6.3336e-05 0.0012266 200 6.36943
530 3.80319e-05 0.00298737 300 6.68151
540 5.63114e-05 0.00638212 100 4.60829
540 6.07909e-05 0.00078491 200 6.41026
540 3.33958e-05 0.00268296 300 6.59341
550 5.77743e-05 0.00572848 100 4.56621
550 6.47783e-05 0.00140948 200 6.45161
550 3.52482e-05 0.00244655 300 6.41026
560 7.94866e-05 0.00576037 100 4.56621
560 7.43735e-05 0.00259179 200 6.47249
560 4.43357e-05 0.00342076 300 6.07287
570 7.96365e-05 0.00615955 100 4.58716
570 6.39914e-05 0.00175634 200 6.47249
570 2.38098e-05 0.00244094 300 5.87084
580 7.65841e-05 0.00557833 100 4.62963
580 6.06928e-05 0.00252282 200 6.34921
590 8.18511e-05 0.00491455 100 4.65116
590 4.43505e-05 0.00193835 200 6.15385
600 9.14798e-05 0.00479362 100 4.6729
600 6.0496e-05 0.00296855 200 5.98802
610 0.000100544 0.00348399 100 4.69484
610 7.0675e-05 0.00306676 200 5.93472
620 0.000100187 0.00301454 100 4.73934
620 6.40379e-05 0.00259392 200 5.8997
630 8.8701e-05 0.00392089 100 4.80769
630 5.28159e-05 0.00220531 200 5.8997
640 8.73467e-05 0.00393256 100 4.9505
640 4.47519e-05 0.00182397 200 5.95238
650 8.85665e-05 0.00371072 100 5.15464
650 4.12158e-05 0.00181303 200 6.07903
660 8.48545e-05 0.0038757 100 5.40541
660 4.00421e-05 0.00169781 200 6.23053
670 8.17053e-05 0.00411745 100 5.71429
670 3.89097e-05 0.0016183 200 6.43087
680 7.53285e-05 0.00415102 100 6.06061
680 3.57148e-05 0.00146212 200 6.64452
690 7.15962e-05 0.00450075 100 6.45161
690 3.40924e-05 0.00174001 200 6.87285
700 7.2094e-05 0.00433339 100 6.89655
700 3.38292e-05 0.00188616 200 7.11744
710 6.93979e-05 0.00486676 100 7.40741
710 3.21117e-05 0.00225837 200 7.38007
720 6.55099e-05 0.00341278 100 8
720 2.87838e-05 0.00204092 200 7.63359
730 6.38512e-05 0.00235781 100 8.69565
730 2.74048e-05 0.00236512 200 7.93651
740 6.78343e-05 0.00206996 100 9.34579
740 2.94997e-05 0.00264346 200 8.16327
750 7.48523e-05 0.00108121 100 10.101
750 3.22044e-05 0.00256555 200 8.33333
760 8.61096e-05 0.00329544 100 10.5263
760 4.18615e-05 0.00357026 200 8.33333
770 8.38653e-05 0.00476189 100 10.8696
770 4.1288e-05 0.0033815 200 7.84314
780 8.4573e-05 0.00512643 100 10.8696
780 4.50175e-05 0.00397721 200 7.0922
790 5.14437e-05 0.00214198 100 10.5263
800 4.20036e-05 0.00141132 100 9.43396
810 3.12653e-05 0.00118923 100 8.40336
820 4.14321e-05 0.00176334 100 8
830 2.76214e-05 0.00249684 100 7.69231
840 3.00997e-05 0.00280121 100 7.35294
850 3.87561e-05 0.00486815 100 6.99301
860 6.71277e-05 0.00703581 100 6.13497
870 6.58729e-05 0.0082122 100 5.20833
880 7.67396e-05 0.0125319 100 4.83092
