1 -3.64932e-10 -5.02005e-12 2.32831e-10 -6.92874e-10 1 4.10834e-10 7.45058e-09 1.04042e-13 9.60589e-11 1 0
0.999998 0.00109278 0.00189888 0.00503904 -0.00108266 0.999985 -0.00532456 -0.0117623 -0.00190468 0.00532249 0.999984 0.949939
0.999996 -0.00073291 0.0028199 0.00694956 0.000749074 0.999983 -0.00573576 -0.0218746 -0.00281565 0.00573785 0.99998 1.90252
0.999988 -0.00285867 0.00401076 0.00667665 0.00286842 0.999993 -0.00242594 -0.0262525 -0.00400379 0.00243742 0.999989 2.86977
0.999973 -0.00673666 0.0028498 0.00950804 0.00672574 0.99997 0.00382587 -0.0310016 -0.00287549 -0.0038066 0.999989 3.8104
0.999954 -0.00946212 0.00131606 0.0157143 0.00945638 0.999946 0.00429673 -0.0351348 -0.00135665 -0.00428409 0.99999 4.75266
0.999926 -0.0120767 0.0011903 0.0149623 0.0120746 0.999926 0.00175091 -0.0372863 -0.00121136 -0.00173641 0.999998 5.7045
0.999934 -0.0114602 -0.000621964 0.0150554 0.0114591 0.999933 -0.00170359 -0.0398518 0.000641446 0.00169635 0.999998 6.62792
0.999932 -0.0115687 -0.00142245 0.0137801 0.0115652 0.99993 -0.00241322 -0.0456208 0.00145027 0.00239661 0.999996 7.56448
0.999934 -0.0113751 -0.00175087 0.00701505 0.011374 0.999935 -0.000600629 -0.0477593 0.00175759 0.000580677 0.999998 8.49911
0.999931 -0.0112683 -0.00327125 0.00602319 0.0112747 0.999935 0.00193617 -0.0517799 0.00324922 -0.00197292 0.999993 9.41838
0.999934 -0.0107828 -0.00390896 0.00537055 0.0107972 0.999935 0.00369017 -0.0547111 0.00386891 -0.00373214 0.999986 10.3352
0.999918 -0.0120193 -0.00435509 -0.00736144 0.0120386 0.999918 0.00442779 -0.0597892 0.00430152 -0.00447986 0.999981 11.2631
0.999908 -0.0123502 -0.00558514 -0.0106145 0.0123751 0.999914 0.00444026 -0.0606121 0.00552982 -0.00450897 0.999975 12.1614
0.999906 -0.0122903 -0.00611862 -0.0248347 0.0123099 0.999919 0.00318102 -0.0600808 0.00607903 -0.00325604 0.999976 13.0615
0.999886 -0.0132825 -0.00723069 -0.0313818 0.0132907 0.999911 0.00108758 -0.0648651 0.00721561 -0.00118355 0.999973 13.9847
0.999859 -0.0136947 -0.00969075 -0.0363912 0.0136952 0.999906 -1.10046e-05 -0.0641904 0.00968999 -0.000121713 0.999953 14.8733
0.999852 -0.0133123 -0.0109129 -0.0526352 0.0133005 0.999911 -0.00115712 -0.0679311 0.0109274 0.00101181 0.99994 15.7738
0.999854 -0.0120986 -0.0120386 -0.0655556 0.0120764 0.999925 -0.00190885 -0.0725003 0.0120608 0.00176318 0.999926 16.6672
0.999837 -0.0108955 -0.0144294 -0.0817074 0.0108661 0.999939 -0.00211977 -0.0765861 0.0144516 0.00196263 0.999894 17.5402
0.999816 -0.0109579 -0.0157792 -0.0989806 0.0109359 0.999939 -0.00148119 -0.0807588 0.0157945 0.00130836 0.999874 18.4271
0.999811 -0.010895 -0.0161054 -0.118387 0.0108976 0.999941 7.16886e-05 -0.0863246 0.0161037 -0.000247185 0.99987 19.3257
0.99978 -0.0104279 -0.0181799 -0.139807 0.010441 0.999945 0.000623095 -0.0903957 0.0181724 -0.000812773 0.999835 20.1883
0.999739 -0.0110402 -0.0200078 -0.156096 0.0110547 0.999939 0.00061278 -0.0952058 0.0199998 -0.0008338 0.9998 21.0781
0.999716 -0.0113319 -0.0209674 -0.172573 0.0113363 0.999936 9.23736e-05 -0.0982196 0.020965 -0.000330041 0.99978 21.9381
0.999687 -0.0114318 -0.0222396 -0.196021 0.0114454 0.999934 0.000485137 -0.100905 0.0222326 -0.000739526 0.999753 22.7633
0.999659 -0.0114529 -0.0234679 -0.220468 0.0115079 0.999931 0.0022077 -0.101948 0.023441 -0.00247701 0.999722 23.6684
0.999623 -0.0130061 -0.0241858 -0.241403 0.0131285 0.999902 0.00490961 -0.103634 0.0241195 -0.00522528 0.999695 24.4747
0.999602 -0.0128104 -0.025133 -0.266114 0.012983 0.999893 0.00671639 -0.106241 0.0250443 -0.00704002 0.999662 25.314
0.999626 -0.0119054 -0.0246303 -0.290786 0.0120418 0.999913 0.00539378 -0.109156 0.024564 -0.00568835 0.999682 26.17
0.999602 -0.00979322 -0.0264628 -0.313386 0.00987215 0.999947 0.00285362 -0.111176 0.0264335 -0.00311372 0.999646 26.9726
0.999594 -0.00961492 -0.0268328 -0.342647 0.00965295 0.999953 0.00128781 -0.111163 0.0268192 -0.0015463 0.999639 27.7892
0.999585 -0.00921676 -0.0272969 -0.362925 0.00924325 0.999957 0.000844549 -0.112054 0.0272879 -0.00109651 0.999627 28.5934
0.999527 -0.0101058 -0.0290418 -0.391269 0.01013 0.999949 0.000686193 -0.11984 0.0290334 -0.000980064 0.999578 29.3497
0.999487 -0.00930386 -0.0306476 -0.419821 0.00930743 0.999957 -2.59621e-05 -0.123085 0.0306465 -0.0002593 0.99953 30.1465
0.999425 -0.00863969 -0.0328017 -0.451336 0.00863134 0.999963 -0.000396129 -0.129597 0.0328039 0.000112779 0.999462 30.9279
0.999333 -0.00914601 -0.035366 -0.48934 0.0091756 0.999958 0.000674369 -0.129963 0.0353583 -0.000998422 0.999374 31.6787
0.999256 -0.0098441 -0.0372905 -0.518743 0.00996665 0.999946 0.00310197 -0.133349 0.0372579 -0.00347132 0.9993 32.4294
0.999222 -0.00955797 -0.0382624 -0.551286 0.00973741 0.999942 0.00450622 -0.134849 0.0382172 -0.00487529 0.999258 33.1712
0.999148 -0.00782481 -0.0405134 -0.585488 0.00802597 0.999956 0.00480514 -0.142805 0.040474 -0.00512621 0.999168 33.8829
0.999096 -0.00556024 -0.042146 -0.622117 0.00575093 0.999974 0.00440468 -0.140524 0.0421204 -0.00464307 0.999102 34.613
0.999018 -0.00346221 -0.0441821 -0.665981 0.00362347 0.999987 0.00357033 -0.141607 0.0441692 -0.00372692 0.999017 35.3045
0.998957 -0.00257032 -0.0455814 -0.701033 0.00278563 0.999985 0.0046608 -0.14043 0.0455687 -0.00478291 0.99895 36.014
0.998919 -0.00187219 -0.0464502 -0.740788 0.00216662 0.999978 0.00628888 -0.140115 0.0464374 -0.00638272 0.998901 36.7101
0.998897 0.00076677 -0.0469607 -0.784501 -0.000446299 0.999977 0.00683438 -0.140599 0.0469649 -0.00680588 0.998873 37.3742
0.998961 0.00364245 -0.045437 -0.815333 -0.00340991 0.999981 0.00519433 -0.14332 0.0454551 -0.00503399 0.998954 38.0342
0.99901 0.00630698 -0.0440459 -0.863079 -0.00623273 0.999979 0.00182288 -0.144176 0.0440564 -0.00154655 0.999028 38.7107
0.999099 0.00636354 -0.0419619 -0.885284 -0.00636745 0.99998 4.03437e-05 -0.141959 0.0419613 0.000226884 0.999119 39.3281
0.999227 0.00729162 -0.0386294 -0.913928 -0.00726966 0.999973 0.000708923 -0.143761 0.0386335 -0.000427552 0.999253 39.9736
0.999304 0.0121808 -0.0352555 -0.948734 -0.0120683 0.999921 0.00340404 -0.148561 0.0352942 -0.0029762 0.999373 40.6119
0.999358 0.016272 -0.0319198 -0.97604 -0.0160621 0.999848 0.00682378 -0.146276 0.0320259 -0.0063067 0.999467 41.2328
0.999393 0.0216207 -0.0273323 -1.00629 -0.0214057 0.999738 0.00813518 -0.151719 0.027501 -0.00754517 0.999593 41.8133
0.999441 0.0256131 -0.0215039 -1.02483 -0.025438 0.999641 0.00837948 -0.14962 0.0217108 -0.00782777 0.999734 42.4063
0.999444 0.02933 -0.0158342 -1.03358 -0.0291685 0.999521 0.010334 -0.146626 0.0161297 -0.00986643 0.999821 42.9706
0.999362 0.0344245 -0.00951231 -1.05031 -0.0343142 0.999345 0.0115329 -0.147087 0.00990309 -0.0111991 0.999888 43.5242
0.999273 0.0380977 -0.00175448 -1.06614 -0.038075 0.999208 0.0115358 -0.1472 0.00219257 -0.0114606 0.999932 44.0529
0.999137 0.0412707 0.00464902 -1.07376 -0.0413214 0.999081 0.0113928 -0.147675 -0.00417456 -0.0115751 0.999924 44.5645
0.998897 0.0452778 0.0124594 -1.07885 -0.0454138 0.998909 0.0108554 -0.145578 -0.0119543 -0.0114093 0.999863 45.0517
0.998543 0.0500222 0.0202565 -1.07336 -0.0501945 0.998707 0.0080865 -0.143865 -0.0198258 -0.00909148 0.999762 45.517
0.998248 0.0519438 0.0283213 -1.06319 -0.0521091 0.998628 0.00512993 -0.147969 -0.0280159 -0.00659674 0.999586 45.9465
0.997934 0.0529458 0.0363866 -1.04101 -0.0531501 0.998576 0.00467205 -0.145338 -0.0360874 -0.00659635 0.999327 46.3727
0.997667 0.0519094 0.0443322 -1.02514 -0.052222 0.998618 0.00592138 -0.148854 -0.0439635 -0.00822269 0.998999 46.7738
0.9972 0.053436 0.0523176 -1.00809 -0.0538564 0.998527 0.0066582 -0.148579 -0.0518848 -0.0094572 0.998608 47.1463
0.996519 0.056398 0.0613979 -0.981792 -0.0569318 0.998354 0.00697716 -0.149213 -0.0609034 -0.0104484 0.998089 47.498
0.995671 0.0612784 0.069893 -0.966587 -0.0618759 0.998063 0.00641427 -0.1511 -0.0693645 -0.0107112 0.997534 47.823
0.994743 0.0652378 0.0789398 -0.951678 -0.0659529 0.997802 0.0064833 -0.151288 -0.0783433 -0.0116555 0.996858 48.1235
0.993975 0.0646709 0.088497 -0.915365 -0.0655323 0.997827 0.00686016 -0.154881 -0.087861 -0.0126182 0.996053 48.4096
0.993039 0.0636044 0.099137 -0.88565 -0.0644157 0.997911 0.00500098 -0.158224 -0.0986118 -0.0113521 0.995061 48.6769
0.991896 0.0622832 0.11074 -0.844929 -0.0627567 0.998029 0.000792284 -0.161124 -0.110472 -0.00773552 0.993849 48.9369
0.990293 0.062962 0.12392 -0.803024 -0.0630578 0.998005 -0.00315248 -0.163481 -0.123871 -0.00469221 0.992287 49.2025
0.988179 0.0650505 0.138817 -0.762983 -0.0648984 0.997876 -0.00562699 -0.165116 -0.138889 -0.00344854 0.990302 49.4519
0.985557 0.0667011 0.155653 -0.704109 -0.066397 0.997768 -0.00715764 -0.168712 -0.155782 -0.00328059 0.987786 49.7125
0.982759 0.0673323 0.172194 -0.657067 -0.0668902 0.997725 -0.00837544 -0.170916 -0.172366 -0.00328702 0.985028 49.9556
0.979434 0.0666173 0.190449 -0.589717 -0.0660003 0.997774 -0.00958813 -0.173888 -0.190664 -0.00317877 0.98165 50.1997
0.975612 0.0655461 0.209488 -0.520351 -0.0648473 0.997843 -0.0102103 -0.179406 -0.209706 -0.00362344 0.977758 50.4539
0.971017 0.0659816 0.229725 -0.457834 -0.0651186 0.997813 -0.011344 -0.182752 -0.229971 -0.00394413 0.97319 50.6869
0.965702 0.0679451 0.250605 -0.370144 -0.0666915 0.997682 -0.0135013 -0.185348 -0.250942 -0.00367499 0.967995 50.9293
0.959434 0.0693564 0.27327 -0.283837 -0.0676435 0.997586 -0.0156969 -0.19011 -0.273699 -0.00342485 0.961809 51.177
0.952071 0.0705485 0.29763 -0.199479 -0.0686066 0.997499 -0.0169799 -0.197602 -0.298083 -0.00425331 0.95453 51.4072
0.943453 0.073218 0.32332 -0.0993793 -0.0712138 0.997298 -0.0180421 -0.203171 -0.323768 -0.00600295 0.946118 51.6446
0.933536 0.075488 0.350445 0.0207991 -0.0734248 0.997116 -0.0191915 -0.212627 -0.350883 -0.0078154 0.936387 51.8973
0.92221 0.0767685 0.378992 0.125578 -0.0744144 0.997009 -0.0208796 -0.219772 -0.379461 -0.00894705 0.925165 52.1213
0.909553 0.0749282 0.408778 0.266627 -0.0718756 0.997152 -0.0228489 -0.230324 -0.409326 -0.00859893 0.912348 52.3561
0.89453 0.0723781 0.44111 0.418287 -0.0679913 0.997353 -0.0257675 -0.240301 -0.441808 -0.00694185 0.897083 52.5923
0.877197 0.0714689 0.474782 0.565779 -0.0650814 0.997432 -0.0299004 -0.250339 -0.4757 -0.00467094 0.879596 52.7999
0.857515 0.0736536 0.509159 0.742287 -0.0647077 0.99728 -0.0352846 -0.259778 -0.510373 -0.00268945 0.859949 53.035
0.835826 0.0757531 0.543743 0.905355 -0.0644867 0.997125 -0.0397902 -0.267815 -0.545195 -0.00180652 0.838308 53.2587
0.811131 0.07868 0.579548 1.11008 -0.0655106 0.996897 -0.0436516 -0.281022 -0.581184 -0.00255944 0.813768 53.484
0.783754 0.0828637 0.615519 1.33513 -0.0684996 0.996546 -0.0469372 -0.296751 -0.617282 -0.00537551 0.786723 53.7234
0.753651 0.0871997 0.651465 1.55475 -0.0718346 0.996151 -0.0502343 -0.308034 -0.653338 -0.00893862 0.757014 53.9466
0.720963 0.0888014 0.687261 1.81728 -0.0720606 0.995986 -0.0530976 -0.32627 -0.689217 -0.0112431 0.724468 54.1712
0.684314 0.0868897 0.723992 2.11548 -0.0688545 0.996139 -0.0544703 -0.349275 -0.72593 -0.0125753 0.687654 54.4127
0.645385 0.0855029 0.759057 2.40291 -0.066173 0.996238 -0.0559566 -0.369765 -0.760986 -0.0141156 0.648615 54.6151
0.602911 0.0854614 0.793218 2.74999 -0.0642322 0.996218 -0.0585109 -0.388461 -0.795219 -0.0156732 0.60612 54.8345
0.557279 0.0852305 0.82594 3.09849 -0.0610427 0.996232 -0.0616165 -0.413718 -0.828079 -0.0160801 0.560381 55.0253
0.509285 0.0841509 0.856474 3.48502 -0.0575435 0.99631 -0.0636732 -0.441491 -0.858672 -0.0168567 0.512248 55.2156
0.460658 0.0822637 0.883757 3.90326 -0.0556973 0.996413 -0.063718 -0.469817 -0.885829 -0.0198707 0.463587 55.4028
0.411171 0.0799326 0.908047 4.31011 -0.0552263 0.996503 -0.0627122 -0.497486 -0.909884 -0.0243626 0.414147 55.5468
0.360904 0.0796081 0.929199 4.75261 -0.0575426 0.996353 -0.0630117 -0.517794 -0.930826 -0.0307274 0.364168 55.6984
0.311332 0.0808377 0.946857 5.24076 -0.0560411 0.996203 -0.066624 -0.538345 -0.948648 -0.0323208 0.31468 55.835
0.264261 0.0771064 0.961364 5.69643 -0.0453443 0.99669 -0.0674754 -0.579032 -0.963385 -0.0257613 0.266883 55.9233
0.219999 0.0716261 0.972867 6.18844 -0.0318382 0.997297 -0.0662249 -0.610364 -0.97498 -0.0164048 0.221685 55.9934
0.177558 0.069575 0.981648 6.72398 -0.0220731 0.997528 -0.0667081 -0.651264 -0.983863 -0.00982346 0.178655 56.0541
0.139045 0.0719441 0.987669 7.23734 -0.0181657 0.997375 -0.0700937 -0.667513 -0.990119 -0.00819551 0.139987 56.0994
0.106294 0.0721237 0.991716 7.76734 -0.0102884 0.997392 -0.0714338 -0.709332 -0.994282 -0.00261017 0.106759 56.1252
0.0769874 0.070604 0.994529 8.33352 -0.00158984 0.997497 -0.0706916 -0.75108 -0.997031 0.00386123 0.076907 56.1472
0.0521079 0.0692022 0.996241 8.88725 0.00437215 0.997571 -0.0695233 -0.784933 -0.998632 0.00797843 0.0516788 56.1609
0.0321056 0.0680865 0.997163 9.45194 0.0103323 0.997601 -0.0684491 -0.818028 -0.999431 0.0125006 0.0313251 56.159
0.0159443 0.0693182 0.997467 10.0636 0.012561 0.997501 -0.0695214 -0.854556 -0.999794 0.0136376 0.0150338 56.159
0.00237832 0.0695499 0.997576 10.6291 0.0136263 0.997484 -0.0695759 -0.889634 -0.999904 0.0137587 0.00142463 56.1516
-0.00925581 0.0705195 0.997467 11.2427 0.0142244 0.997419 -0.0703841 -0.922879 -0.999856 0.0135369 -0.010235 56.1388
-0.0183783 0.0732503 0.997144 11.8476 0.0188747 0.99716 -0.0729036 -0.966806 -0.999653 0.017481 -0.0197087 56.1194
-0.0254847 0.0749321 0.996863 12.4877 0.0235023 0.996956 -0.0743382 -1.01231 -0.999399 0.0215341 -0.0271682 56.0969
-0.0298332 0.0746202 0.996766 13.1108 0.0236355 0.996983 -0.0739291 -1.0494 -0.999276 0.0213536 -0.0315069 56.0735
-0.0337599 0.071766 0.99685 13.7733 0.0213804 0.997242 -0.0710701 -1.09234 -0.999201 0.0189137 -0.0352012 56.0559
-0.0360587 0.0651691 0.997223 14.4445 0.0195731 0.997726 -0.0644943 -1.12889 -0.999158 0.0171932 -0.0372523 56.038
-0.0372353 0.0592668 0.997547 15.1278 0.0202276 0.99808 -0.0585434 -1.17151 -0.999102 0.0179981 -0.0383627 56.0137
-0.0374074 0.056901 0.997679 15.8231 0.0233497 0.998155 -0.0560527 -1.20887 -0.999027 0.0211987 -0.038667 55.9816
-0.0377595 0.0587898 0.997556 16.5113 0.0276144 0.997948 -0.0577677 -1.25441 -0.998905 0.0253657 -0.0393055 55.9552
-0.0364539 0.0661157 0.997146 17.2067 0.0281334 0.997482 -0.0651095 -1.29151 -0.998939 0.0256797 -0.0382222 55.9249
-0.0342985 0.0737642 0.996686 17.9012 0.0272452 0.996971 -0.0728477 -1.3373 -0.99904 0.0246564 -0.0362043 55.902
-0.0327415 0.0752261 0.996629 18.6136 0.0280286 0.99684 -0.0743212 -1.37449 -0.999071 0.0255007 -0.0347465 55.8856
-0.0305813 0.0709542 0.997011 19.3524 0.0284712 0.997134 -0.0700897 -1.4215 -0.999127 0.0262427 -0.0325138 55.8685
-0.0275931 0.0645799 0.997531 20.0784 0.0284532 0.997557 -0.0637945 -1.46865 -0.999214 0.0266227 -0.0293632 55.8456
-0.0253412 0.0625273 0.997721 20.8328 0.0264973 0.997733 -0.061855 -1.51628 -0.999328 0.0248695 -0.0269406 55.8365
-0.0215047 0.0676335 0.997478 21.5647 0.0331857 0.997208 -0.0668997 -1.57123 -0.999218 0.0316634 -0.0236891 55.8214
-0.0181243 0.0730585 0.997163 22.2894 0.0359364 0.99673 -0.0723736 -1.62154 -0.99919 0.0345228 -0.0206905 55.8084
-0.0163267 0.0740135 0.997124 23.0209 0.0297817 0.99685 -0.0735056 -1.66646 -0.999423 0.0284959 -0.0184795 55.8075
-0.0128397 0.0711403 0.997384 23.7682 0.0245113 0.997189 -0.0708109 -1.71163 -0.999617 0.023538 -0.0145474 55.814
-0.00830652 0.0667315 0.997736 24.517 0.0288304 0.997372 -0.0664671 -1.76565 -0.99955 0.0282131 -0.0102086 55.8026
-0.00463642 0.06779 0.997689 25.2382 0.0341375 0.997129 -0.0675933 -1.82099 -0.999406 0.0337452 -0.00693729 55.7988
-0.00158074 0.0719675 0.997406 25.9682 0.0340611 0.996832 -0.0718721 -1.87541 -0.999419 0.0338591 -0.00402702 55.7974
0.00129869 0.0732674 0.997311 26.6987 0.0296532 0.996871 -0.0732736 -1.9173 -0.99956 0.0296686 -0.000877984 55.8096
0.00533745 0.0721226 0.997381 27.465 0.0281324 0.99699 -0.0722449 -1.97441 -0.99959 0.0284444 0.0032924 55.8205
0.0092856 0.0699537 0.997507 28.2006 0.0327372 0.996994 -0.0702224 -2.02234 -0.999421 0.0333076 0.0069676 55.8221
0.0129739 0.0696547 0.997487 28.9298 0.0375096 0.996835 -0.070097 -2.07943 -0.999212 0.0383247 0.0103202 55.8222
0.0163833 0.0706941 0.997363 29.6858 0.0402577 0.996642 -0.0713042 -2.13451 -0.999055 0.0413198 0.0134823 55.8398
0.0195622 0.0706925 0.997306 30.4187 0.0407694 0.996611 -0.0714429 -2.18398 -0.998977 0.0420571 0.0166138 55.846
0.0226595 0.0694512 0.997328 31.1649 0.0421186 0.996632 -0.0703597 -2.2314 -0.998856 0.0436004 0.019658 55.8685
0.0266819 0.068169 0.997317 31.9142 0.0445757 0.996599 -0.0693125 -2.28935 -0.99865 0.0463055 0.0235524 55.891
0.0297217 0.0686065 0.997201 32.6524 0.0429278 0.996634 -0.069847 -2.33538 -0.998636 0.0448837 0.0266765 55.9151
0.0325678 0.0699682 0.997018 33.391 0.0392116 0.996689 -0.0712261 -2.38465 -0.9987 0.0414143 0.0297164 55.939
0.0353405 0.0701443 0.996911 34.156 0.0409693 0.996594 -0.0715743 -2.44018 -0.998535 0.0433722 0.0323463 55.9758
0.0379045 0.0695526 0.996858 34.902 0.0390517 0.99671 -0.0710271 -2.49235 -0.998518 0.0416212 0.0350636 56.0064
0.0398949 0.0701077 0.996741 35.6791 0.0371325 0.996742 -0.071594 -2.54465 -0.998514 0.0398677 0.0371617 56.0461
0.043236 0.0702544 0.996592 36.4058 0.0351037 0.996802 -0.0717921 -2.59811 -0.998448 0.0380881 0.0406316 56.0875
0.0462707 0.0721273 0.996322 37.1686 0.0325 0.996753 -0.0736679 -2.65002 -0.9984 0.0357892 0.0437764 56.1287
0.0492935 0.075344 0.995939 37.9216 0.0321296 0.996515 -0.0769778 -2.70753 -0.998268 0.0357936 0.0467009 56.1748
0.0526561 0.0775095 0.9956 38.6907 0.032003 0.99634 -0.0792597 -2.76441 -0.9981 0.0360357 0.0499828 56.2195
0.0555553 0.0796544 0.995273 39.4522 0.0261633 0.996354 -0.0812013 -2.82268 -0.998113 0.0305508 0.0532688 56.271
0.0583856 0.0795667 0.995118 40.218 0.0216156 0.996484 -0.0809442 -2.87246 -0.99806 0.026236 0.0564605 56.3274
0.0616917 0.0793483 0.994936 40.9802 0.0241061 0.996426 -0.0809618 -2.938 -0.997804 0.0289787 0.0595584 56.3845
0.0653728 0.0804574 0.994612 41.7943 0.0241594 0.996324 -0.0821839 -3.00849 -0.997568 0.0294018 0.0631887 56.4387
0.0688867 0.0814702 0.994292 42.5713 0.0193565 0.996363 -0.0829809 -3.06593 -0.997437 0.0249623 0.0670592 56.5044
0.0736203 0.0803083 0.994048 43.3465 0.0182872 0.996476 -0.0818589 -3.11782 -0.997119 0.0242048 0.0718922 56.5735
0.0786359 0.0789194 0.993775 44.1435 0.0197363 0.996543 -0.080701 -3.19572 -0.996708 0.0259594 0.0768064 56.6422
0.0828886 0.0835075 0.993054 44.955 0.0158 0.996248 -0.0850949 -3.25156 -0.996434 0.0227437 0.0812581 56.7191
0.0890956 0.0912713 0.991832 45.7471 0.0131912 0.995597 -0.0928027 -3.32594 -0.995936 0.0213518 0.0874993 56.802
0.0969208 0.0964043 0.990612 46.5523 0.0119463 0.995114 -0.0980112 -3.3955 -0.99522 0.0213335 0.0952955 56.8876
0.103739 0.0992787 0.989637 47.3454 0.00666081 0.994914 -0.100506 -3.46938 -0.994582 0.0170182 0.10255 56.9846
0.111038 0.097809 0.988991 48.1353 0.0040656 0.995092 -0.0988688 -3.54207 -0.993808 0.014999 0.110095 57.0935
0.118372 0.0955585 0.988361 48.9633 0.00366151 0.99531 -0.096669 -3.62302 -0.992963 0.0150618 0.117467 57.1942
0.125608 0.0927992 0.98773 49.7737 0.00345418 0.995569 -0.0939749 -3.7005 -0.992074 0.0152158 0.124731 57.3096
0.133582 0.0865878 0.987248 50.587 0.00141708 0.996158 -0.087561 -3.77593 -0.991037 0.0130956 0.132946 57.4246
0.14093 0.0801146 0.986773 51.4092 -0.0012324 0.996734 -0.0807473 -3.8396 -0.990019 0.0101636 0.140568 57.5494
0.14831 0.0762397 0.985998 52.2103 -0.000513731 0.99703 -0.0770155 -3.91069 -0.988941 0.0109156 0.147908 57.6832
0.155805 0.078087 0.984697 52.9913 -0.000512385 0.996877 -0.0789718 -3.97542 -0.987788 0.0117996 0.155358 57.8229
0.161787 0.0844042 0.98321 53.7929 -0.00172484 0.996358 -0.0852491 -4.04488 -0.986824 0.0120963 0.161343 57.9531
0.166212 0.088731 0.98209 54.5629 -0.00295661 0.995984 -0.0894859 -4.10847 -0.986086 0.01197 0.165807 58.0916
0.171769 0.0910956 0.980916 55.3547 -0.00338143 0.995764 -0.0918823 -4.18537 -0.985132 0.0124656 0.171349 58.2487
0.177146 0.0914103 0.97993 56.1123 -0.00623455 0.995762 -0.09176 -4.25316 -0.984165 0.0101455 0.176965 58.3936
0.182104 0.0879339 0.979339 56.8512 -0.00307824 0.996039 -0.088861 -4.32348 -0.983275 0.0131673 0.181653 58.5353
0.186852 0.0824407 0.978923 57.6506 -0.00222154 0.996506 -0.0834974 -4.39123 -0.982386 0.013427 0.186382 58.6901
0.190197 0.0747427 0.978897 58.3759 -0.0027991 0.997135 -0.0755914 -4.45682 -0.981742 0.0116373 0.189861 58.8424
0.193665 0.071639 0.978449 59.1009 -0.00617144 0.9974 -0.071805 -4.51174 -0.981048 0.00786765 0.193603 58.9907
0.196693 0.0716466 0.977844 59.8447 -0.00818893 0.997412 -0.0714331 -4.57581 -0.980431 0.00604288 0.19677 59.1522
0.198767 0.073435 0.977292 60.5476 -0.0101364 0.99729 -0.0728761 -4.62872 -0.979994 0.00457922 0.198973 59.3056
0.200842 0.0772062 0.976577 61.2472 -0.0133035 0.997013 -0.0760858 -4.68555 -0.979533 0.00228934 0.201269 59.461
0.202658 0.0822421 0.97579 61.9306 -0.0152133 0.996611 -0.0808373 -4.74229 -0.979132 0.0015373 0.203222 59.6102
0.204154 0.0878253 0.974991 62.609 -0.017271 0.996136 -0.0861135 -4.80013 -0.978787 0.00074138 0.204882 59.7593
0.206182 0.0895358 0.974409 63.293 -0.0158485 0.99598 -0.0881644 -4.8639 -0.978385 0.00273493 0.206772 59.9249
0.206965 0.0894613 0.974249 63.9512 -0.0180129 0.99599 -0.087631 -4.91704 -0.978183 0.000587586 0.207747 60.0657
0.208227 0.0867348 0.974227 64.609 -0.017264 0.996231 -0.0850039 -4.9839 -0.977928 0.000881051 0.208939 60.215
0.208837 0.0840895 0.974328 65.2736 -0.0169086 0.996458 -0.0823752 -5.03869 -0.977804 0.000728518 0.20952 60.3703
0.208708 0.0832034 0.974432 65.9263 -0.0169612 0.996532 -0.0814577 -5.09762 -0.977831 0.000473327 0.209396 60.5088
0.207231 0.0821441 0.974837 66.5511 -0.0168471 0.99662 -0.0803983 -5.15422 -0.978147 0.000237813 0.207914 60.6437
0.205409 0.0826497 0.97518 67.1834 -0.017451 0.996579 -0.0807875 -5.20981 -0.978521 -0.000423366 0.206149 60.7797
0.203249 0.0856027 0.975378 67.7913 -0.0181974 0.996329 -0.0836494 -5.26136 -0.978958 -0.000747639 0.204061 60.9043
0.200825 0.0895241 0.975528 68.386 -0.0173973 0.995984 -0.0878199 -5.32015 -0.979473 0.000664886 0.201576 61.026
0.198949 0.0902768 0.975843 68.9754 -0.0153051 0.995913 -0.0890131 -5.37214 -0.97989 0.00277368 0.199518 61.1478
0.196922 0.0890445 0.976367 69.5525 -0.0152739 0.996025 -0.0877567 -5.42239 -0.9803 0.00236829 0.197499 61.2619
0.194651 0.0861754 0.97708 70.1392 -0.0157447 0.996279 -0.0847321 -5.47153 -0.980746 0.00110939 0.195283 61.3905
0.192224 0.0823156 0.977893 70.7074 -0.0143264 0.996605 -0.0810746 -5.52476 -0.981247 0.00157474 0.19275 61.4906
0.190896 0.080784 0.97828 71.2566 -0.0109453 0.996721 -0.0801709 -5.57565 -0.981549 0.0045967 0.191154 61.5843
0.188375 0.0824994 0.978626 71.7918 -0.00753455 0.996558 -0.0825608 -5.62256 -0.982068 0.00817891 0.188348 61.7
0.186222 0.0841496 0.978897 72.3399 -0.00300805 0.99637 -0.0850794 -5.67064 -0.982503 0.0128991 0.185799 61.7878
0.184588 0.086367 0.979014 72.88 -0.00359668 0.996184 -0.0872036 -5.71188 -0.982809 0.0125756 0.184194 61.8967
0.18285 0.0883882 0.97916 73.4116 -0.00432959 0.996013 -0.0891011 -5.76392 -0.983131 0.0120528 0.182504 61.9956
0.182245 0.0876112 0.979342 73.9624 -0.00254743 0.996061 -0.0886328 -5.81087 -0.98325 0.013658 0.18175 62.1145
0.183108 0.0854632 0.979371 74.5065 0.00311864 0.996159 -0.0875112 -5.86 -0.983088 0.0190783 0.182138 62.2064
0.184811 0.0838853 0.979188 75.0428 0.00850717 0.996177 -0.0869464 -5.90396 -0.982737 0.0243987 0.183391 62.3026
0.187097 0.0828301 0.978843 75.5952 0.0112572 0.996193 -0.0864499 -5.95124 -0.982277 0.0271936 0.185452 62.4052
0.190341 0.0828541 0.978216 76.1394 0.00919014 0.996238 -0.0861688 -6.00108 -0.981675 0.0253914 0.188863 62.5182
0.195695 0.0831941 0.977129 76.6924 0.00768607 0.996234 -0.08636 -6.04699 -0.980635 0.0244105 0.194319 62.6418
0.202079 0.0820656 0.975925 77.2488 0.00960057 0.996269 -0.0857643 -6.09526 -0.979322 0.0267006 0.200537 62.7673
0.209831 0.0819954 0.974293 77.8147 0.00748779 0.996313 -0.0854612 -6.1425 -0.977709 0.0252278 0.208444 62.8891
0.217909 0.080717 0.972626 78.3851 0.00744938 0.996408 -0.0843596 -6.18373 -0.975941 0.0256282 0.216525 63.0322
0.226722 0.0798186 0.970683 78.9664 0.00500681 0.996528 -0.0831131 -6.23706 -0.973947 0.0237036 0.225535 63.1836
0.23622 0.0800507 0.968396 79.5395 0.00256786 0.996546 -0.083004 -6.28156 -0.971696 0.0220939 0.235199 63.3295
0.246285 0.0829191 0.965644 80.1238 -0.0019087 0.996373 -0.085071 -6.33103 -0.969196 0.0191086 0.24555 63.5007
0.255492 0.0859961 0.962979 80.7055 -0.00612823 0.99616 -0.0873334 -6.37525 -0.966792 0.0164116 0.255038 63.6651
0.266744 0.0881481 0.959728 81.3118 -0.00924823 0.995997 -0.0889089 -6.42463 -0.963723 0.0148401 0.266491 63.8462
0.277304 0.0898008 0.956576 81.9211 -0.0112078 0.995857 -0.0902392 -6.48184 -0.960717 0.0143025 0.277161 64.0414
0.287614 0.091071 0.953407 82.5383 -0.0149875 0.995775 -0.0905968 -6.53444 -0.957629 0.0117677 0.287764 64.2313
0.297246 0.0913479 0.950421 83.1574 -0.015651 0.995745 -0.0908092 -6.58706 -0.954673 0.0121176 0.297411 64.4475
0.307507 0.0919364 0.947094 83.7708 -0.0193073 0.99572 -0.0903878 -6.63798 -0.95135 0.00950902 0.307966 64.6497
0.318693 0.0879261 0.943771 84.4802 -0.0191176 0.996082 -0.086344 -6.69352 -0.947665 0.00947462 0.319125 64.9099
0.328793 0.0800655 0.941002 85.104 -0.0154209 0.996722 -0.0794183 -6.74743 -0.944276 0.011601 0.32895 65.1278
0.339721 0.0755737 0.937485 85.7854 -0.0138332 0.99706 -0.0753635 -6.80413 -0.940425 0.0126341 0.339767 65.3787
0.350464 0.072035 0.933802 86.462 -0.0126682 0.997311 -0.0721797 -6.84965 -0.936491 0.0134668 0.350434 65.6461
0.359199 0.069601 0.930662 87.1352 -0.00909364 0.997429 -0.0710845 -6.90094 -0.933217 0.0170704 0.358909 65.9099
0.368152 0.0655328 0.927453 87.8359 -0.00259578 0.997582 -0.0694576 -6.94207 -0.929762 0.0231635 0.367432 66.1904
0.375575 0.0554627 0.925131 88.5699 0.00702226 0.998009 -0.0626827 -6.98951 -0.926765 0.0300386 0.374438 66.4734
0.382477 0.0501558 0.922603 89.265 0.0130648 0.998132 -0.0596781 -7.0412 -0.923873 0.0348792 0.381108 66.7634
0.389981 0.0498701 0.919472 89.9862 0.0170136 0.997972 -0.0613439 -7.08452 -0.920666 0.0395664 0.388342 67.0681
0.397087 0.0555859 0.916096 90.6968 0.0185362 0.997475 -0.0685583 -7.13685 -0.917594 0.0442045 0.395054 67.3829
0.404746 0.0609586 0.912395 91.4079 0.0210514 0.99689 -0.0759424 -7.18586 -0.914187 0.0499446 0.402204 67.6899
0.410516 0.0625773 0.909704 92.116 0.0195595 0.996809 -0.0773956 -7.24281 -0.911644 0.0495654 0.407982 68.014
0.413925 0.0645362 0.908021 92.7993 0.0130201 0.996962 -0.0767928 -7.29876 -0.910218 0.043609 0.411827 68.3608
0.418781 0.0675821 0.905569 93.4893 0.00783936 0.996921 -0.078025 -7.35552 -0.908054 0.0397745 0.416962 68.6855
0.42315 0.0707794 0.903291 94.1806 0.00547818 0.996726 -0.080667 -7.42394 -0.906043 0.0390827 0.421377 69.0139
0.426662 0.0748046 0.901312 94.8313 0.00349572 0.99643 -0.0843537 -7.48328 -0.904404 0.0391413 0.424878 69.3379
0.43036 0.0778119 0.899297 95.5125 -0.000191571 0.996285 -0.0861122 -7.54944 -0.902657 0.036887 0.428776 69.6736
0.434249 0.0765776 0.897532 96.1631 -0.000664012 0.996407 -0.0846923 -7.60824 -0.900793 0.0361815 0.432739 70.0032
0.438086 0.0724863 0.896006 96.7968 0.000500281 0.996724 -0.0808789 -7.67284 -0.898933 0.0358801 0.436614 70.3148
0.44131 0.0702113 0.894604 97.4482 0.000371523 0.99692 -0.0784247 -7.73128 -0.897355 0.034942 0.439925 70.643
0.444727 0.0691247 0.892995 98.0634 -0.000601812 0.99704 -0.0768789 -7.79263 -0.895666 0.0336527 0.443452 70.9628
0.448655 0.0707252 0.890902 98.6848 -0.00274971 0.996968 -0.0777606 -7.84702 -0.893701 0.032438 0.447489 71.2771
0.451799 0.0712686 0.889269 99.2918 -0.00237245 0.996897 -0.0786888 -7.90568 -0.892117 0.0334418 0.450566 71.5861
0.453478 0.0694097 0.888561 99.8912 0.000265867 0.996952 -0.0780123 -7.95655 -0.891268 0.0356131 0.452077 71.9054
0.454925 0.0681231 0.88792 100.475 0.00229364 0.996977 -0.0776652 -8.0119 -0.890527 0.0373685 0.453394 72.2065
0.457164 0.0681173 0.88677 101.068 0.00121052 0.997014 -0.0772098 -8.06478 -0.889382 0.036371 0.455717 72.5131
0.458891 0.0674651 0.885928 101.644 0.00305899 0.996987 -0.077507 -8.11764 -0.888488 0.0382773 0.457302 72.8203
0.461631 0.0691521 0.884372 102.198 0.00252335 0.99685 -0.0792643 -8.16665 -0.887068 0.0388225 0.460003 73.1125
0.464954 0.0690609 0.882637 102.751 0.00444692 0.996758 -0.0803327 -8.22003 -0.885324 0.041276 0.46314 73.3976
0.468059 0.0679799 0.881078 103.313 0.00708416 0.996716 -0.0806654 -8.27583 -0.883669 0.0439979 0.466041 73.6975
0.470473 0.0666195 0.879896 103.826 0.00951441 0.996705 -0.0805507 -8.32228 -0.882363 0.0462686 0.468289 73.9703
0.474343 0.065648 0.877889 104.363 0.0109027 0.996701 -0.0804237 -8.372 -0.880273 0.0477197 0.472062 74.2633
0.477019 0.0653443 0.87646 104.883 0.011408 0.996688 -0.0805168 -8.42317 -0.878819 0.0484067 0.474694 74.5471
0.479917 0.0644763 0.874942 105.38 0.0125729 0.996688 -0.0803445 -8.47102 -0.877224 0.0495592 0.477516 74.8262
0.483766 0.0641387 0.872844 105.892 0.013776 0.99663 -0.0808699 -8.51974 -0.875089 0.0511463 0.481251 75.1198
0.487879 0.0653019 0.870465 106.394 0.0133995 0.99652 -0.0822686 -8.56552 -0.872808 0.0518009 0.485307 75.3927
0.492698 0.0652013 0.867754 106.898 0.0156769 0.996362 -0.0837657 -8.61777 -0.870059 0.0548749 0.489883 75.6774
0.497086 0.0683304 0.865006 107.387 0.0138979 0.99614 -0.0866758 -8.66602 -0.86759 0.0551072 0.494218 75.9648
0.502549 0.0739764 0.861378 107.875 0.0106004 0.99573 -0.0916994 -8.71959 -0.864484 0.0552144 0.499619 76.2649
0.508258 0.0814612 0.857343 108.345 0.00503503 0.995218 -0.0975464 -8.76859 -0.86119 0.0538955 0.505418 76.5593
0.514539 0.08774 0.852966 108.823 -0.000222035 0.994765 -0.102192 -8.81828 -0.857467 0.0523924 0.511864 76.8589
0.520208 0.0921122 0.849058 109.296 -0.00395468 0.994416 -0.105459 -8.87344 -0.854031 0.0515027 0.517667 77.1725
0.525451 0.0928414 0.845743 109.783 -0.00805799 0.994527 -0.104168 -8.92827 -0.850786 0.0479201 0.523324 77.4966
0.531723 0.0916623 0.841943 110.288 -0.0141454 0.994948 -0.0993866 -8.98303 -0.8468 0.0409365 0.530334 77.8278
0.537085 0.0893737 0.83878 110.772 -0.0202323 0.99545 -0.0931121 -9.03788 -0.843286 0.0330386 0.536449 78.1657
0.543249 0.0876488 0.834984 111.27 -0.0267677 0.995838 -0.0871184 -9.09348 -0.839145 0.0249765 0.543335 78.5119
0.54889 0.0858111 0.831478 111.779 -0.029534 0.996087 -0.0833026 -9.14573 -0.835373 0.0211671 0.549276 78.865
0.554386 0.088871 0.827501 112.279 -0.0342564 0.995876 -0.0840038 -9.19448 -0.831554 0.0182233 0.555144 79.2248
0.561221 0.0929196 0.822434 112.8 -0.0386005 0.995535 -0.0861362 -9.24211 -0.826766 0.016595 0.562302 79.5898
0.567488 0.0965538 0.817701 113.33 -0.0417396 0.995197 -0.088545 -9.29478 -0.822323 0.0161177 0.568793 79.9752
0.573286 0.0987833 0.813379 113.853 -0.0440875 0.994987 -0.0897654 -9.34319 -0.818169 0.0156014 0.574767 80.3621
0.579835 0.0998352 0.808594 114.391 -0.0471838 0.994913 -0.0890045 -9.39686 -0.813367 0.0134554 0.581596 80.771
0.5864 0.101653 0.803618 114.942 -0.0527156 0.99478 -0.0873678 -9.44891 -0.808304 0.00886927 0.588698 81.184
0.592951 0.0999276 0.799014 115.49 -0.0534522 0.994966 -0.084767 -9.50229 -0.803463 0.00755368 0.595307 81.6174
0.600782 0.0979642 0.793387 116.073 -0.0536539 0.995166 -0.0822503 -9.55926 -0.79761 0.00684626 0.603135 82.0633
0.608286 0.0979906 0.787646 116.635 -0.0549671 0.995168 -0.0813582 -9.61625 -0.791813 0.00619438 0.610733 82.5158
0.615529 0.0999882 0.781746 117.204 -0.0586695 0.994981 -0.0810666 -9.66689 -0.785928 0.00403424 0.618306 82.9795
0.623496 0.100862 0.775293 117.783 -0.0600944 0.994892 -0.0811028 -9.72157 -0.779514 0.00397647 0.626373 83.4741
0.63032 0.101439 0.76968 118.371 -0.0617896 0.994837 -0.080512 -9.77305 -0.773873 0.00319015 0.633333 83.969
0.635131 0.100597 0.765825 118.95 -0.0618642 0.994923 -0.0793846 -9.82788 -0.769923 0.00304252 0.63813 84.4659
0.639678 0.0989576 0.762246 119.56 -0.0603566 0.995083 -0.078534 -9.88597 -0.766269 0.00422989 0.642506 84.9828
0.64295 0.0967481 0.759773 120.162 -0.0574507 0.995287 -0.0781211 -9.94186 -0.763751 0.00657842 0.645478 85.4978
0.646623 0.0928196 0.757141 120.791 -0.0519527 0.995623 -0.0776862 -10.002 -0.761038 0.0108982 0.648616 86.0391
0.650462 0.0865659 0.75459 121.42 -0.0442333 0.996115 -0.0761441 -10.0599 -0.75825 0.0161508 0.651764 86.5746
0.654503 0.0805269 0.751759 122.049 -0.0380515 0.99656 -0.0736207 -10.1181 -0.755101 0.0195794 0.655316 87.1098
0.657543 0.0751767 0.749657 122.693 -0.0330508 0.99693 -0.0709838 -10.1807 -0.752692 0.0218981 0.658009 87.6779
0.661155 0.0731005 0.74668 123.324 -0.0315574 0.997071 -0.0696711 -10.232 -0.749586 0.0225001 0.661525 88.249
0.663232 0.0748083 0.744666 123.944 -0.0330695 0.996949 -0.0706993 -10.2935 -0.747683 0.0222644 0.663683 88.8209
0.667169 0.0791844 0.740686 124.609 -0.0381577 0.996662 -0.0721797 -10.3477 -0.743928 0.0198932 0.667963 89.4376
0.669891 0.0824827 0.737864 125.23 -0.0439235 0.996472 -0.0715142 -10.402 -0.741159 0.0154972 0.671151 90.0277
0.672897 0.0802164 0.735374 125.875 -0.0452001 0.996704 -0.067363 -10.4586 -0.738354 0.0120894 0.674305 90.6261
0.676198 0.0773654 0.732646 126.518 -0.0477919 0.996983 -0.061169 -10.5075 -0.735168 0.00634779 0.677855 91.2354
0.679803 0.0713716 0.729914 127.158 -0.0467294 0.997446 -0.0540099 -10.5581 -0.731905 0.0026077 0.681402 91.8575
0.684537 0.0664191 0.725947 127.826 -0.0432356 0.997787 -0.0505213 -10.6021 -0.727695 0.0031969 0.685893 92.4851
0.68895 0.0637066 0.722004 128.461 -0.0385107 0.99794 -0.0513064 -10.6505 -0.723785 0.00754268 0.689984 93.0927
0.694343 0.0605474 0.717092 129.12 -0.0284055 0.997984 -0.05676 -10.6973 -0.719083 0.0190415 0.694663 93.7132
0.699508 0.0626621 0.711872 129.757 -0.0233627 0.997621 -0.064858 -10.7488 -0.714243 0.0287374 0.699308 94.3562
0.704791 0.0628029 0.70663 130.418 -0.0203227 0.997452 -0.0683804 -10.8077 -0.709124 0.0338333 0.704272 95.0097
0.711419 0.0583407 0.700343 131.048 -0.016678 0.997669 -0.0661672 -10.8528 -0.702571 0.0353923 0.710733 95.6514
0.717141 0.0520567 0.694981 131.704 -0.0120852 0.997985 -0.0622823 -10.9214 -0.696823 0.0362662 0.716325 96.3454
0.722393 0.0489281 0.68975 132.314 -0.00694287 0.997957 -0.0635195 -10.9696 -0.691448 0.0410972 0.721256 96.9672
0.727467 0.0513103 0.684221 132.963 -0.00638872 0.997663 -0.0680231 -11.0347 -0.686113 0.0451133 0.726095 97.6684
0.730648 0.0534945 0.680656 133.581 -0.00721613 0.997475 -0.0706481 -11.0856 -0.682717 0.0467071 0.729189 98.3399
0.733696 0.050334 0.677611 134.219 -0.00470256 0.997605 -0.0690118 -11.1497 -0.679462 0.0474471 0.732175 99.0271
0.737291 0.0441009 0.674135 134.859 -0.000284016 0.997887 -0.0649696 -11.212 -0.675576 0.04771 0.735745 99.7204
0.738311 0.0399059 0.673279 135.482 0.00240052 0.998086 -0.0617898 -11.2711 -0.674457 0.0472363 0.736802 100.402
0.738978 0.0351046 0.672815 136.121 0.00645328 0.998227 -0.059171 -11.3298 -0.673699 0.0480679 0.737441 101.113
0.738994 0.0340455 0.672851 136.755 0.00635179 0.998326 -0.0574904 -11.386 -0.673682 0.0467589 0.737541 101.814
0.738945 0.0340335 0.672906 137.358 0.00601782 0.99835 -0.0571019 -11.4361 -0.673739 0.0462446 0.737521 102.491
0.738322 0.0365416 0.673458 138.002 0.00339232 0.998317 -0.0578874 -11.4927 -0.67444 0.0450241 0.736955 103.209
0.737477 0.040227 0.674173 138.601 0.000216816 0.99821 -0.059799 -11.5431 -0.675372 0.0442466 0.736148 103.892
0.73507 0.0444113 0.676535 139.245 -0.0045327 0.998152 -0.060599 -11.6001 -0.677976 0.041478 0.733913 104.601
0.733094 0.0464593 0.678539 139.872 -0.00708456 0.998132 -0.0606876 -11.6556 -0.680091 0.0396825 0.732053 105.311
0.731159 0.0485655 0.680476 140.491 -0.010589 0.998151 -0.0598602 -11.7116 -0.682125 0.0365617 0.730321 105.989
0.728491 0.0480289 0.68337 141.104 -0.0114716 0.998255 -0.0579307 -11.766 -0.684959 0.0343627 0.727771 106.658
0.72664 0.0466387 0.685434 141.753 -0.0118528 0.998396 -0.0553681 -11.8179 -0.686916 0.0321083 0.726027 107.359
0.723516 0.042807 0.688979 142.401 -0.00777318 0.998517 -0.0538762 -11.8704 -0.690264 0.0336247 0.722776 108.049
0.721262 0.0453523 0.691176 143.043 -0.00700799 0.998281 -0.0581902 -11.9385 -0.692627 0.0371266 0.72034 108.734
0.717108 0.0579943 0.694545 143.623 -0.0158473 0.997631 -0.0669398 -11.982 -0.696782 0.0369964 0.716328 109.341
0.713886 0.0635965 0.697368 144.291 -0.0182928 0.997221 -0.0722156 -12.0483 -0.700023 0.0387969 0.713065 110.039
0.710464 0.0622563 0.700974 144.922 -0.0179286 0.997357 -0.0704079 -12.1074 -0.703505 0.0374548 0.709703 110.691
0.706962 0.0607177 0.704641 145.559 -0.0220071 0.997714 -0.0638918 -12.1704 -0.70691 0.0296619 0.706682 111.347
0.703971 0.0583587 0.707827 146.187 -0.022298 0.997943 -0.0601015 -12.2258 -0.709879 0.0265266 0.703824 111.986
0.700073 0.0586799 0.711656 146.837 -0.0235647 0.997974 -0.0591072 -12.2838 -0.713682 0.0246095 0.700038 112.631
0.696788 0.0567679 0.715027 147.477 -0.0202174 0.998022 -0.059534 -12.3363 -0.716992 0.0270267 0.696558 113.278
0.693399 0.0561155 0.718366 148.112 -0.0174304 0.997977 -0.0611329 -12.3926 -0.720344 0.029868 0.692974 113.884
0.690566 0.0553822 0.721146 148.765 -0.0131754 0.997862 -0.0640165 -12.4471 -0.723149 0.0347063 0.689819 114.507
0.686544 0.0560719 0.724923 149.428 -0.0120486 0.997762 -0.065765 -12.5077 -0.726988 0.0364163 0.685684 115.135
0.682643 0.0567541 0.728545 150.072 -0.0115765 0.997694 -0.066874 -12.5603 -0.73066 0.0372171 0.681726 115.745
0.678271 0.05812 0.73251 150.74 -0.013504 0.997685 -0.0666559 -12.6212 -0.734688 0.0353189 0.677485 116.375
0.673433 0.0578612 0.73698 151.408 -0.0124916 0.997681 -0.0669146 -12.6847 -0.739142 0.0358565 0.672594 116.993
0.668802 0.0610769 0.740927 152.047 -0.0156079 0.997554 -0.0681428 -12.7358 -0.743277 0.0340097 0.668119 117.574
0.661888 0.0673163 0.746574 152.746 -0.0191079 0.997151 -0.0729697 -12.8072 -0.74936 0.0340323 0.661288 118.197
0.655791 0.0742836 0.751279 153.417 -0.0230411 0.996653 -0.0784328 -12.8648 -0.754591 0.0341253 0.655308 118.785
0.650171 0.077508 0.755824 154.07 -0.0259125 0.996467 -0.079895 -12.9312 -0.759346 0.0323602 0.649882 119.343
0.642137 0.0718694 0.763214 154.811 -0.0249205 0.997027 -0.0729198 -13.0036 -0.766185 0.0278048 0.642018 119.989
0.636013 0.0663628 0.76882 155.517 -0.027738 0.997618 -0.0631657 -13.0528 -0.77118 0.0188487 0.636339 120.587
0.628858 0.0614162 0.775091 156.224 -0.0268209 0.997996 -0.0573179 -13.1156 -0.777058 0.0152562 0.629245 121.163
0.621909 0.0630712 0.780546 156.958 -0.0324509 0.997971 -0.0547845 -13.1606 -0.782417 0.00874156 0.622693 121.768
0.613948 0.0645759 0.786701 157.698 -0.0323159 0.997869 -0.05669 -13.217 -0.788685 0.00938176 0.614726 122.352
0.607441 0.0630778 0.791856 158.489 -0.0226498 0.997812 -0.062109 -13.2648 -0.794042 0.0197922 0.607541 122.955
0.600658 0.0731458 0.796153 159.207 -0.0272422 0.9971 -0.0710547 -13.3383 -0.799042 0.0209907 0.600909 123.494
0.593272 0.0742737 0.801568 159.903 -0.0229475 0.99689 -0.075388 -13.3984 -0.804675 0.0263316 0.593132 124.013
0.586555 0.0702369 0.806858 160.688 -0.0193041 0.997162 -0.0727695 -13.4585 -0.809679 0.0271077 0.586246 124.584
0.579478 0.0637386 0.812492 161.466 -0.0133494 0.997546 -0.0687348 -13.5292 -0.814878 0.0289841 0.578907 125.138
0.572638 0.0636452 0.817334 162.204 -0.0141826 0.997602 -0.067746 -13.5944 -0.819686 0.0272021 0.572168 125.659
0.565399 0.0642465 0.822312 162.981 -0.0142514 0.997574 -0.0681407 -13.6537 -0.824695 0.0268076 0.564943 126.211
0.559563 0.0628382 0.826402 163.647 -0.0117138 0.997622 -0.0679259 -13.7123 -0.828705 0.0283285 0.558968 126.653
0.553616 0.0562866 0.830868 164.458 -0.00489232 0.997916 -0.0643434 -13.7807 -0.832758 0.0315567 0.552738 127.207
0.548964 0.0540599 0.834096 165.202 -0.00440729 0.99808 -0.0617874 -13.8404 -0.835834 0.030243 0.548148 127.702
0.545329 0.0530257 0.836543 165.942 -0.00550896 0.998202 -0.0596815 -13.8936 -0.838204 0.0279376 0.544641 128.187
0.540154 0.0545987 0.839794 166.67 -0.00635508 0.998129 -0.0608053 -13.955 -0.841543 0.0275072 0.53949 128.664
0.535895 0.0576143 0.842316 167.401 -0.00511783 0.997872 -0.0649982 -14.0124 -0.844269 0.0305214 0.53505 129.138
0.533235 0.062933 0.843623 168.129 -0.00542263 0.997463 -0.0709817 -14.0721 -0.84595 0.0332753 0.532224 129.605
0.530504 0.066186 0.845095 168.839 -0.00860781 0.997316 -0.0727041 -14.1276 -0.847639 0.0312954 0.52965 130.054
0.527379 0.0613885 0.84741 169.561 -0.00727125 0.997676 -0.067749 -14.1868 -0.849599 0.0295676 0.526599 130.515
0.525227 0.0534899 0.849279 170.297 -0.00359918 0.998153 -0.0606406 -14.2455 -0.850954 0.0287934 0.52445 130.976
0.522386 0.047718 0.851373 171.014 0.00171993 0.998372 -0.0570124 -14.306 -0.852707 0.0312468 0.521454 131.408
0.52019 0.0458844 0.852817 171.726 0.00620072 0.998327 -0.0574955 -14.3549 -0.854028 0.0351966 0.519035 131.823
0.517856 0.0477818 0.854132 172.416 0.00846475 0.998104 -0.0609679 -14.4083 -0.855426 0.0388026 0.516469 132.259
0.516285 0.0551862 0.854637 173.123 0.0064389 0.997643 -0.0683102 -14.4667 -0.856393 0.0407705 0.514713 132.696
0.5136 0.0635851 0.855671 173.714 0.0038044 0.997072 -0.0763762 -14.5119 -0.858021 0.0424821 0.511854 133.056
0.511289 0.0652547 0.856928 174.405 0.00630084 0.996802 -0.0796654 -14.5778 -0.859386 0.0461314 0.509243 133.465
0.50888 0.0596384 0.858769 175.098 0.00593186 0.997331 -0.072776 -14.6351 -0.860817 0.0421283 0.507168 133.886
0.506035 0.0519495 0.860947 175.774 8.35484e-05 0.998182 -0.0602794 -14.6857 -0.862513 0.0305754 0.505111 134.291
0.50282 0.0476957 0.863074 176.445 -0.00575799 0.998639 -0.0518327 -14.7387 -0.864372 0.021093 0.50241 134.706
0.500701 0.0494778 0.864205 177.075 -0.00821561 0.998592 -0.0524118 -14.7871 -0.865581 0.0191427 0.500402 135.085
0.496891 0.0525421 0.866221 177.709 -0.00691246 0.998373 -0.0565929 -14.8304 -0.867785 0.0221328 0.496446 135.448
0.495448 0.0541535 0.866948 178.354 -0.00593139 0.998242 -0.0589651 -14.8758 -0.868618 0.0240719 0.494898 135.828
0.491962 0.0530779 0.868997 178.977 -0.00465227 0.998286 -0.0583409 -14.9167 -0.870605 0.0246587 0.491365 136.183
0.490435 0.0523794 0.869902 179.621 -0.00568427 0.998363 -0.0569097 -14.9647 -0.871459 0.0229658 0.48993 136.554
0.487796 0.0516581 0.871428 180.241 -0.00506457 0.998398 -0.0563499 -15.0078 -0.872943 0.0230739 0.487276 136.903
0.484652 0.0517228 0.873177 180.856 -0.00355165 0.998358 -0.0571666 -15.0521 -0.8747 0.0246047 0.48404 137.252
0.4807 0.0536157 0.875244 181.45 -0.00332367 0.998233 -0.0593243 -15.0946 -0.876879 0.0256082 0.480029 137.581
0.477242 0.055492 0.877018 182.054 -0.00300718 0.998102 -0.061517 -15.1387 -0.878767 0.0267211 0.476503 137.914
0.471925 0.0574096 0.879768 182.635 -0.00324607 0.997984 -0.0633826 -15.1807 -0.881633 0.027056 0.47116 138.217
0.467134 0.0599762 0.88215 183.231 -0.00362279 0.997818 -0.065922 -15.2244 -0.884179 0.0275986 0.466333 138.535
0.461458 0.063078 0.884917 183.821 -0.00277314 0.997567 -0.0696617 -15.2704 -0.887158 0.0296919 0.46051 138.845
0.455293 0.065551 0.887925 184.404 -0.000944564 0.997321 -0.0731428 -15.3178 -0.890341 0.0324627 0.454135 139.141
0.448783 0.0683183 0.891025 185.009 -0.00283955 0.997177 -0.0750271 -15.3676 -0.893636 0.0311408 0.44771 139.449
0.441781 0.070286 0.894366 185.613 -0.00745512 0.99718 -0.0746834 -15.4137 -0.897092 0.0263261 0.441059 139.744
0.434808 0.0717061 0.897664 186.221 -0.0104015 0.997158 -0.0746156 -15.4567 -0.900463 0.0231064 0.434318 140.041
0.428363 0.0725005 0.900694 186.849 -0.0106535 0.997112 -0.0751948 -15.5118 -0.903544 0.0226152 0.427898 140.348
0.421513 0.075524 0.903672 187.474 -0.0118776 0.9969 -0.0777753 -15.5657 -0.906745 0.0220498 0.421103 140.647
0.413942 0.0806031 0.906728 188.094 -0.0152729 0.996547 -0.0816151 -15.6129 -0.910175 0.0199356 0.413744 140.925
0.405831 0.084637 0.910021 188.747 -0.0176146 0.996242 -0.0848007 -15.6663 -0.913778 0.0183851 0.405797 141.235
0.398435 0.0870952 0.913052 189.389 -0.0188125 0.996048 -0.0868028 -15.7219 -0.917004 0.0174085 0.398499 141.517
0.391338 0.0896184 0.915873 190.048 -0.0196183 0.995833 -0.0890599 -15.7821 -0.920038 0.0168847 0.391465 141.797
0.384144 0.0917044 0.918708 190.714 -0.0202181 0.995652 -0.090931 -15.8425 -0.923052 0.016356 0.384327 142.099
0.376691 0.0921894 0.92174 191.387 -0.0177997 0.995572 -0.0922995 -15.9054 -0.926168 0.0183617 0.376664 142.363
0.369539 0.0914866 0.9247 192.091 -0.0156866 0.995614 -0.0922337 -15.9656 -0.929083 0.0195786 0.369354 142.655
0.361797 0.0887708 0.928021 192.804 -0.014375 0.995869 -0.0896567 -16.0323 -0.932146 0.0190973 0.361579 142.939
0.355168 0.0862596 0.930814 193.511 -0.0153773 0.996138 -0.0864457 -16.0907 -0.934676 0.0163894 0.355122 143.204
0.348681 0.0824677 0.933606 194.259 -0.0137792 0.996465 -0.0828739 -16.1526 -0.93714 0.0160322 0.348585 143.489
0.342375 0.077844 0.936333 195.012 -0.0109465 0.996825 -0.0788705 -16.2199 -0.9395 0.0167537 0.34214 143.767
0.337349 0.0730619 0.93854 195.759 -0.0111159 0.997223 -0.0736347 -16.2705 -0.941314 0.0144079 0.337224 144.034
0.331327 0.0677415 0.941081 196.552 -0.009303 0.997605 -0.0685349 -16.3211 -0.94347 0.0139526 0.331164 144.31
0.327011 0.0674235 0.942612 197.34 -0.00492809 0.99756 -0.0696441 -16.3845 -0.945008 0.0181291 0.326545 144.591
0.32148 0.0742899 0.943998 198.111 -0.00121928 0.996949 -0.0780418 -16.4423 -0.946916 0.0239378 0.320589 144.856
0.31654 0.0852395 0.944741 198.921 0.00170138 0.995902 -0.0904254 -16.5017 -0.948578 0.0302307 0.315098 145.123
0.312754 0.0918695 0.945381 199.718 0.00670451 0.995073 -0.0989165 -16.5695 -0.949811 0.0372748 0.310597 145.379
0.307422 0.0881922 0.947478 200.548 0.0142647 0.995157 -0.0972587 -16.6421 -0.951466 0.043415 0.304675 145.646
0.30322 0.0800755 0.94955 201.413 0.0212423 0.995647 -0.0907462 -16.7223 -0.952684 0.0476868 0.3002 145.912
0.298031 0.0748944 0.951613 202.264 0.025626 0.99593 -0.0864079 -16.7977 -0.954212 0.0501383 0.294899 146.17
0.294165 0.0794894 0.952443 203.134 0.0225727 0.99568 -0.0900695 -16.8828 -0.955488 0.0479945 0.291099 146.435
0.290113 0.0895597 0.952792 203.966 0.0158544 0.995025 -0.0983569 -16.9528 -0.956861 0.0436406 0.28725 146.695
0.283439 0.0929997 0.95447 204.834 0.0107577 0.994916 -0.100135 -17.0365 -0.95893 0.0386501 0.280998 146.97
0.279672 0.0890445 0.955957 205.711 0.00971786 0.995376 -0.0955593 -17.1149 -0.960046 0.0360152 0.277514 147.227
0.274456 0.0856127 0.957781 206.615 0.00915102 0.995751 -0.091629 -17.2002 -0.961556 0.0339128 0.272506 147.49
0.267579 0.0862749 0.959666 207.502 0.00786492 0.995755 -0.0917123 -17.2806 -0.963504 0.032088 0.265765 147.748
0.262794 0.0904449 0.960604 208.327 0.00401089 0.995486 -0.0948265 -17.3588 -0.964844 0.0287727 0.261245 147.981
0.258417 0.0909864 0.961739 209.258 0.00769025 0.995329 -0.0962306 -17.4406 -0.966003 0.0322637 0.256511 148.227
0.253965 0.0900895 0.963009 210.151 0.0116456 0.995296 -0.0961812 -17.5278 -0.967143 0.0356415 0.251721 148.46
0.250048 0.0887643 0.964156 211.101 0.0147249 0.995325 -0.0954527 -17.615 -0.968121 0.0380649 0.247572 148.703
0.246564 0.0880113 0.965122 212.042 0.0163066 0.99535 -0.0949338 -17.7011 -0.968989 0.0391452 0.243983 148.944
0.242096 0.0871617 0.966329 212.969 0.016677 0.995436 -0.0939652 -17.7915 -0.970109 0.0388642 0.239538 149.186
0.241208 0.0857901 0.966674 213.85 0.0148747 0.995641 -0.0920725 -17.871 -0.97036 0.0365876 0.238881 149.405
0.237308 0.0835404 0.967836 214.817 0.0155664 0.99584 -0.0897745 -17.9576 -0.97131 0.0363699 0.23502 149.652
0.234278 0.0840156 0.968533 215.797 0.0128345 0.995905 -0.0894945 -18.0442 -0.972085 0.0333972 0.23224 149.893
0.234191 0.0863119 0.968352 216.616 0.00969074 0.995795 -0.0911015 -18.1228 -0.972142 0.0307192 0.232369 150.104
0.228818 0.0879217 0.969491 217.691 0.00904548 0.995678 -0.0924315 -18.218 -0.973427 0.0299195 0.227034 150.37
0.227586 0.087394 0.969828 218.553 0.0107075 0.99568 -0.0922362 -18.2946 -0.973699 0.0313761 0.225667 150.576
0.225702 0.0861135 0.970383 219.478 0.00998117 0.995829 -0.0906931 -18.3921 -0.974145 0.0301551 0.223901 150.8
0.223873 0.082577 0.971114 220.4 0.0111336 0.996122 -0.0872702 -18.4586 -0.974555 0.0303495 0.222086 151.02
0.222035 0.0792927 0.971809 221.414 0.013946 0.996328 -0.0844795 -18.5605 -0.974939 0.0323103 0.220114 151.249
0.222391 0.0821307 0.971492 222.351 0.0134842 0.996091 -0.0872971 -18.6331 -0.974864 0.0325139 0.220415 151.466
0.21842 0.0871053 0.97196 223.215 0.0113277 0.995715 -0.0917798 -18.7152 -0.975789 0.0310566 0.216497 151.668
0.217843 0.0907039 0.97176 224.156 0.0124134 0.995334 -0.095687 -18.801 -0.975905 0.0329076 0.2157 151.884
0.214657 0.0917077 0.972375 225.021 0.010426 0.99531 -0.0961724 -18.8863 -0.976634 0.030782 0.212694 152.083
0.211732 0.0881789 0.973342 226.064 0.0098346 0.995679 -0.0923418 -18.9852 -0.977278 0.0291241 0.209949 152.309
0.207392 0.0824386 0.974778 226.952 0.00927908 0.996232 -0.0862272 -19.0645 -0.978214 0.0269279 0.205846 152.504
0.203484 0.0780469 0.975962 227.887 0.0115722 0.996556 -0.0821065 -19.1484 -0.97901 0.0280014 0.20188 152.7
0.200497 0.078228 0.976566 228.792 0.00935768 0.996609 -0.0817547 -19.2264 -0.97965 0.0255299 0.199085 152.906
0.194286 0.0797805 0.977695 229.722 0.00887835 0.996503 -0.0830796 -19.3005 -0.980905 0.0248215 0.192898 153.082
0.190707 0.079921 0.978388 230.63 0.00938354 0.996486 -0.0832284 -19.3771 -0.981602 0.025053 0.189287 153.27
0.185339 0.0797545 0.979433 231.531 0.00933139 0.996513 -0.0829112 -19.4532 -0.98263 0.0245061 0.183948 153.452
0.180379 0.0784455 0.980464 232.464 0.0102006 0.996612 -0.0816141 -19.5308 -0.983544 0.0247228 0.178968 153.624
0.177277 0.0783683 0.981036 233.371 0.00941466 0.996644 -0.0813164 -19.6062 -0.984116 0.0236517 0.175944 153.804
0.173645 0.0789059 0.981642 234.324 0.00798193 0.996639 -0.0815233 -19.6852 -0.984776 0.0219916 0.172432 153.973
0.169388 0.0798962 0.982306 235.242 0.00482878 0.996629 -0.081894 -19.7622 -0.985538 0.0186152 0.168432 154.139
0.164711 0.0794884 0.983134 236.19 0.0031324 0.9967 -0.0811101 -19.8378 -0.986337 0.0164393 0.163919 154.314
0.159727 0.0805024 0.983873 237.131 -0.000870188 0.99668 -0.0814091 -19.9145 -0.987161 0.0121471 0.159267 154.484
0.156997 0.0845422 0.983974 238.004 -0.00589713 0.996392 -0.0846683 -19.9875 -0.987582 0.00749003 0.156929 154.637
0.153026 0.08953 0.984158 238.931 -0.00894975 0.995972 -0.0892131 -20.0675 -0.988182 0.00484392 0.153211 154.8
0.14996 0.0916372 0.984436 239.838 -0.0110767 0.995789 -0.0910066 -20.1491 -0.98863 0.00274299 0.150343 154.963
0.146499 0.0895033 0.985153 240.753 -0.0119308 0.995986 -0.0887132 -20.2246 -0.989139 0.00124266 0.146978 155.107
0.143197 0.0856853 0.985978 241.673 -0.0111861 0.996322 -0.0849595 -20.3099 -0.989631 0.00113668 0.143629 155.242
0.138884 0.0832694 0.986802 242.6 -0.0112935 0.996527 -0.0825006 -20.3849 -0.990244 0.000313598 0.139342 155.386
0.136153 0.0811747 0.987357 243.483 -0.00921818 0.996698 -0.0806715 -20.4632 -0.990645 0.00188201 0.136451 155.526
0.132836 0.0814923 0.987782 244.416 -0.00890786 0.996672 -0.0810278 -20.54 -0.991098 0.00196436 0.133119 155.648
0.127209 0.0833618 0.988367 245.317 -0.0093171 0.996518 -0.0828502 -20.6107 -0.991832 0.00133057 0.127543 155.777
0.124066 0.085734 0.988563 246.235 -0.0104716 0.996318 -0.0850923 -20.6893 -0.992219 0.0002053 0.124507 155.896
0.119991 0.0822201 0.989365 247.145 -0.0015558 0.996579 -0.0826309 -20.7609 -0.992774 0.00837575 0.119709 156.005
0.112978 0.0760364 0.990684 248.061 0.00166626 0.997052 -0.0767151 -20.8326 -0.993596 0.0103179 0.112518 156.116
0.108684 0.0771422 0.991079 248.973 0.00144774 0.996971 -0.0777596 -20.9029 -0.994075 0.00988604 0.108243 156.224
0.104172 0.0885234 0.990612 249.876 0.00314102 0.995997 -0.0893349 -20.991 -0.994554 0.0124177 0.103477 156.319
0.0995181 0.102073 0.989787 250.708 0.00274924 0.994693 -0.102855 -21.0643 -0.995032 0.0129571 0.0987093 156.407
0.0941465 0.106155 0.989883 251.616 0.00138806 0.994284 -0.106759 -21.1594 -0.995557 0.011425 0.093461 156.508
0.088162 0.101486 0.990923 252.515 -0.00217081 0.994814 -0.101691 -21.2405 -0.996104 0.00681418 0.087925 156.585
0.0818416 0.0944902 0.992156 253.399 -0.00341735 0.995516 -0.0945284 -21.3269 -0.99664 0.00434582 0.0817976 156.682
0.0780129 0.0904121 0.992844 254.319 -0.00563872 0.995903 -0.0902476 -21.4105 -0.996937 0.00144212 0.0782031 156.755
0.0711575 0.0894272 0.993448 255.198 -0.00989355 0.995987 -0.0889471 -21.4952 -0.997416 -0.00349948 0.0717567 156.821
0.064091 0.0876686 0.994086 256.039 -0.0139256 0.996115 -0.0869497 -21.5693 -0.997847 -0.00827055 0.0650629 156.892
0.0572504 0.0835992 0.994853 256.946 -0.018381 0.996407 -0.082672 -21.6439 -0.998191 -0.0135534 0.0585814 156.964
0.0491465 0.0798877 0.995592 257.84 -0.0187059 0.996695 -0.0790528 -21.7126 -0.998617 -0.0147383 0.0504785 157.022
0.0433334 0.0813134 0.995746 258.691 -0.0156009 0.996616 -0.0807055 -21.7914 -0.998939 -0.0120373 0.0444553 157.06
0.0368859 0.0851091 0.995689 259.558 -0.0142794 0.99631 -0.0846332 -21.8582 -0.999218 -0.0110961 0.0379651 157.091
0.0296606 0.0873409 0.995737 260.412 -0.0123379 0.996131 -0.0870079 -21.9304 -0.999484 -0.00970457 0.0306234 157.124
0.023589 0.0858355 0.99603 261.288 -0.011719 0.996263 -0.085578 -22.0047 -0.999653 -0.0096538 0.0245068 157.156
0.016746 0.0830948 0.996401 262.179 -0.012427 0.996481 -0.0828927 -22.0757 -0.999783 -0.0109941 0.0177197 157.186
0.0111572 0.0819201 0.996576 263.016 -0.00917683 0.996605 -0.0818197 -22.1489 -0.999896 -0.00823253 0.0118711 157.209
0.00621824 0.0837002 0.996472 263.879 -0.0064149 0.996474 -0.0836603 -22.2231 -0.99996 -0.00587204 0.00673324 157.217
4.76013e-05 0.0875365 0.996161 264.75 -0.00798841 0.99613 -0.0875334 -22.2898 -0.999968 -0.00795357 0.000746695 157.218
-0.00280783 0.0891043 0.996018 265.622 -0.00550625 0.996006 -0.0891187 -22.3641 -0.999981 -0.00573455 -0.00230598 157.229
-0.00517552 0.0880695 0.996101 266.488 -0.000311775 0.996114 -0.0880723 -22.4402 -0.999987 -0.000766374 -0.00512795 157.212
-0.00746378 0.0852748 0.99633 267.367 0.00245447 0.996356 -0.0852586 -22.5139 -0.999969 0.00180912 -0.00764588 157.218
-0.00896118 0.0846727 0.996368 268.221 0.00377995 0.996404 -0.0846418 -22.5832 -0.999953 0.00300774 -0.00924902 157.204
-0.011142 0.0828167 0.996503 269.084 0.00659083 0.996549 -0.0827469 -22.6585 -0.999916 0.00564582 -0.0116494 157.204
-0.0122716 0.0848853 0.996315 269.956 0.00827822 0.996365 -0.0847875 -22.7311 -0.999891 0.00720725 -0.0129296 157.2
-0.0122797 0.0857482 0.996241 270.815 0.0101515 0.996276 -0.085626 -22.8046 -0.999873 0.00906188 -0.0131045 157.182
-0.0130133 0.0873493 0.996093 271.652 0.0135425 0.996101 -0.0871731 -22.8792 -0.999824 0.0123552 -0.0141455 157.176
-0.0112218 0.0885285 0.99601 272.515 0.015424 0.99597 -0.0883512 -22.9524 -0.999818 0.014371 -0.012542 157.163
-0.0106886 0.0885227 0.996017 273.345 0.017432 0.995939 -0.0883287 -23.0286 -0.999791 0.0164185 -0.0121883 157.162
-0.00886477 0.0890113 0.995991 274.19 0.0189191 0.995867 -0.0888318 -23.107 -0.999782 0.0180557 -0.0105121 157.149
-0.00654208 0.0875426 0.996139 275.016 0.0202848 0.995967 -0.0873942 -23.1817 -0.999773 0.0196347 -0.00829148 157.148
-0.0034732 0.0857325 0.996312 275.819 0.0210332 0.996104 -0.0856413 -23.255 -0.999773 0.0206582 -0.0052629 157.142
-0.00053131 0.0822622 0.996611 276.623 0.0212282 0.996387 -0.0822325 -23.3226 -0.999775 0.0211126 -0.00227567 157.146
0.00276114 0.07917 0.996857 277.432 0.0201281 0.996655 -0.0792097 -23.3946 -0.999794 0.0202836 0.00115835 157.154
0.0058763 0.0768169 0.997028 278.214 0.0189854 0.996857 -0.0769156 -23.4604 -0.999803 0.019381 0.00439943 157.164
0.00903795 0.0770599 0.996986 278.956 0.0138729 0.996921 -0.0771806 -23.5203 -0.999863 0.0145286 0.00794108 157.186
0.0141023 0.0784227 0.996821 279.741 0.0112111 0.996845 -0.0785832 -23.5851 -0.999838 0.0122837 0.0131786 157.205
0.0174249 0.0788768 0.996732 280.461 0.00981919 0.996822 -0.0790556 -23.6422 -0.9998 0.0111646 0.016595 157.228
0.0202112 0.0760194 0.996902 281.213 0.0105968 0.997033 -0.0762443 -23.7058 -0.99974 0.0121049 0.0193457 157.253
0.0239781 0.0730161 0.997043 281.954 0.00862889 0.997277 -0.0732408 -23.763 -0.999675 0.0103595 0.0232828 157.277
0.0270301 0.0709847 0.997111 282.653 0.0060038 0.997446 -0.0711713 -23.817 -0.999617 0.00791023 0.0265349 157.304
0.0318164 0.0718245 0.99691 283.382 0.00688384 0.997375 -0.0720777 -23.8757 -0.99947 0.00915583 0.0312385 157.333
0.036569 0.0733835 0.996633 284.056 0.00641203 0.997262 -0.0736651 -23.9264 -0.999311 0.00908431 0.0359984 157.357
0.0386366 0.07535 0.996408 284.731 0.00631536 0.997115 -0.0756483 -23.9774 -0.999234 0.00921548 0.0380493 157.401
0.0418597 0.0780605 0.996069 285.388 0.00485237 0.996916 -0.0783307 -24.0375 -0.999112 0.00811221 0.0413519 157.427
0.0455227 0.0782804 0.995891 286.016 0.00225522 0.996914 -0.0784639 -24.0862 -0.998961 0.00581785 0.0452057 157.46
0.0480977 0.0791291 0.995703 286.64 -0.000542446 0.996859 -0.0791947 -24.1373 -0.998843 0.00326897 0.0479895 157.504
0.0509638 0.079497 0.995531 287.249 -0.00240884 0.996834 -0.0794776 -24.1863 -0.998698 0.00165241 0.0509939 157.545
0.0551077 0.0789106 0.995357 287.878 -0.00265904 0.99688 -0.0788841 -24.2397 -0.998477 0.00170043 0.0551457 157.579
0.0587054 0.0800505 0.995061 288.473 -0.00300233 0.996789 -0.0800124 -24.2878 -0.998271 0.00170967 0.0587573 157.619
0.0591704 0.0828372 0.994805 289.005 -0.00781054 0.996559 -0.0825187 -24.3318 -0.998217 -0.00288729 0.0596138 157.664
0.0630856 0.0828277 0.994565 289.631 -0.00815323 0.99656 -0.0824767 -24.386 -0.997975 -0.00290582 0.0635439 157.711
0.0655352 0.0822471 0.994455 290.156 -0.00976636 0.996603 -0.0817811 -24.4325 -0.997803 -0.00435265 0.0661158 157.75
0.0679762 0.0821057 0.994303 290.709 -0.0113528 0.996607 -0.0815199 -24.4776 -0.997622 -0.00574668 0.0686776 157.802
0.0715664 0.0824151 0.994025 291.26 -0.0110299 0.996585 -0.0818332 -24.5259 -0.997375 -0.00510752 0.0722311 157.846
0.0740423 0.0837457 0.993733 291.804 -0.0126654 0.996466 -0.0830324 -24.5715 -0.997175 -0.00643813 0.0748413 157.891
0.0762455 0.084463 0.993505 292.312 -0.0129998 0.996405 -0.0837119 -24.6168 -0.997004 -0.00653271 0.0770694 157.936
0.0789003 0.0859577 0.99317 292.844 -0.0118211 0.996286 -0.0852883 -24.6635 -0.996813 -0.00501112 0.0796233 157.981
0.0814797 0.0875529 0.992822 293.338 -0.0130663 0.996142 -0.0867734 -24.7087 -0.996589 -0.00590224 0.0823094 158.03
0.0818204 0.089012 0.992664 293.828 -0.0145177 0.996005 -0.0881149 -24.7492 -0.996541 -0.00720158 0.0827858 158.075
0.0827587 0.0903792 0.992463 294.338 -0.0148432 0.995881 -0.0894527 -24.7946 -0.996459 -0.00732838 0.0837593 158.125
0.0841632 0.0915112 0.992241 294.783 -0.0152847 0.995776 -0.0905407 -24.8337 -0.996335 -0.00754586 0.0852064 158.175
0.0847521 0.0922887 0.992119 295.275 -0.0148577 0.995708 -0.0913533 -24.879 -0.996291 -0.00699822 0.0857595 158.211
0.0834267 0.0925675 0.992205 295.762 -0.0144608 0.995684 -0.0916761 -24.9245 -0.996409 -0.00669986 0.0844052 158.258
0.0831777 0.0921254 0.992267 296.272 -0.0168366 0.995706 -0.0910333 -24.9655 -0.996393 -0.00913445 0.0843716 158.31
0.0813265 0.0910053 0.992524 296.765 -0.017179 0.995803 -0.0898983 -25.0079 -0.996539 -0.00973942 0.0825486 158.353
0.0792074 0.0915511 0.992645 297.301 -0.0153149 0.995768 -0.090617 -25.0557 -0.996741 -0.00802471 0.0802742 158.4
0.0774675 0.0944383 0.992512 297.81 -0.0132327 0.995513 -0.093691 -25.102 -0.996907 -0.00587562 0.0783696 158.44
0.0755557 0.0983379 0.992281 298.338 -0.00698061 0.995153 -0.098091 -25.1578 -0.997117 0.000484609 0.0758759 158.476
0.0727299 0.103119 0.992007 298.874 -0.00474369 0.994665 -0.103047 -25.2062 -0.997341 0.00278887 0.0728311 158.508
0.0710861 0.10639 0.99178 299.423 -0.00574857 0.994323 -0.106251 -25.2525 -0.997454 0.00185163 0.0712941 158.548
0.069384 0.107047 0.99183 299.966 -0.00600175 0.994253 -0.106889 -25.2943 -0.997572 0.00146365 0.0696278 158.592
0.0678593 0.104461 0.992211 300.546 -0.00170609 0.994514 -0.104587 -25.3514 -0.997694 0.00540439 0.0676652 158.624
0.0658416 0.0992967 0.992877 301.15 0.00809227 0.99495 -0.100041 -25.419 -0.997797 0.0146215 0.0647056 158.647
0.0642388 0.0982799 0.993083 301.754 0.0102285 0.995022 -0.0991333 -25.4779 -0.997882 0.0165259 0.0629137 158.679
0.0610103 0.101459 0.992967 302.359 0.00579975 0.994768 -0.102 -25.5329 -0.99812 0.011982 0.0601026 158.728
0.0596037 0.103538 0.992838 302.949 0.00259035 0.994587 -0.103876 -25.5802 -0.998219 0.0087632 0.0590129 158.771
0.0583483 0.101886 0.993083 303.587 0.00730282 0.994708 -0.102482 -25.6423 -0.99827 0.013232 0.0572955 158.793
0.0567775 0.100039 0.993362 304.226 0.0117866 0.994831 -0.10086 -25.7009 -0.998317 0.0174349 0.0553049 158.821
0.0552483 0.099775 0.993475 304.857 0.0137149 0.994825 -0.100673 -25.7674 -0.998379 0.0191874 0.053594 158.86
0.0521794 0.10127 0.99349 305.535 0.00948958 0.99475 -0.101897 -25.8304 -0.998593 0.0147447 0.0509444 158.904
0.0505978 0.102902 0.993404 306.198 0.00824337 0.994601 -0.103446 -25.8932 -0.998685 0.0134232 0.0494763 158.944
0.0488846 0.106317 0.99313 306.854 0.00637724 0.994265 -0.106752 -25.9507 -0.998784 0.011552 0.0479262 158.98
0.0468466 0.10813 0.993032 307.555 0.00719108 0.994062 -0.108582 -26.023 -0.998876 0.0122277 0.0457908 159.017
0.0455574 0.107136 0.9932 308.249 0.0051913 0.994194 -0.107481 -26.0885 -0.998948 0.0100526 0.0447367 159.044
0.0430645 0.106306 0.993401 308.961 0.00156509 0.994315 -0.106471 -26.1621 -0.999071 0.00613989 0.0426533 159.09
0.0419618 0.107928 0.993273 309.674 0.000754144 0.994145 -0.108055 -26.2287 -0.999119 0.00528326 0.0416347 159.12
0.0400532 0.112256 0.992872 310.389 0.00394403 0.993644 -0.112502 -26.3124 -0.99919 0.008422 0.0393559 159.157
0.0378827 0.118298 0.992255 311.117 0.00499603 0.992933 -0.118569 -26.3905 -0.99927 0.00944908 0.037024 159.178
0.0367785 0.122152 0.99183 311.865 0.00534749 0.992463 -0.122429 -26.4674 -0.999309 0.00980655 0.0358481 159.217
0.0362437 0.120247 0.992082 312.609 0.00873642 0.992658 -0.120636 -26.5486 -0.999305 0.0130396 0.0349271 159.24
0.0361001 0.114328 0.992787 313.362 0.0147251 0.993266 -0.114919 -26.6331 -0.99924 0.0187675 0.0341735 159.246
0.034263 0.111528 0.99317 314.147 0.0181198 0.993521 -0.112192 -26.7225 -0.999249 0.0218401 0.0320201 159.273
0.0319473 0.112148 0.993178 314.941 0.0196337 0.993423 -0.112808 -26.8074 -0.999297 0.0231037 0.0295353 159.292
0.0319107 0.113839 0.992987 315.676 0.0203913 0.993212 -0.11452 -26.8854 -0.999283 0.0239027 0.0293727 159.324
0.0304 0.114723 0.992932 316.508 0.0215799 0.993085 -0.115401 -26.974 -0.999305 0.0249356 0.027714 159.348
0.0309278 0.114025 0.992996 317.312 0.0221696 0.993149 -0.114733 -27.0599 -0.999276 0.0255628 0.028188 159.374
0.032292 0.112295 0.99315 318.098 0.0228499 0.993326 -0.113058 -27.1443 -0.999217 0.0263442 0.0295105 159.388
0.0334573 0.110994 0.993258 318.926 0.0234142 0.993454 -0.111804 -27.2343 -0.999166 0.026997 0.0306395 159.422
0.0341129 0.110085 0.993337 319.761 0.024033 0.993537 -0.110933 -27.3253 -0.999129 0.0276572 0.0312467 159.45
0.0359781 0.108625 0.993432 320.578 0.0236005 0.993706 -0.10951 -27.4039 -0.999074 0.0273855 0.0331881 159.481
0.036852 0.106935 0.993583 321.428 0.0243311 0.993867 -0.107869 -27.4929 -0.999025 0.0281502 0.0340242 159.511
0.0385378 0.105905 0.993629 322.275 0.0259926 0.993925 -0.106945 -27.5818 -0.998919 0.0299484 0.035551 159.563
0.0402263 0.105015 0.993657 323.14 0.0267381 0.993992 -0.106133 -27.6694 -0.998833 0.0308378 0.0371767 159.589
0.0431649 0.104959 0.993539 323.932 0.0275251 0.993964 -0.1062 -27.7475 -0.998689 0.0319313 0.0400154 159.597
0.0458833 0.10478 0.993436 324.906 0.0294828 0.993908 -0.106192 -27.8457 -0.998512 0.0341617 0.0425146 159.652
0.0487153 0.103325 0.993454 325.725 0.030823 0.994006 -0.104894 -27.9253 -0.998337 0.0357312 0.0452385 159.701
0.0512756 0.102533 0.993407 326.614 0.0324375 0.99402 -0.10427 -28.0153 -0.998158 0.0375701 0.0476431 159.737
0.0548991 0.102976 0.993168 327.499 0.0331259 0.993932 -0.104886 -28.1027 -0.997943 0.0386577 0.0511549 159.786
0.0569466 0.103757 0.992971 328.374 0.0341772 0.9938 -0.105804 -28.1921 -0.997792 0.0399621 0.0530474 159.832
0.0587471 0.104601 0.992778 329.311 0.0327512 0.993758 -0.106643 -28.2862 -0.997736 0.0387796 0.0549546 159.89
0.0629345 0.105747 0.992399 330.19 0.0305531 0.9937 -0.107824 -28.3733 -0.99755 0.0371067 0.0593071 159.95
0.0631713 0.106725 0.99228 331.104 0.0289083 0.993653 -0.108713 -28.4696 -0.997584 0.0355527 0.0596851 160.006
0.0663583 0.1073 0.99201 331.995 0.0263946 0.993664 -0.109245 -28.5613 -0.997447 0.033433 0.0631057 160.068
0.0680197 0.105872 0.992051 332.917 0.025694 0.993838 -0.107825 -28.6576 -0.997353 0.032824 0.0648802 160.13
0.0692836 0.103287 0.992236 333.807 0.0257836 0.994108 -0.105282 -28.753 -0.997264 0.0328777 0.0662123 160.186
0.0697062 0.100853 0.992456 334.757 0.0272222 0.994314 -0.102953 -28.8463 -0.997196 0.0341934 0.0665644 160.272
0.0727194 0.100694 0.992256 335.68 0.0278497 0.994297 -0.102942 -28.9379 -0.996964 0.0351199 0.0695004 160.322
0.0718689 0.101611 0.992225 336.599 0.0291142 0.99416 -0.103918 -29.0387 -0.996989 0.0363563 0.0684908 160.394
0.0731459 0.101668 0.992126 337.512 0.0283935 0.994175 -0.103972 -29.1241 -0.996917 0.035775 0.0698331 160.468
0.0718679 0.100063 0.992382 338.435 0.0264984 0.994412 -0.102187 -29.2157 -0.997062 0.0336405 0.0688148 160.533
0.0735043 0.0982712 0.992441 339.371 0.0248091 0.994645 -0.100327 -29.3112 -0.996986 0.031996 0.0706726 160.612
0.0735657 0.0989562 0.992369 340.296 0.0222717 0.994654 -0.100835 -29.4039 -0.997042 0.0295198 0.0709685 160.687
0.074217 0.100295 0.992186 341.22 0.0216888 0.994532 -0.102154 -29.4962 -0.997006 0.0291009 0.0716359 160.751
0.0735986 0.100534 0.992208 342.133 0.0213168 0.99452 -0.10235 -29.5894 -0.99706 0.0286835 0.0710522 160.82
0.0741459 0.101284 0.992091 343.06 0.0202936 0.99447 -0.103044 -29.6809 -0.997041 0.0277733 0.0716804 160.898
0.0742948 0.101682 0.992039 343.972 0.0201256 0.994433 -0.103434 -29.7774 -0.997033 0.02765 0.0718348 160.97
0.0747727 0.101228 0.992049 344.894 0.0200366 0.994481 -0.102986 -29.8713 -0.997 0.0275778 0.0723318 161.031
0.0742785 0.100203 0.992191 345.83 0.0208871 0.994565 -0.102006 -29.9629 -0.997019 0.0283008 0.0717818 161.105
0.0752118 0.100739 0.992066 346.711 0.0204151 0.99452 -0.102536 -30.0592 -0.996959 0.0279651 0.072743 161.185
0.0736717 0.103304 0.991918 347.606 0.0205566 0.994252 -0.105074 -30.147 -0.997071 0.0281314 0.0711247 161.245
0.0759474 0.104179 0.991654 348.513 0.0222943 0.994101 -0.106144 -30.2437 -0.996863 0.0301695 0.0731768 161.306
0.0751979 0.101333 0.992007 349.392 0.0262899 0.994276 -0.103558 -30.3255 -0.996822 0.0338671 0.0721034 161.376
0.0784802 0.0980561 0.992082 350.32 0.0285218 0.994523 -0.100554 -30.4201 -0.996508 0.0361875 0.0752536 161.451
0.0798612 0.0999328 0.991784 351.235 0.032987 0.994152 -0.102828 -30.5131 -0.99626 0.040928 0.0760977 161.505
0.0831455 0.104681 0.991024 352.107 0.0379023 0.993416 -0.108114 -30.6042 -0.995816 0.0465513 0.0786304 161.579
0.0863511 0.107881 0.990407 353 0.0400128 0.992942 -0.111645 -30.6954 -0.995461 0.0492697 0.081425 161.647
0.0919309 0.107316 0.989966 353.871 0.0433229 0.992803 -0.111646 -30.7918 -0.994823 0.0531519 0.08662 161.713
0.0933042 0.107658 0.9898 354.828 0.0450483 0.992662 -0.112216 -30.8935 -0.994618 0.055059 0.0877697 161.798
0.0966846 0.109461 0.989278 355.675 0.0455977 0.992404 -0.114263 -30.9896 -0.99427 0.0561563 0.090959 161.879
0.0995641 0.109478 0.98899 356.588 0.0448336 0.992426 -0.114372 -31.0909 -0.994021 0.0557274 0.0939017 161.961
0.103399 0.105743 0.989003 357.495 0.044839 0.992826 -0.11084 -31.1906 -0.993629 0.0558066 0.0979159 162.072
0.108416 0.101714 0.988889 358.41 0.043842 0.993295 -0.106973 -31.2903 -0.993138 0.0549525 0.10323 162.174
0.112147 0.100087 0.988638 359.321 0.0417153 0.993563 -0.105318 -31.3849 -0.992816 0.0530524 0.10725 162.293
0.118144 0.0991846 0.98803 360.203 0.0393979 0.993747 -0.10447 -31.4782 -0.992215 0.0512688 0.113498 162.39
0.124135 0.0985248 0.987362 361.096 0.0372912 0.993892 -0.103865 -31.5681 -0.991565 0.0497132 0.119702 162.505
0.12969 0.0985816 0.986642 361.988 0.0361545 0.993914 -0.104061 -31.6615 -0.990895 0.0491671 0.125337 162.621
0.137391 0.0996602 0.985491 362.911 0.0337293 0.993878 -0.105211 -31.758 -0.989943 0.0476949 0.133188 162.748
0.144514 0.100809 0.984354 363.802 0.0312167 0.993837 -0.106363 -31.8514 -0.98901 0.0460991 0.140476 162.883
0.153879 0.101744 0.982837 364.703 0.0289946 0.993791 -0.107417 -31.9452 -0.987664 0.0450263 0.149974 163.032
0.163698 0.102194 0.981203 365.599 0.0268123 0.993792 -0.107978 -32.0433 -0.986146 0.0439842 0.159942 163.186
0.172923 0.102315 0.979607 366.491 0.0258962 0.993774 -0.108365 -32.1386 -0.984595 0.0441069 0.169196 163.347
0.181619 0.102157 0.978048 367.372 0.0239105 0.993837 -0.108246 -32.2341 -0.983078 0.0430452 0.178057 163.504
0.190998 0.10203 0.976273 368.26 0.0218036 0.993897 -0.108138 -32.3302 -0.981348 0.0419404 0.187608 163.683
0.198257 0.10166 0.974864 369.131 0.0204876 0.99396 -0.107818 -32.4252 -0.979936 0.0413483 0.194977 163.866
0.205964 0.101188 0.973314 370.039 0.0190308 0.994037 -0.107369 -32.5232 -0.978375 0.0406371 0.20281 164.057
0.211369 0.101465 0.972126 370.955 0.0177527 0.994035 -0.107612 -32.6215 -0.977245 0.0400036 0.208306 164.269
0.215955 0.101913 0.97107 371.762 0.0169755 0.993996 -0.108094 -32.7103 -0.976256 0.0398279 0.212929 164.461
0.220161 0.101678 0.97015 372.694 0.0159635 0.994044 -0.107805 -32.8123 -0.975333 0.0392215 0.217227 164.668
0.224658 0.101728 0.969113 373.555 0.0147595 0.994067 -0.107768 -32.9058 -0.974326 0.0385147 0.221824 164.858
0.228221 0.101597 0.968294 374.461 0.0152473 0.994046 -0.107893 -33.0052 -0.97349 0.0393873 0.225313 165.082
0.233459 0.101891 0.967013 375.356 0.0145613 0.994017 -0.108251 -33.1035 -0.972258 0.0393534 0.230579 165.295
0.236264 0.101668 0.966356 376.251 0.0147891 0.99402 -0.108194 -33.2007 -0.971576 0.0398539 0.233347 165.53
0.24102 0.10012 0.965342 377.146 0.0151516 0.994155 -0.106891 -33.2983 -0.970402 0.0403894 0.238094 165.755
0.245292 0.0986479 0.964417 378.034 0.0143515 0.994331 -0.105358 -33.3917 -0.969343 0.0396844 0.242486 165.989
0.249428 0.0963145 0.963592 378.923 0.0153555 0.994523 -0.103381 -33.4909 -0.968272 0.0405826 0.246583 166.229
0.252898 0.0942049 0.962896 379.818 0.0146158 0.994763 -0.101161 -33.5855 -0.967383 0.039657 0.250196 166.475
0.257781 0.0923643 0.961778 380.69 0.0145087 0.994938 -0.0994375 -33.6748 -0.966094 0.0395872 0.255136 166.708
0.262597 0.0920413 0.960506 381.562 0.014495 0.994951 -0.099305 -33.7684 -0.964797 0.0399996 0.259937 166.952
0.266385 0.0953708 0.959137 382.442 0.0125087 0.994667 -0.102378 -33.8628 -0.963786 0.0392694 0.263771 167.219
0.270563 0.098738 0.957626 383.299 0.00956775 0.994402 -0.105233 -33.9511 -0.962655 0.0376345 0.268103 167.461
0.273665 0.0994123 0.956674 384.172 0.00758175 0.99439 -0.1055 -34.0472 -0.961795 0.036125 0.271376 167.741
0.276446 0.0954956 0.956273 385.015 0.00668634 0.994836 -0.10128 -34.1347 -0.961006 0.0343923 0.27438 168.005
0.280145 0.0926684 0.955474 385.861 0.00322977 0.995233 -0.0974715 -34.2242 -0.959952 0.0303922 0.278511 168.236
0.281116 0.0936536 0.955093 386.695 -0.000369165 0.995237 -0.0974813 -34.3121 -0.959674 0.027051 0.279812 168.504
0.280977 0.0989199 0.954603 387.54 -0.00397118 0.994785 -0.101915 -34.4028 -0.959706 0.0248449 0.279905 168.771
0.282014 0.103447 0.953817 388.364 -0.0058579 0.994337 -0.106109 -34.4877 -0.959392 0.024337 0.281023 169.019
0.282259 0.103913 0.953694 389.206 -0.00748149 0.994325 -0.106126 -34.5787 -0.959309 0.0228198 0.281435 169.286
0.282632 0.100091 0.953992 390.023 -0.00984884 0.994792 -0.101454 -34.6672 -0.959178 0.0192785 0.282146 169.545
0.283157 0.0961333 0.954243 390.833 -0.0123123 0.995246 -0.0966106 -34.7512 -0.958995 0.015607 0.282995 169.794
0.282842 0.0938739 0.954562 391.663 -0.0133513 0.995488 -0.0939427 -34.8363 -0.959074 0.0138263 0.282819 170.049
0.281858 0.0933659 0.954902 392.467 -0.0131156 0.995536 -0.0934675 -34.9175 -0.959366 0.0138205 0.281825 170.297
0.281519 0.0940191 0.954939 393.292 -0.0127709 0.995467 -0.0942445 -34.999 -0.959471 0.0143362 0.281443 170.549
0.281286 0.0950912 0.954901 394.102 -0.0127651 0.995361 -0.09536 -35.0757 -0.959539 0.0146341 0.281195 170.802
0.280812 0.0920172 0.955341 394.895 -0.00747491 0.995573 -0.0936951 -35.1475 -0.959734 0.0191696 0.280257 171.013
0.280494 0.0900834 0.955619 395.721 -0.00554728 0.995722 -0.0922355 -35.2314 -0.95984 0.0205704 0.279793 171.274
0.279884 0.0916901 0.955645 396.528 -0.00537707 0.995563 -0.0939452 -35.3133 -0.960019 0.0211552 0.279135 171.53
0.279946 0.0960652 0.955197 397.322 -0.00362648 0.99508 -0.0990134 -35.3923 -0.960009 0.0242544 0.278917 171.754
0.279158 0.1008 0.95494 398.147 -0.00316126 0.994566 -0.104059 -35.4746 -0.96024 0.0260301 0.27796 171.988
0.27962 0.100123 0.954876 398.935 -0.00389656 0.994658 -0.103153 -35.5459 -0.960103 0.025123 0.278516 172.219
0.277889 0.0966595 0.955738 399.763 -0.00309446 0.99501 -0.0997315 -35.6338 -0.960608 0.0247568 0.276801 172.478
0.278732 0.0961448 0.955544 400.569 -0.00382887 0.99508 -0.0990059 -35.7139 -0.960361 0.0239374 0.277728 172.701
0.278213 0.0978498 0.955522 401.408 -0.00342516 0.994892 -0.100884 -35.7939 -0.960514 0.0247944 0.277127 172.963
0.277652 0.100465 0.955414 402.251 -0.00251762 0.99459 -0.103853 -35.8835 -0.960679 0.0264296 0.276403 173.213
0.278586 0.10188 0.954992 403.084 -0.00195145 0.994416 -0.105516 -35.9642 -0.960409 0.0275317 0.277229 173.445
0.278163 0.100452 0.955267 403.941 -0.00167696 0.994566 -0.104097 -36.0512 -0.960532 0.0273539 0.27682 173.703
0.278984 0.0976369 0.955319 404.82 -0.00029754 0.994827 -0.101588 -36.1379 -0.960296 0.0280571 0.27757 173.963
0.278803 0.0969971 0.955437 405.668 0.0030827 0.994791 -0.101892 -36.2285 -0.960343 0.0313531 0.277052 174.219
0.280269 0.0972342 0.954984 406.548 0.00700781 0.994623 -0.103327 -36.3152 -0.959896 0.0356516 0.27808 174.471
0.280387 0.0964774 0.955026 407.432 0.0107756 0.994557 -0.103634 -36.4083 -0.959827 0.0393487 0.277821 174.724
0.28236 0.0951039 0.954583 408.287 0.0139614 0.994561 -0.103217 -36.4913 -0.959207 0.0424716 0.279496 174.973
0.284811 0.0933774 0.954025 409.163 0.0189377 0.994502 -0.102993 -36.5854 -0.958397 0.0474005 0.281477 175.224
0.285158 0.0920563 0.95405 410.049 0.023266 0.994419 -0.102906 -36.6838 -0.958198 0.0515413 0.281425 175.478
0.284825 0.0892503 0.954416 410.916 0.0218958 0.994791 -0.0995603 -36.7676 -0.95833 0.049255 0.281387 175.753
0.285768 0.0844452 0.954571 411.793 0.0200468 0.995365 -0.0940554 -36.8491 -0.958089 0.0460141 0.28275 176.021
0.286814 0.080053 0.954636 412.653 0.020682 0.995753 -0.0897148 -36.9355 -0.957763 0.0454752 0.28394 176.279
0.28644 0.0803477 0.954723 413.535 0.0219383 0.995666 -0.0903754 -37.0253 -0.957847 0.0468321 0.283436 176.566
0.287832 0.0836853 0.954018 414.387 0.0207913 0.995394 -0.0935876 -37.0995 -0.957455 0.0467727 0.284766 176.8
0.288056 0.0850186 0.953832 415.245 0.0220727 0.995197 -0.0953715 -37.1854 -0.957359 0.0485259 0.284796 177.064
0.2883 0.0834756 0.953895 416.134 0.0245113 0.995223 -0.0945004 -37.2742 -0.957227 0.0506257 0.284877 177.341
0.289219 0.0807388 0.953852 416.983 0.0263528 0.995388 -0.0922451 -37.3576 -0.9569 0.0518157 0.285757 177.597
0.290018 0.0791807 0.95374 417.825 0.0263244 0.995534 -0.0906554 -37.4389 -0.956659 0.0513983 0.286639 177.852
0.288342 0.0796248 0.954211 418.679 0.0252212 0.995559 -0.0906964 -37.5274 -0.957195 0.0502179 0.285053 178.121
0.28844 0.0798299 0.954164 419.529 0.0242384 0.99559 -0.0906229 -37.6093 -0.957191 0.0492667 0.285233 178.382
0.289297 0.0781283 0.954046 420.327 0.0249591 0.995709 -0.0891085 -37.6827 -0.956914 0.0495909 0.286105 178.612
0.287044 0.0749542 0.95498 421.132 0.0267473 0.995918 -0.0862069 -37.7643 -0.957544 0.0502883 0.283868 178.866
0.28704 0.0734338 0.9551 421.928 0.026653 0.996059 -0.0845931 -37.8379 -0.957548 0.0497379 0.283951 179.106
0.28604 0.0729473 0.955437 422.715 0.0279111 0.996041 -0.0844034 -37.9103 -0.957811 0.0508101 0.282871 179.338
0.283338 0.0743878 0.956131 423.49 0.0299778 0.995813 -0.0863587 -37.9851 -0.958552 0.0531315 0.279922 179.576
0.283434 0.079131 0.955721 424.254 0.0293061 0.99541 -0.0911082 -38.0584 -0.958544 0.0538316 0.279814 179.794
0.281175 0.0844688 0.955932 425.022 0.0272593 0.995014 -0.0959402 -38.1321 -0.959269 0.0530341 0.27747 180.024
0.280546 0.0889647 0.955709 425.766 0.0254826 0.994654 -0.10007 -38.2066 -0.959502 0.0524283 0.276779 180.24
0.277928 0.0897865 0.956396 426.514 0.0252441 0.994596 -0.100709 -38.282 -0.96027 0.0521332 0.27416 180.463
0.277446 0.0862089 0.956866 427.269 0.0258562 0.994935 -0.0971358 -38.3619 -0.960393 0.0516909 0.273812 180.682
0.275626 0.0817621 0.957782 428.028 0.0276375 0.99529 -0.0929174 -38.4358 -0.960868 0.0520811 0.272068 180.916
0.275751 0.079728 0.957917 428.744 0.0282731 0.99545 -0.0909908 -38.5094 -0.960813 0.0521741 0.272243 181.115
0.274395 0.079888 0.958293 429.487 0.0300309 0.995345 -0.0915758 -38.5813 -0.961148 0.0539064 0.270718 181.329
0.273809 0.0818985 0.958291 430.214 0.0291891 0.995201 -0.093393 -38.6501 -0.961341 0.0535434 0.270104 181.53
0.273592 0.0831824 0.958242 430.951 0.0304678 0.995004 -0.0950726 -38.7215 -0.961363 0.0552066 0.269691 181.749
0.273824 0.0831351 0.95818 431.67 0.0313849 0.994954 -0.0952948 -38.7898 -0.961268 0.0561664 0.269833 181.954
0.273546 0.0837046 0.95821 432.428 0.0332067 0.994791 -0.0963798 -38.8679 -0.961286 0.0581833 0.269341 182.173
0.272949 0.0851638 0.958252 433.138 0.0337614 0.994612 -0.0980119 -38.9392 -0.961436 0.0591041 0.268603 182.371
0.273974 0.0868999 0.957803 433.845 0.0318481 0.994543 -0.0993433 -39.007 -0.96121 0.0577217 0.269711 182.57
0.274042 0.0866021 0.95781 434.609 0.0329232 0.994509 -0.0993401 -39.087 -0.961154 0.0587576 0.269686 182.795
0.273696 0.0853085 0.958025 435.32 0.034093 0.994572 -0.0983028 -39.1574 -0.961212 0.0595671 0.269302 183.001
0.274098 0.0836657 0.958056 436.059 0.0346427 0.994703 -0.0967773 -39.2331 -0.961078 0.0597161 0.269747 183.214
0.275121 0.0819638 0.957909 436.798 0.0353921 0.994821 -0.0952871 -39.306 -0.960758 0.0601179 0.270795 183.426
0.276824 0.079714 0.957608 437.511 0.0364697 0.994964 -0.0933661 -39.3762 -0.960228 0.0607697 0.272523 183.642
0.278902 0.0784007 0.957114 438.244 0.0368845 0.995052 -0.0922565 -39.4493 -0.959611 0.0610332 0.27463 183.851
0.280644 0.0791384 0.956544 438.961 0.0347728 0.995103 -0.0925306 -39.5214 -0.959182 0.0592298 0.276517 184.062
0.282293 0.0808782 0.955913 439.668 0.0326438 0.995053 -0.0938299 -39.5931 -0.958773 0.0576922 0.278257 184.275
0.284215 0.080686 0.955359 440.362 0.0329228 0.995044 -0.0938319 -39.661 -0.958195 0.0581216 0.28015 184.49
0.286162 0.0807481 0.954773 441.021 0.0313879 0.995118 -0.0935677 -39.7273 -0.957667 0.0567439 0.28223 184.691
0.28742 0.0796013 0.954491 441.687 0.031313 0.995227 -0.0924276 -39.7964 -0.957293 0.0564535 0.283556 184.897
0.288462 0.0788013 0.954243 442.356 0.0301223 0.995368 -0.0913032 -39.8626 -0.957017 0.0550815 0.284752 185.106
0.28955 0.07798 0.953981 443.004 0.0293785 0.995482 -0.0902892 -39.9285 -0.956712 0.0541697 0.285951 185.306
0.291067 0.0781244 0.953507 443.635 0.0287361 0.995497 -0.0903367 -39.9906 -0.956271 0.0536942 0.287512 185.504
0.291979 0.0776977 0.953264 444.261 0.0297456 0.995475 -0.0902491 -40.0531 -0.955962 0.0547063 0.288347 185.7
0.293436 0.077342 0.952845 444.869 0.0303812 0.995464 -0.0901575 -40.1121 -0.955496 0.0554041 0.289755 185.89
0.294508 0.0771534 0.952529 445.484 0.0310766 0.995435 -0.0902371 -40.1722 -0.955144 0.0561769 0.290766 186.08
0.295708 0.0769618 0.952173 446.08 0.0315444 0.995419 -0.0902537 -40.2312 -0.954758 0.0567245 0.291926 186.271
0.2966 0.0772098 0.951876 446.657 0.0311161 0.995416 -0.0904371 -40.2891 -0.954495 0.0564422 0.292838 186.452
0.297417 0.0776052 0.951589 447.214 0.0303155 0.995421 -0.0906549 -40.3443 -0.954266 0.0558102 0.293702 186.628
0.298849 0.0778335 0.951121 447.787 0.0297575 0.995424 -0.090809 -40.3997 -0.953836 0.0554412 0.295165 186.813
0.299052 0.0775806 0.951078 448.34 0.0300323 0.995431 -0.0906417 -40.4564 -0.953764 0.0556696 0.295356 186.988
0.300597 0.07753 0.950595 448.875 0.0284938 0.995516 -0.0902039 -40.5097 -0.953326 0.054201 0.29704 187.163
0.300984 0.0763096 0.950571 449.421 0.0280587 0.995653 -0.088813 -40.5629 -0.953216 0.0534031 0.297534 187.347
0.302083 0.0753861 0.950296 449.948 0.0272462 0.995778 -0.0876552 -40.614 -0.952892 0.0523711 0.298753 187.515
0.302249 0.0749414 0.950279 450.416 0.0282653 0.995762 -0.0875185 -40.6599 -0.95281 0.0533123 0.298849 187.653
0.30334 0.0756909 0.949872 450.94 0.0290808 0.995641 -0.088625 -40.7113 -0.952439 0.0545065 0.299816 187.833
0.303838 0.0790535 0.949438 451.407 0.0276348 0.995401 -0.0917241 -40.7603 -0.952323 0.0541068 0.300256 187.983
0.304957 0.0818142 0.948845 451.892 0.0262825 0.995201 -0.0942583 -40.8101 -0.952003 0.0536828 0.301344 188.144
0.305596 0.0838431 0.948463 452.347 0.0256913 0.995027 -0.0962371 -40.8545 -0.951815 0.053777 0.301922 188.296
0.306146 0.0843558 0.94824 452.804 0.027696 0.994856 -0.0974446 -40.8986 -0.951582 0.0560947 0.302235 188.441
0.30676 0.0840506 0.948068 453.251 0.0285856 0.99483 -0.0974455 -40.9452 -0.951358 0.0569935 0.302772 188.585
0.306642 0.0828489 0.948213 453.683 0.028406 0.994964 -0.0961199 -40.9907 -0.951401 0.0564093 0.302744 188.727
0.305094 0.0816145 0.948819 454.113 0.027218 0.995167 -0.0943532 -41.0353 -0.951933 0.0546115 0.301398 188.867
0.303857 0.0810529 0.949264 454.522 0.0265911 0.995265 -0.0934925 -41.0812 -0.952347 0.0536504 0.300263 188.998
0.302239 0.0802903 0.949845 454.898 0.0270371 0.995323 -0.0927378 -41.1194 -0.952849 0.05371 0.298655 189.122
0.301129 0.079703 0.950247 455.282 0.0275394 0.995358 -0.0922139 -41.1588 -0.953186 0.0539375 0.297536 189.243
0.300092 0.0792505 0.950613 455.653 0.0273791 0.995417 -0.0916288 -41.1948 -0.953518 0.053524 0.296546 189.361
0.29931 0.078426 0.950927 456.023 0.0275601 0.99549 -0.0907759 -41.2317 -0.953758 0.0533778 0.295799 189.481
0.298184 0.0774906 0.951358 456.374 0.0285816 0.995527 -0.0900467 -41.2649 -0.954081 0.0540418 0.294635 189.591
0.297475 0.0766516 0.951648 456.708 0.0292425 0.995573 -0.0893304 -41.3018 -0.954282 0.0544022 0.293917 189.696
0.296103 0.076434 0.952093 457.043 0.0288986 0.99562 -0.0889159 -41.3358 -0.954719 0.0538424 0.292597 189.796
0.295188 0.0765272 0.95237 457.344 0.0275001 0.995694 -0.0885321 -41.3661 -0.955044 0.0523239 0.291812 189.904
0.29433 0.0765937 0.95263 457.656 0.0260763 0.995769 -0.0881189 -41.3939 -0.955348 0.0507771 0.291088 189.998
0.293152 0.0766217 0.952991 457.958 0.0265273 0.995748 -0.0882196 -41.4237 -0.955698 0.0511421 0.289873 190.091
0.292301 0.077195 0.953206 458.246 0.0277084 0.995635 -0.0891279 -41.4498 -0.955925 0.052464 0.288886 190.176
0.291678 0.0781876 0.953315 458.532 0.028296 0.995512 -0.090306 -41.4771 -0.956098 0.0533154 0.288157 190.269
0.291046 0.0786947 0.953467 458.815 0.028429 0.99546 -0.0908386 -41.505 -0.956287 0.0535443 0.287487 190.352
0.290423 0.0783259 0.953687 459.092 0.0283031 0.995505 -0.0903794 -41.5302 -0.95648 0.0532405 0.2869 190.435
0.291259 0.0779068 0.953467 459.356 0.0275298 0.995583 -0.0897577 -41.5556 -0.956248 0.0523915 0.287828 190.522
0.291483 0.0777158 0.953414 459.628 0.0266731 0.995646 -0.0893129 -41.5828 -0.956204 0.0514637 0.288141 190.607
0.292888 0.0776633 0.952988 459.889 0.0256842 0.995697 -0.0890376 -41.6068 -0.955802 0.0505547 0.289633 190.695
0.294396 0.0781564 0.952482 460.159 0.0237305 0.995745 -0.0890411 -41.6323 -0.955389 0.0488162 0.291289 190.784
0.297034 0.0782069 0.951659 460.437 0.0230569 0.995762 -0.0890278 -41.6584 -0.954589 0.0483866 0.293972 190.874
0.301054 0.0781893 0.950396 460.701 0.0234615 0.995724 -0.0893503 -41.683 -0.953318 0.049197 0.297933 190.962
0.306991 0.0777016 0.948535 460.97 0.0242806 0.995698 -0.0894234 -41.7091 -0.951403 0.0504832 0.303784 191.057
0.314549 0.0785486 0.945986 461.246 0.0229173 0.995652 -0.0902928 -41.7334 -0.948965 0.050081 0.311381 191.153
0.323397 0.0792447 0.94294 461.518 0.0217118 0.995604 -0.091117 -41.7632 -0.946015 0.0499399 0.320254 191.262
0.334238 0.080517 0.939043 461.798 0.0198345 0.995523 -0.0924195 -41.7882 -0.94228 0.0495156 0.331145 191.375
0.346137 0.0802786 0.934743 462.072 0.0201847 0.995465 -0.0929679 -41.8189 -0.937967 0.0510471 0.342947 191.485
0.359977 0.0808246 0.929454 462.354 0.0183415 0.995435 -0.093666 -41.844 -0.932781 0.0507652 0.356851 191.612
0.37583 0.0822068 0.923035 462.627 0.0152386 0.995375 -0.0948541 -41.8714 -0.926563 0.0497148 0.372839 191.744
0.393268 0.0839379 0.915584 462.931 0.0111824 0.995314 -0.0960504 -41.9009 -0.919356 0.048012 0.390487 191.89
0.412151 0.085984 0.907049 463.209 0.00881575 0.995114 -0.0983379 -41.9305 -0.911073 0.0485264 0.409379 192.037
0.430558 0.0882713 0.898236 463.49 0.00782499 0.994804 -0.101512 -41.9641 -0.902529 0.0507355 0.42763 192.196
0.45042 0.0893902 0.888331 463.766 0.00670334 0.994609 -0.103483 -41.9971 -0.892792 0.0525658 0.447392 192.354
0.469602 0.0916528 0.878108 464.015 0.00128604 0.994525 -0.104492 -42.0267 -0.882877 0.0501987 0.466913 192.522
0.483695 0.0962639 0.869927 464.27 -0.0049825 0.99422 -0.107247 -42.0543 -0.875223 0.0475406 0.481378 192.682
0.49056 0.101178 0.865514 464.524 -0.0116528 0.993909 -0.109583 -42.0842 -0.87133 0.0436711 0.488751 192.85
0.489215 0.103275 0.866027 464.772 -0.0142418 0.993778 -0.110465 -42.1117 -0.872047 0.0417073 0.487641 193.003
0.485147 0.104142 0.868209 465.027 -0.0153709 0.993745 -0.110611 -42.1426 -0.874297 0.0403174 0.483714 193.138
0.475673 0.104518 0.87339 465.265 -0.014441 0.99371 -0.111052 -42.1705 -0.879504 0.0402118 0.47419 193.257
0.462465 0.104295 0.880482 465.507 -0.0120326 0.993704 -0.111387 -42.1989 -0.886556 0.0409178 0.460808 193.383
0.447616 0.103577 0.888207 465.768 -0.00771784 0.99368 -0.111987 -42.2339 -0.894193 0.0432723 0.445586 193.477
0.430174 0.102081 0.896956 465.96 -0.00242213 0.993713 -0.111931 -42.2582 -0.902743 0.0459772 0.427717 193.574
0.410038 0.101331 0.906422 466.22 0.00119186 0.993749 -0.111633 -42.2898 -0.912068 0.0468541 0.407354 193.667
0.389197 0.101602 0.915534 466.458 0.00266246 0.99377 -0.111416 -42.3156 -0.921151 0.0458003 0.386502 193.746
0.367419 0.101649 0.924484 466.728 0.00371037 0.993842 -0.11075 -42.3454 -0.930048 0.0441217 0.364779 193.832
0.347201 0.100726 0.932365 466.984 0.00565069 0.993972 -0.109486 -42.3729 -0.937774 0.0432822 0.344539 193.915
0.328811 0.0995481 0.939134 467.255 0.0100848 0.994002 -0.108895 -42.4036 -0.944342 0.0452769 0.325835 193.984
0.312208 0.098423 0.944902 467.538 0.0159573 0.993935 -0.108803 -42.439 -0.94988 0.0490473 0.308744 194.047
0.296426 0.0974191 0.950074 467.784 0.0202838 0.993918 -0.108243 -42.4695 -0.95484 0.0513573 0.292647 194.12
0.283184 0.0974277 0.954104 468.067 0.0203437 0.993993 -0.107539 -42.4983 -0.95885 0.0498633 0.2795 194.192
0.272779 0.0955551 0.95732 468.315 0.0208323 0.994235 -0.105176 -42.5237 -0.961851 0.0486329 0.269216 194.265
0.263282 0.092808 0.960244 468.599 0.0234733 0.994451 -0.10255 -42.5541 -0.964433 0.0495397 0.259642 194.317
0.256475 0.0914664 0.962213 468.832 0.0249147 0.994556 -0.101182 -42.5786 -0.96623 0.0499238 0.2528 194.381
0.254323 0.0914125 0.962789 469.08 0.0259401 0.99452 -0.101277 -42.607 -0.966772 0.050732 0.250558 194.441
0.256218 0.0918875 0.962242 469.309 0.025524 0.994481 -0.101762 -42.6296 -0.966282 0.0506336 0.252458 194.503
0.262717 0.0911099 0.960562 469.533 0.0269487 0.994451 -0.101695 -42.6526 -0.964497 0.0526029 0.258804 194.574
0.271941 0.0896375 0.95813 469.741 0.0288719 0.994444 -0.101229 -42.6766 -0.961881 0.0551915 0.267842 194.637
0.283417 0.0887707 0.954879 469.946 0.0275415 0.994542 -0.100632 -42.7024 -0.958601 0.0548198 0.279425 194.713
0.296692 0.0904205 0.950683 470.138 0.021721 0.994611 -0.101377 -42.722 -0.954726 0.0507277 0.293129 194.787
0.310293 0.0925587 0.946124 470.294 0.0163629 0.994581 -0.102666 -42.7427 -0.9505 0.0473378 0.307097 194.875
0.324594 0.0929989 0.94127 470.464 0.011776 0.99468 -0.102337 -42.7632 -0.94578 0.0443023 0.321772 194.949
0.338933 0.0910897 0.936391 470.629 0.00987002 0.994903 -0.100354 -42.7811 -0.940759 0.0432555 0.336306 195.02
0.354211 0.0893091 0.930891 470.76 0.0109847 0.994963 -0.0996359 -42.7977 -0.935101 0.0455177 0.351446 195.094
0.3705 0.0883491 0.924621 470.906 0.0195864 0.994502 -0.102875 -42.8098 -0.928626 0.0562251 0.366733 195.129
0.38514 0.0911846 0.918342 471.023 0.0245582 0.993742 -0.108971 -42.8364 -0.922531 0.0645218 0.380491 195.199
0.401098 0.0934786 0.911253 471.123 0.021979 0.993511 -0.111591 -42.8482 -0.915772 0.0647874 0.39644 195.266
0.415728 0.0950934 0.904504 471.227 0.0133648 0.993773 -0.110621 -42.8567 -0.909391 0.0580769 0.411868 195.341
0.429216 0.0952945 0.898161 471.334 0.00625219 0.994081 -0.108459 -42.8657 -0.90318 0.052168 0.42608 195.414
0.442333 0.0946574 0.891842 471.427 0.00313175 0.994246 -0.107079 -42.8776 -0.896845 0.0501579 0.439491 195.482
0.453966 0.093582 0.886091 471.518 0.00261226 0.994325 -0.106351 -42.8898 -0.891015 0.0505945 0.451145 195.546
0.466695 0.0930413 0.879511 471.606 0.0018325 0.994347 -0.106162 -42.9001 -0.884417 0.0511569 0.463886 195.602
0.477723 0.0927628 0.873599 471.677 0.000867277 0.994359 -0.10606 -42.9073 -0.87851 0.0514249 0.474948 195.664
0.488657 0.0916398 0.86765 471.757 0.000755588 0.994424 -0.105455 -42.9161 -0.872476 0.0521869 0.485863 195.72
0.497823 0.0894073 0.862658 471.835 0.0013903 0.994589 -0.103883 -42.9247 -0.867278 0.0529147 0.495004 195.771
0.506338 0.089324 0.857696 471.895 -0.000952028 0.994678 -0.103028 -42.9343 -0.862335 0.0513504 0.503728 195.822
0.513747 0.0931829 0.852867 471.941 -0.00777552 0.994549 -0.103979 -42.9435 -0.857907 0.0467874 0.511671 195.872
0.52298 0.0998459 0.846477 471.984 -0.0176436 0.99417 -0.106366 -42.9527 -0.852163 0.0406925 0.521692 195.922
0.528431 0.10505 0.842452 472.026 -0.0248951 0.993806 -0.108308 -42.9555 -0.848612 0.0362603 0.527772 195.977
0.533466 0.104469 0.839345 472.058 -0.0250321 0.993858 -0.107791 -42.9601 -0.845451 0.0364922 0.532805 196.006
0.539982 0.0996297 0.835759 472.119 -0.0205909 0.994236 -0.105218 -42.9691 -0.841425 0.0396067 0.538921 196.035
0.545644 0.094434 0.832679 472.161 -0.0159622 0.994621 -0.10234 -42.9763 -0.837865 0.0425498 0.544217 196.065
0.549209 0.0924938 0.830551 472.199 -0.0150612 0.99479 -0.100825 -42.9822 -0.83555 0.0428648 0.54774 196.097
0.554382 0.093738 0.826967 472.235 -0.018817 0.994795 -0.100147 -42.9855 -0.83205 0.0399587 0.55326 196.128
0.558594 0.0969113 0.82376 472.248 -0.0245124 0.994646 -0.100393 -42.985 -0.829079 0.0358867 0.557978 196.164
0.561694 0.0994052 0.821352 472.287 -0.0285638 0.994494 -0.100826 -42.9878 -0.826852 0.0331724 0.56144 196.195
