3.2141e-14 -4.04121e-14 -4.65661e-10 -2.98023e-08
0.0204547 2.38989 -0.0303518 2.2926
0.0381671 4.63077 -0.041929 4.435
0.0624746 6.58458 -0.0487427 6.38463
0.0780621 8.2945 -0.0464924 8.14655
0.0363 9.64713 -0.0267704 9.61491
0.0376912 10.7557 -0.00361475 10.8542
0.0703962 11.572 0.0286622 11.8034
0.0966904 12.008 0.0661917 12.4934
0.124405 12.281 0.070518 13.0189
0.106056 12.367 0.0887634 13.4707
0.125276 12.4807 0.104012 13.8636
0.156946 12.5901 0.131198 14.2309
0.151509 12.7029 0.149797 14.6026
0.146149 12.8366 0.13672 14.9754
0.118103 12.9866 0.11083 15.3953
0.0460111 13.2518 0.0382187 15.9055
-0.102743 13.6624 -0.134163 16.5655
-0.377391 14.2372 -0.415738 17.3343
-0.803739 14.9181 -0.856554 18.1785
-1.39352 15.5995 -1.47853 19.0472
-2.18364 16.2579 -2.2921 19.883
-3.16863 16.8916 -3.3156 20.6624
-4.41053 17.492 -4.56519 21.3498
-5.88726 17.9579 -6.03592 21.8702
-7.60344 18.2418 -7.69268 22.1993
-9.59378 18.3335 -9.55173 22.2746
-11.7379 18.2624 -11.5944 22.212
-14.1236 18.1372 -13.8505 22.0914
-16.6601 18.0436 -16.2445 22.0312
-19.3804 17.9415 -18.8326 21.9847
-22.232 17.7912 -21.5936 21.8811
-25.2945 17.6126 -24.5687 21.7715
-28.4203 17.4366 -27.6286 21.7027
-31.7353 17.2592 -30.7112 21.5443
-35.0618 17.0123 -33.8731 21.3496
-38.4057 16.7014 -37.0908 21.1021
-41.7263 16.3762 -40.3233 20.8088
-45.021 16.0124 -43.5889 20.5113
-48.347 15.6128 -46.855 20.2103
-51.6769 15.1924 -50.2113 19.9266
-55.0311 14.7426 -53.546 19.6821
-58.4018 14.3299 -56.9352 19.4588
-61.8298 14.0348 -60.3326 19.3237
-65.2451 13.8244 -63.7614 19.2355
-68.8035 13.6287 -67.2371 19.2024
-72.3963 13.4449 -70.7317 19.1707
-76.0408 13.365 -74.2796 19.1468
-79.6299 13.2863 -77.859 19.1231
-83.178 13.1723 -81.3985 19.0842
-86.8064 13.1163 -84.9047 19.0521
-90.4074 13.0302 -88.4263 19.0516
-93.9327 12.9382 -91.8732 19.0138
-97.4259 12.8303 -95.3761 19.0097
-100.922 12.721 -98.7961 18.9801
-104.419 12.6468 -102.239 18.9561
-107.951 12.5747 -105.743 18.9397
-111.507 12.492 -109.292 18.8882
-115.125 12.4275 -112.828 18.8569
-118.791 12.3569 -116.492 18.8156
-122.507 12.2776 -120.221 18.742
-126.283 12.1623 -123.975 18.6404
-130.058 12.0568 -127.772 18.5469
-133.838 11.9401 -131.518 18.483
-137.647 11.7634 -135.281 18.4144
-141.424 11.6247 -138.982 18.3577
-145.186 11.5237 -142.724 18.2991
-148.919 11.4495 -146.43 18.2565
-152.638 11.3818 -150.133 18.233
-156.35 11.3105 -153.857 18.2141
-160.047 11.2141 -157.544 18.1851
-163.709 11.1076 -161.193 18.1513
-167.36 10.9834 -164.846 18.1627
-170.968 10.9337 -168.471 18.1585
-174.571 10.8768 -172.111 18.1654
-178.137 10.8331 -175.751 18.2108
-181.49 10.7961 -179.144 18.268
-184.602 10.7737 -182.235 18.288
-187.458 10.7588 -185.097 18.3405
-190.233 10.7339 -187.887 18.3605
-192.987 10.6633 -190.624 18.354
-195.706 10.5859 -193.384 18.3643
-198.416 10.4957 -196.091 18.3493
-201.153 10.412 -198.806 18.4033
-203.947 10.3415 -201.634 18.431
-206.802 10.2984 -204.501 18.4439
-209.757 10.3177 -207.411 18.4363
-212.805 10.3611 -210.408 18.431
-215.93 10.3964 -213.483 18.4555
-219.013 10.3606 -216.592 18.5089
-222.155 10.2984 -219.781 18.5547
-225.365 10.2468 -223.01 18.6165
-228.707 10.2155 -226.349 18.6707
-232.112 10.221 -229.732 18.7323
-235.564 10.2149 -233.14 18.7881
-239.104 10.2177 -236.681 18.8397
-242.703 10.1834 -240.266 18.8531
-246.347 10.1302 -243.965 18.85
-250.053 10.0368 -247.707 18.8154
-253.774 9.88052 -251.444 18.7492
-257.535 9.71899 -255.198 18.674
-261.301 9.59151 -258.949 18.5874
-265.059 9.45955 -262.701 18.5338
-268.827 9.3377 -266.445 18.484
-272.55 9.17626 -270.194 18.409
-276.264 8.9761 -273.91 18.3345
-279.947 8.83282 -277.577 18.2856
-283.65 8.7154 -281.236 18.2352
-287.323 8.61051 -284.913 18.1891
-290.988 8.50515 -288.574 18.1468
-294.655 8.3949 -292.305 18.1143
-298.32 8.29447 -295.97 18.0619
-302.013 8.16972 -299.646 18.0228
-305.746 8.07421 -303.335 17.9538
-309.495 7.98298 -307.059 17.9015
-313.22 7.86369 -310.746 17.8432
-316.99 7.78254 -314.488 17.8045
-320.754 7.67947 -318.25 17.7611
-324.53 7.56322 -322.047 17.7198
-328.344 7.45611 -325.819 17.6965
-332.11 7.34733 -329.588 17.6564
-335.86 7.24226 -333.326 17.6326
-339.609 7.14778 -337.025 17.6263
-343.309 7.05394 -340.714 17.6036
-346.908 6.95731 -344.323 17.578
-350.385 6.86042 -347.805 17.5391
-353.708 6.76839 -351.133 17.5174
-356.878 6.6633 -354.29 17.4809
-360.001 6.55242 -357.404 17.4402
-363.041 6.43569 -360.425 17.3528
-365.856 6.34508 -363.275 17.3551
-368.438 6.30707 -365.913 17.3537
-370.781 6.38396 -368.278 17.4652
-372.866 6.64857 -370.394 17.7752
-374.725 7.10935 -372.271 18.2829
-376.363 7.74189 -373.905 18.9978
-377.862 8.63383 -375.401 19.9369
-379.196 9.71257 -376.708 21.0737
-380.349 10.966 -377.857 22.4146
-381.386 12.4481 -378.869 23.9469
-382.26 14.1227 -379.711 25.6607
-383.011 15.9945 -380.416 27.5734
-383.61 18.0579 -380.97 29.6905
-384.1 20.3145 -381.415 31.9814
-384.497 22.7483 -381.769 34.4294
-384.777 25.3644 -381.992 37.051
-384.989 28.1282 -382.143 39.8714
-385.213 31.0862 -382.257 42.7563
-385.449 34.1921 -382.344 45.7575
-385.781 37.3157 -382.416 48.8092
-386.061 40.4266 -382.467 51.8354
-386.229 43.4927 -382.48 54.9027
-386.309 46.5186 -382.481 57.9417
-386.383 49.5057 -382.469 60.9271
-386.435 52.4158 -382.441 63.8244
-386.493 55.2254 -382.41 66.6273
-386.554 57.9438 -382.361 69.3304
-386.61 60.5785 -382.288 71.9366
-386.586 63.079 -382.15 74.3909
-386.371 65.4338 -381.906 76.7725
-385.915 67.6483 -381.502 79.0033
-385.249 69.6949 -380.912 81.0434
-384.335 71.5736 -380.125 82.9633
-383.336 73.255 -379.203 84.6884
-382.295 74.8189 -378.126 86.2039
-381.092 76.1917 -376.834 87.4965
-379.775 77.3645 -375.357 88.5798
-378.271 78.252 -373.743 89.4504
-376.574 78.9871 -371.996 90.1476
-374.728 79.5378 -370.125 90.6581
-372.74 79.9418 -368.138 91.031
-370.607 80.2 -366.007 91.2607
-368.37 80.4156 -363.761 91.4292
-366.032 80.5714 -361.401 91.5308
-363.598 80.6733 -358.939 91.5743
-361.072 80.7163 -356.378 91.561
-358.47 80.7058 -353.758 91.4891
-355.833 80.6383 -351.075 91.363
-353.161 80.5539 -348.393 91.2316
-350.45 80.4656 -345.708 91.0993
-347.763 80.3985 -342.985 90.987
-345.087 80.3707 -340.266 90.9123
-342.417 80.403 -337.571 90.8923
-339.774 80.4834 -334.905 90.9181
-337.14 80.5751 -332.278 90.9513
-334.529 80.6935 -329.65 90.9814
-331.933 80.8245 -327.021 91.0162
-329.325 80.9185 -324.384 91.0407
-326.739 80.9907 -321.764 91.0289
-324.144 81.0388 -319.16 91.004
-321.562 81.0911 -316.543 90.9772
-319.012 81.1901 -313.927 90.9663
-316.451 81.3081 -311.293 91.0146
-313.909 81.4446 -308.709 91.0636
-311.392 81.5801 -306.145 91.109
-308.876 81.707 -303.582 91.1515
-306.379 81.8493 -301.056 91.2011
-303.889 81.9944 -298.579 91.2326
-301.376 82.1582 -296.04 91.3085
-298.833 82.3257 -293.513 91.3996
-296.238 82.5041 -290.939 91.5087
-293.59 82.6834 -288.261 91.6358
-290.877 82.8533 -285.549 91.7427
-288.12 82.9877 -282.743 91.8128
-285.315 83.062 -279.904 91.8236
-282.46 83.0893 -277.059 91.8009
-279.611 83.105 -274.214 91.734
-276.801 83.108 -271.43 91.6863
-274.052 83.0999 -268.631 91.6169
-271.353 83.0549 -265.908 91.5239
-268.677 82.9709 -263.226 91.4073
-266.029 82.9039 -260.605 91.2645
-263.419 82.8733 -257.999 91.187
-260.804 82.9033 -255.397 91.1677
-258.169 82.9904 -252.752 91.1902
-255.51 83.1456 -250.091 91.292
-252.845 83.3738 -247.438 91.4663
-250.152 83.6377 -244.749 91.6663
-247.44 83.911 -242.031 91.8833
-244.714 84.1786 -239.318 92.0957
-242.002 84.383 -236.599 92.2419
-239.315 84.5147 -233.899 92.3239
-236.658 84.5678 -231.243 92.3013
-234.029 84.5262 -228.639 92.1992
-231.443 84.4059 -226.06 92.0145
-228.921 84.2558 -223.543 91.8032
-226.537 84.1055 -221.164 91.6038
-224.323 83.9733 -218.964 91.4235
-222.318 83.8529 -216.987 91.2635
-220.525 83.7487 -215.217 91.1254
-218.913 83.6548 -213.627 91.0154
-217.491 83.6149 -212.237 90.9723
-216.2 83.6635 -210.944 91.0055
-214.975 83.8906 -209.709 91.2337
-213.813 84.3031 -208.53 91.6162
-212.768 84.852 -207.474 92.1237
-211.819 85.5051 -206.519 92.7402
-210.945 86.2494 -205.646 93.5074
-210.115 87.191 -204.795 94.409
-209.376 88.3794 -204.047 95.5691
-208.686 89.7861 -203.32 96.96
-208.12 91.447 -202.724 98.5926
-207.637 93.318 -202.217 100.473
-207.344 95.3776 -201.899 102.493
-207.199 97.6773 -201.716 104.795
-207.177 100.118 -201.651 107.262
-207.236 102.732 -201.659 109.871
-207.358 105.495 -201.717 112.667
-207.447 108.321 -201.724 115.486
-207.501 111.207 -201.671 118.403
-207.497 114.154 -201.6 121.313
-207.467 117.04 -201.536 124.208
-207.357 119.818 -201.477 127.086
-207.232 122.58 -201.422 129.952
-207.17 125.361 -201.355 132.796
-207.152 128.087 -201.335 135.533
-207.159 130.677 -201.379 138.138
-207.192 133.099 -201.463 140.521
-207.257 135.312 -201.564 142.796
-207.358 137.293 -201.656 144.796
-207.516 139.039 -201.798 146.525
-207.793 140.624 -202.053 148.108
-208.199 142.156 -202.447 149.621
-208.796 143.591 -203.02 151.062
-209.578 144.906 -203.768 152.378
-210.509 146.123 -204.676 153.603
-211.641 147.222 -205.772 154.74
-212.986 148.243 -207.097 155.757
-214.561 149.102 -208.656 156.638
-216.376 149.752 -210.46 157.298
-218.364 150.183 -212.425 157.75
-220.496 150.432 -214.535 158.022
-222.758 150.561 -216.809 158.193
-225.126 150.644 -219.189 158.321
-227.597 150.727 -221.662 158.451
-230.175 150.835 -224.233 158.607
-232.871 150.954 -226.921 158.767
-235.686 151.085 -229.695 158.938
-238.635 151.219 -232.59 159.117
-241.714 151.324 -235.625 159.274
-244.893 151.37 -238.787 159.39
-248.153 151.341 -242.015 159.408
-251.387 151.245 -245.27 159.343
-254.629 151.084 -248.481 159.249
-257.855 150.861 -251.713 159.086
-260.99 150.596 -254.84 158.883
-263.98 150.336 -257.829 158.637
-266.767 150.088 -260.617 158.471
-269.368 149.866 -263.191 158.271
-271.91 149.696 -265.753 158.127
-274.432 149.547 -268.237 158.009
-276.918 149.42 -270.687 157.921
-279.393 149.338 -273.17 157.88
-281.843 149.284 -275.606 157.879
-284.327 149.245 -278.112 157.862
-286.851 149.216 -280.615 157.882
-289.375 149.175 -283.148 157.882
-291.873 149.114 -285.675 157.873
-294.367 149.035 -288.182 157.847
-296.9 148.947 -290.705 157.817
-299.497 148.858 -293.275 157.788
-302.153 148.763 -295.929 157.745
-304.894 148.663 -298.653 157.693
-307.699 148.565 -301.454 157.651
-310.543 148.472 -304.308 157.609
-313.402 148.389 -307.187 157.57
-316.254 148.309 -310.045 157.538
-319.087 148.246 -312.874 157.534
-321.874 148.16 -315.649 157.52
-324.643 148.081 -318.412 157.523
-327.38 148.018 -321.173 157.513
-330.085 147.944 -323.893 157.506
-332.769 147.879 -326.499 157.505
-335.339 147.849 -329.077 157.507
-337.918 147.821 -331.607 157.508
-340.462 147.771 -334.13 157.502
-342.975 147.704 -336.661 157.491
-345.508 147.597 -339.148 157.432
-348.088 147.502 -341.711 157.37
-350.695 147.387 -344.287 157.288
-353.358 147.254 -346.91 157.195
-356.035 147.123 -349.582 157.099
-358.706 146.988 -352.22 156.989
-361.365 146.869 -354.861 156.884
-363.999 146.747 -357.487 156.78
-366.592 146.652 -360.02 156.707
-369.103 146.586 -362.511 156.675
-371.499 146.553 -364.878 156.682
-373.734 146.569 -367.108 156.735
-375.766 146.688 -369.147 156.887
-377.588 146.923 -370.926 157.154
-379.228 147.254 -372.539 157.51
-380.68 147.682 -373.966 157.956
-381.984 148.241 -375.271 158.589
-383.189 148.967 -376.416 159.318
-384.261 149.833 -377.47 160.205
-385.262 150.823 -378.458 161.204
-386.19 152.027 -379.398 162.486
-387.088 153.508 -380.265 163.976
-387.803 155.255 -380.928 165.731
-388.328 157.228 -381.446 167.707
-388.69 159.391 -381.746 169.858
-388.914 161.727 -381.959 172.234
-389.034 164.224 -382.042 174.747
-389.108 166.9 -382.062 177.422
-389.177 169.703 -382.06 180.216
-389.249 172.603 -382.083 183.081
-389.295 175.566 -382.078 186.045
-389.34 178.519 -382.073 189.011
-389.408 181.466 -382.085 191.946
-389.477 184.395 -382.078 194.835
-389.534 187.304 -382.074 197.766
-389.596 190.151 -382.077 200.616
-389.65 192.868 -382.072 203.292
-389.689 195.381 -382.077 205.819
-389.707 197.729 -382.042 208.165
-389.637 199.881 -381.918 210.305
-389.406 201.894 -381.644 212.323
-388.964 203.825 -381.141 214.261
-388.237 205.642 -380.362 216.047
-387.226 207.247 -379.318 217.682
-385.985 208.725 -378.074 219.147
-384.487 210.025 -376.576 220.381
-382.767 211.134 -374.835 221.412
-380.848 212.024 -372.926 222.289
-378.741 212.711 -370.829 222.959
-376.473 213.257 -368.534 223.458
-374.039 213.683 -366.094 223.838
-371.458 214.025 -363.508 224.115
-368.731 214.304 -360.786 224.332
-365.907 214.548 -357.987 224.527
-362.986 214.775 -355.1 224.68
-360 214.982 -352.144 224.835
-356.947 215.144 -349.096 224.957
-353.845 215.269 -346.021 225.033
-350.728 215.344 -342.925 225.072
-347.622 215.397 -339.828 225.079
-344.504 215.436 -336.707 225.066
-341.405 215.432 -333.621 225.028
-338.307 215.375 -330.532 224.925
-335.223 215.258 -327.448 224.75
-332.177 215.091 -324.4 224.517
-329.114 214.919 -321.355 224.289
-326.083 214.755 -318.315 224.042
-323.035 214.645 -315.281 223.844
-319.998 214.594 -312.245 223.724
-316.95 214.613 -309.19 223.68
-313.895 214.702 -306.157 223.718
-310.834 214.852 -303.117 223.797
-307.769 215.021 -300.052 223.914
-304.682 215.21 -296.96 224.043
-301.619 215.403 -293.875 224.179
-298.564 215.602 -290.828 224.332
-295.523 215.775 -287.777 224.447
-292.525 215.926 -284.792 224.547
-289.569 216.08 -281.853 224.647
-286.686 216.208 -278.932 224.728
-283.844 216.321 -276.094 224.794
-281.075 216.415 -273.382 224.853
-278.385 216.482 -270.684 224.853
-275.75 216.525 -268.129 224.834
-273.211 216.564 -265.565 224.825
-270.787 216.597 -263.202 224.808
-268.452 216.627 -260.875 224.797
-266.21 216.67 -258.612 224.797
-264.058 216.715 -256.489 224.789
-261.978 216.759 -254.416 224.795
-260.009 216.805 -252.458 224.788
-258.118 216.847 -250.586 224.801
-256.324 216.892 -248.821 224.808
-254.592 216.937 -247.125 224.823
-252.914 216.969 -245.458 224.855
-251.262 217.002 -243.813 224.87
-249.623 217.031 -242.19 224.882
-248 217.075 -240.574 224.906
-246.395 217.124 -238.961 224.914
-244.798 217.178 -237.366 224.935
-243.238 217.242 -235.802 224.968
-241.698 217.301 -234.273 225.019
-240.16 217.38 -232.74 225.051
-238.624 217.447 -231.218 225.097
-237.098 217.518 -229.692 225.134
-235.569 217.578 -228.179 225.152
-234.014 217.632 -226.62 225.167
-232.429 217.676 -225.049 225.187
-230.825 217.709 -223.437 225.202
-229.214 217.727 -221.846 225.203
-227.62 217.743 -220.277 225.2
-226.039 217.749 -218.72 225.181
-224.475 217.721 -217.155 225.143
-222.944 217.646 -215.627 225.039
-221.518 217.498 -214.197 224.863
-220.196 217.264 -212.88 224.608
-219.015 216.979 -211.695 224.29
-218.001 216.671 -210.684 223.945
-217.074 216.316 -209.754 223.571
-216.225 215.882 -208.89 223.111
-215.454 215.358 -208.106 222.574
-214.757 214.783 -207.418 221.98
-214.077 214.066 -206.744 221.237
-213.46 213.183 -206.149 220.323
-212.908 212.086 -205.616 219.233
-212.452 210.871 -205.188 217.991
-212.114 209.457 -204.885 216.561
-211.859 207.837 -204.658 214.938
-211.742 206.028 -204.58 213.113
-211.736 204.034 -204.621 211.105
-211.767 201.873 -204.698 208.94
-211.796 199.533 -204.781 206.62
-211.787 197.027 -204.838 204.144
-211.76 194.374 -204.871 201.504
-211.698 191.634 -204.884 198.758
-211.627 188.816 -204.876 195.955
-211.537 185.992 -204.885 193.132
-211.444 183.173 -204.877 190.299
-211.363 180.374 -204.896 187.492
-211.265 177.6 -204.871 184.666
-211.172 174.835 -204.864 181.894
-211.068 172.132 -204.848 179.27
-210.943 169.548 -204.789 176.658
-210.807 167.116 -204.71 174.268
-210.678 164.891 -204.609 172.17
-210.524 162.832 -204.464 170.191
-210.369 160.884 -204.289 168.316
-210.243 159.141 -204.169 166.582
-210.18 157.655 -204.105 165.101
-210.12 156.263 -204.057 163.727
-210.06 154.893 -203.998 162.375
-209.979 153.571 -203.924 161.1
-209.892 152.273 -203.837 159.814
-209.767 150.9 -203.72 158.436
-209.618 149.454 -203.6 156.967
-209.402 147.912 -203.392 155.438
-209.174 146.248 -203.211 153.761
-208.939 144.453 -202.993 151.924
-208.715 142.497 -202.843 149.947
-208.504 140.403 -202.665 147.84
-208.393 138.151 -202.604 145.567
-208.39 135.751 -202.632 143.118
-208.458 133.191 -202.734 140.616
-208.555 130.504 -202.8 137.904
-208.68 127.709 -202.899 135.113
-208.808 124.788 -203.061 132.248
-208.928 121.786 -203.217 129.236
-208.986 118.771 -203.309 126.217
-209.011 115.754 -203.385 123.225
-208.944 112.762 -203.409 120.217
-208.837 109.809 -203.437 117.315
-208.711 106.914 -203.389 114.415
-208.613 104.165 -203.314 111.708
-208.524 101.613 -203.283 109.138
-208.412 99.2919 -203.221 106.829
-208.304 97.2314 -203.171 104.808
-208.24 95.4414 -203.133 103.001
-208.187 93.929 -203.074 101.476
-208.169 92.6201 -203.078 100.18
-208.111 91.3591 -203.025 98.9027
-208.104 90.1081 -203.016 97.6512
-208.057 88.899 -202.972 96.4528
-207.99 87.6862 -202.922 95.2314
-207.887 86.4248 -202.832 93.9587
-207.75 85.1065 -202.693 92.6389
-207.573 83.6794 -202.536 91.1949
-207.364 82.1282 -202.359 89.6424
-207.118 80.4668 -202.141 87.9869
-206.887 78.658 -201.932 86.1609
-206.653 76.7211 -201.714 84.189
-206.474 74.6872 -201.557 82.1395
-206.388 72.5372 -201.504 79.985
-206.432 70.2982 -201.567 77.7188
-206.61 68.0006 -201.793 75.3959
-206.893 65.6226 -202.12 72.9886
-207.176 63.1451 -202.444 70.507
-207.411 60.5825 -202.698 67.9522
-207.566 57.9368 -202.908 65.3619
-207.648 55.1846 -203.04 62.6314
-207.661 52.3854 -203.102 59.8521
-207.621 49.5464 -203.141 57.0385
-207.571 46.7304 -203.161 54.2366
-207.529 43.9515 -203.193 51.4789
-207.485 41.2079 -203.239 48.7512
-207.419 38.4839 -203.271 46.0439
-207.398 35.8591 -203.327 43.4405
-207.39 33.3235 -203.393 40.9463
-207.384 30.9289 -203.438 38.553
-207.366 28.7379 -203.474 36.354
-207.338 26.7801 -203.493 34.4335
-207.272 25.0762 -203.493 32.7403
-207.185 23.6379 -203.463 31.3517
-207.081 22.407 -203.409 30.102
-206.954 21.3226 -203.322 29.0669
-206.782 20.3344 -203.201 28.1049
-206.552 19.4367 -203.046 27.268
-206.295 18.6149 -202.843 26.4707
-205.959 17.8523 -202.584 25.7554
-205.602 17.1478 -202.265 25.0903
-205.183 16.4996 -201.846 24.3555
-204.64 15.8343 -201.345 23.6569
-203.962 15.1264 -200.711 22.9313
-203.106 14.4023 -199.907 22.1971
-202.093 13.7238 -198.917 21.4636
-200.891 13.0729 -197.72 20.7488
-199.455 12.4511 -196.342 20.0614
-197.803 11.8479 -194.67 19.4018
-195.986 11.2512 -192.822 18.7273
-194.078 10.7998 -190.925 18.2419
-192.242 10.55 -189.077 17.946
-190.512 10.4925 -187.285 17.7838
-188.775 10.5147 -185.514 17.7585
-187.053 10.5308 -183.785 17.7055
-185.316 10.5898 -182.029 17.7178
-183.477 10.6725 -180.162 17.7566
-181.518 10.7684 -178.179 17.8059
-179.434 10.8955 -176.088 17.8744
-177.235 11.053 -173.867 17.9851
-174.913 11.228 -171.509 18.1012
-172.454 11.4065 -168.994 18.2207
-169.878 11.6332 -166.354 18.3795
-167.173 11.9035 -163.662 18.5801
-164.356 12.2419 -160.835 18.8653
-161.414 12.6053 -157.913 19.1776
-158.375 12.9576 -154.83 19.4877
-155.289 13.2664 -151.726 19.7143
-152.154 13.4772 -148.577 19.8835
-148.979 13.5344 -145.386 19.9194
-145.756 13.4495 -142.211 19.7976
-142.513 13.324 -138.941 19.634
-139.219 13.2641 -135.684 19.4908
-135.872 13.2352 -132.356 19.4019
-132.469 13.238 -128.997 19.3219
-128.999 13.2502 -125.502 19.2733
-125.452 13.248 -121.964 19.229
-121.822 13.2242 -118.373 19.1933
-118.143 13.1971 -114.711 19.1341
-114.366 13.1954 -111.045 19.0588
-110.549 13.203 -107.272 19.0065
-106.721 13.235 -103.509 18.9789
-102.856 13.2377 -99.6706 18.9484
-99.052 13.3443 -95.826 18.909
-95.2376 13.4448 -92.0588 18.8599
-91.4196 13.5301 -88.2327 18.8353
-87.6191 13.6743 -84.4661 18.8525
-83.8254 13.8122 -80.7336 18.8653
-80.045 13.9412 -76.9841 18.9177
-76.2629 14.0642 -73.2341 18.9634
-72.5272 14.1697 -69.5286 18.9911
-68.7601 14.3149 -65.8815 18.9984
-65.042 14.4483 -62.2049 19.0168
-61.4095 14.5975 -58.5534 19.063
-57.8128 14.7529 -54.9642 19.0943
-54.2721 14.9167 -51.3948 19.1233
-50.8632 15.1117 -47.8974 19.1649
-47.4569 15.289 -44.4365 19.2112
-44.0959 15.4539 -41.0224 19.2889
-40.8634 15.6115 -37.7459 19.3458
-37.7793 15.7689 -34.5819 19.4108
-34.8785 16.0016 -31.589 19.4781
-32.1086 16.2243 -28.7928 19.5033
-29.4177 16.3367 -26.0664 19.5096
-26.8648 16.3774 -23.5544 19.4962
-24.5693 16.4539 -21.2125 19.4662
-22.4959 16.5031 -19.0603 19.4591
-20.582 16.5197 -17.1063 19.402
-18.8462 16.5082 -15.4117 19.3676
-17.329 16.4823 -13.8549 19.3482
-16.0375 16.4755 -12.4275 19.2785
-14.9561 16.5152 -11.2346 19.3072
-14.0178 16.6039 -10.2408 19.3627
-13.1256 16.7459 -9.33112 19.5004
-12.2772 17.0186 -8.48753 19.7181
-11.5187 17.3878 -7.72748 20.0866
-10.7939 17.8531 -6.95267 20.5375
-10.0237 18.4518 -6.19102 21.1303
-9.26687 19.25 -5.3816 21.8956
-8.49998 20.2303 -4.63123 22.9122
-7.71447 21.4488 -3.89913 24.1324
-6.94385 22.8998 -3.1371 25.606
-6.20942 24.6309 -2.42752 27.3949
-5.58062 26.6368 -1.82364 29.4608
-5.10072 28.9385 -1.37795 31.799
-4.83229 31.5403 -1.05446 34.4161
-4.75281 34.3277 -0.965564 37.2214
-4.79902 37.3351 -1.04648 40.2193
-4.91194 40.4995 -1.15908 43.4202
-5.09038 43.7008 -1.32932 46.6121
-5.27659 46.9041 -1.47219 49.8044
-5.46434 50.1267 -1.60943 53.0218
-5.70174 53.3484 -1.75029 56.1922
-5.92628 56.5668 -1.88412 59.3417
-6.14972 59.7476 -2.00391 62.5327
-6.32619 62.8533 -2.10442 65.5776
-6.45059 65.8153 -2.18413 68.5491
-6.55802 68.6332 -2.25725 71.3536
-6.62523 71.2796 -2.33355 74.018
-6.65551 73.7498 -2.38819 76.4775
-6.68446 75.9951 -2.44546 78.7188
-6.65235 77.9879 -2.46231 80.691
-6.50881 79.715 -2.37342 82.4181
-6.21368 81.1579 -2.12591 83.888
-5.72962 82.3905 -1.70345 85.1155
-5.16124 83.4352 -1.16951 86.1578
-4.54265 84.2529 -0.545548 87.0094
-3.86611 84.8846 0.0863603 87.6426
-3.26244 85.3117 0.672366 88.0651
-2.77988 85.6082 1.12527 88.3776
-2.29293 85.8554 1.57734 88.648
-1.73789 86.0252 2.06726 88.8497
-1.12712 86.1474 2.57549 89.0046
-0.518659 86.2513 3.08589 89.1204
0.0982828 86.3544 3.61964 89.2406
0.701588 86.4274 4.17189 89.3162
1.30643 86.4942 4.73092 89.3729
1.8817 86.5444 5.29339 89.431
2.48205 86.5712 5.86794 89.4462
3.08164 86.6015 6.45952 89.4846
3.76115 86.6254 7.12908 89.5095
4.61979 86.697 7.94945 89.5742
5.59133 86.7709 8.88967 89.633
6.60844 86.8444 9.89035 89.7031
7.63402 86.9014 10.9503 89.7602
8.71111 86.9585 12.0833 89.8062
9.83278 87.0097 13.2372 89.8374
11.0076 87.0115 14.4134 89.8481
12.2754 86.9651 15.6158 89.8005
13.6263 86.9182 16.8997 89.7644
15.07 86.8252 18.2888 89.6819
16.6153 86.7852 19.7541 89.6553
18.2818 86.8777 21.3751 89.7725
20.0478 87.082 23.0943 89.9766
21.9006 87.2857 24.939 90.1745
23.8632 87.4752 26.8953 90.316
25.902 87.5919 28.9592 90.3948
28.0106 87.6438 31.1017 90.4472
30.1617 87.6662 33.2372 90.4972
32.3201 87.6642 35.3868 90.5205
34.4576 87.6598 37.5222 90.5254
36.6058 87.6719 39.6766 90.5523
38.7308 87.6934 41.8216 90.5695
40.8455 87.7302 43.9255 90.6057
42.9178 87.7802 45.9897 90.6599
44.9828 87.855 48.076 90.7279
47.0291 87.9341 50.1257 90.8006
49.0885 87.9881 52.2205 90.8489
51.1312 88.0467 54.2747 90.9001
53.1789 88.0887 56.3124 90.9464
55.2287 88.1319 58.3193 90.9931
57.2573 88.1899 60.3465 91.0454
59.2842 88.2314 62.3965 91.1031
61.3079 88.2681 64.406 91.1507
63.3335 88.3132 66.4342 91.1881
65.3836 88.354 68.433 91.2276
67.4465 88.392 70.4905 91.2821
69.4831 88.4322 72.5066 91.3349
71.5512 88.437 74.5709 91.3706
73.5903 88.4498 76.5917 91.4166
75.6424 88.4475 78.5931 91.4506
77.6756 88.4548 80.6045 91.483
79.7058 88.461 82.6252 91.502
81.744 88.4803 84.6446 91.5358
83.7746 88.5114 86.6669 91.5772
85.7993 88.5571 88.6937 91.6267
87.8044 88.6012 90.7214 91.6609
89.8069 88.6436 92.7434 91.7033
91.8034 88.7048 94.7616 91.7576
93.754 88.7381 96.7309 91.7909
95.6705 88.7904 98.6638 91.8276
97.5384 88.822 100.558 91.8267
99.323 88.8597 102.381 91.8506
100.955 88.8568 104.011 91.867
102.409 88.885 105.468 91.8889
103.66 88.873 106.751 91.877
104.773 88.8633 107.89 91.8792
105.718 88.8445 108.856 91.8729
106.476 88.8453 109.644 91.8906
107.081 88.836 110.242 91.8953
107.6 88.8635 110.719 91.9502
108.076 88.9669 111.192 92.063
108.507 89.1617 111.633 92.2643
108.888 89.4296 112.019 92.5414
109.268 89.7529 112.404 92.8813
109.65 90.1817 112.795 93.319
110.008 90.6837 113.16 93.8204
110.332 91.2624 113.507 94.4329
110.663 91.9582 113.847 95.1297
110.947 92.7508 114.159 95.9245
111.19 93.6499 114.43 96.8144
111.329 94.6763 114.589 97.8327
111.382 95.8344 114.672 98.986
111.376 97.1567 114.698 100.294
111.321 98.7121 114.739 101.786
111.179 100.499 114.742 103.485
111.053 102.454 114.736 105.348
110.953 104.574 114.734 107.415
110.848 106.868 114.718 109.632
110.729 109.312 114.684 112.019
110.605 111.878 114.624 114.575
110.451 114.521 114.535 117.197
110.254 117.24 114.397 119.941
110.056 119.971 114.256 122.669
109.856 122.687 114.106 125.396
109.666 125.388 113.961 128.11
109.502 128.078 113.847 130.801
109.371 130.753 113.765 133.474
109.256 133.407 113.704 136.123
109.149 136.007 113.645 138.681
109.039 138.439 113.582 141.089
108.947 140.687 113.524 143.365
108.848 142.714 113.466 145.339
108.76 144.486 113.402 147.082
108.69 146.045 113.355 148.631
108.716 147.402 113.322 149.988
108.828 148.54 113.299 151.157
108.921 149.485 113.297 152.132
109.007 150.284 113.314 152.932
109.05 151.027 113.335 153.687
109.11 151.749 113.369 154.42
109.24 152.403 113.397 155.143
109.344 153.098 113.418 155.874
109.453 153.934 113.46 156.741
109.521 154.936 113.471 157.772
109.584 156.073 113.48 158.928
109.645 157.329 113.497 160.195
109.668 158.738 113.482 161.62
109.715 160.312 113.494 163.208
109.696 162.089 113.486 164.962
109.649 164.032 113.473 166.894
109.639 166.109 113.441 168.986
109.633 168.34 113.401 171.207
109.613 170.711 113.36 173.555
109.583 173.21 113.313 176.048
109.553 175.81 113.256 178.658
109.534 178.5 113.209 181.338
109.536 181.237 113.193 184.05
109.577 183.941 113.163 186.759
109.589 186.636 113.138 189.478
109.628 189.311 113.104 192.162
109.659 191.927 113.043 194.805
109.63 194.43 112.931 197.311
109.575 196.783 112.81 199.704
109.515 198.966 112.701 201.859
109.471 200.971 112.604 203.858
109.449 202.821 112.537 205.738
109.449 204.602 112.494 207.515
109.488 206.354 112.489 209.254
109.546 208.062 112.501 210.973
109.61 209.709 112.52 212.633
109.672 211.263 112.531 214.151
109.706 212.702 112.515 215.58
109.734 214.084 112.485 216.957
109.731 215.443 112.431 218.316
109.707 216.764 112.353 219.624
109.7 218.051 112.301 220.896
109.687 219.347 112.239 222.203
109.663 220.745 112.202 223.572
109.624 222.182 112.143 224.994
109.633 223.69 112.13 226.495
109.598 225.286 112.066 228.089
109.57 226.964 111.999 229.768
109.44 228.724 111.856 231.531
109.201 230.57 111.613 233.377
108.84 232.5 111.265 235.315
108.453 234.508 110.891 237.335
108.103 236.603 110.544 239.442
107.82 238.783 110.268 241.606
107.625 241.068 110.07 243.913
107.501 243.44 109.929 246.25
107.404 245.878 109.843 248.638
107.333 248.416 109.772 251.144
107.257 251.021 109.684 253.696
107.177 253.625 109.586 256.335
107.086 256.217 109.479 258.971
106.99 258.788 109.37 261.583
106.889 261.346 109.25 264.103
106.804 263.853 109.145 266.579
106.757 266.257 109.049 269.002
106.737 268.496 108.969 271.219
106.721 270.543 108.904 273.254
106.665 272.451 108.839 275.209
106.602 274.232 108.782 276.952
106.541 275.936 108.727 278.67
106.49 277.549 108.69 280.269
106.431 279.024 108.675 281.724
106.436 280.326 108.714 283.026
106.526 281.483 108.807 284.179
106.691 282.5 108.979 285.186
106.934 283.394 109.226 286.058
107.265 284.175 109.505 286.845
107.615 284.885 109.858 287.599
108.053 285.553 110.279 288.285
108.564 286.162 110.739 288.915
109.134 286.815 111.292 289.6
109.716 287.521 111.872 290.302
110.122 288.203 112.322 290.97
110.422 288.82 112.641 291.587
110.587 289.418 112.862 292.188
110.618 290.064 112.932 292.797
110.519 290.708 112.908 293.381
110.371 291.314 112.805 293.974
110.142 291.925 112.609 294.546
109.837 292.549 112.33 295.136
109.496 293.15 111.977 295.727
109.127 293.786 111.632 296.362
108.698 294.485 111.202 297.039
108.257 295.314 110.775 297.843
107.818 296.219 110.353 298.752
107.428 297.304 109.982 299.824
107.065 298.537 109.632 301.06
106.761 299.883 109.348 302.411
106.505 301.404 109.09 303.955
106.275 303.166 108.856 305.729
106.086 305.101 108.665 307.636
105.832 307.215 108.422 309.721
105.631 309.512 108.222 312.007
105.511 311.925 108.055 314.423
105.445 314.491 107.98 316.995
105.421 317.133 107.912 319.612
105.443 319.874 107.892 322.361
105.446 322.692 107.859 325.218
105.418 325.55 107.778 328.082
105.395 328.464 107.706 330.993
105.364 331.395 107.646 333.901
105.291 334.292 107.554 336.801
105.22 337.192 107.455 339.695
105.144 340.052 107.361 342.543
105.075 342.868 107.231 345.352
105.009 345.616 107.082 348.1
104.963 348.184 106.92 350.714
104.902 350.569 106.789 353.143
104.817 352.734 106.683 355.346
104.677 354.661 106.593 357.296
104.615 356.352 106.534 359
104.604 357.799 106.542 360.458
104.701 359.026 106.634 361.711
104.891 360.124 106.807 362.833
105.193 361.14 107.096 363.879
105.584 362.034 107.476 364.845
106.095 362.891 107.977 365.709
106.699 363.652 108.582 366.49
107.414 364.338 109.309 367.192
108.207 364.984 110.12 367.938
109.274 365.625 111.196 368.621
110.518 366.322 112.425 369.335
111.969 367.023 113.89 370.064
113.629 367.645 115.533 370.712
115.503 368.146 117.404 371.23
117.563 368.47 119.474 371.616
119.826 368.664 121.759 371.851
122.238 368.733 124.15 371.946
124.813 368.744 126.74 372.009
127.51 368.75 129.436 372.057
130.334 368.743 132.254 372.1
133.296 368.738 135.211 372.159
136.384 368.77 138.291 372.238
139.555 368.816 141.452 372.327
142.817 368.904 144.68 372.464
146.129 369.028 147.979 372.623
149.484 369.138 151.332 372.793
152.891 369.31 154.703 372.936
156.306 369.518 158.139 373.102
159.737 369.684 161.568 373.246
163.199 369.812 165.002 373.364
166.695 369.93 168.507 373.499
170.207 370.046 172.051 373.665
173.772 370.157 175.568 373.803
177.361 370.267 179.152 373.993
180.975 370.367 182.746 374.174
184.518 370.493 186.333 374.334
188.058 370.608 189.894 374.495
191.65 370.691 193.444 374.665
195.256 370.767 197.044 374.851
198.85 370.86 200.552 375.022
202.381 370.946 204.068 375.156
205.846 371.042 207.535 375.295
209.283 371.14 210.962 375.424
212.668 371.264 214.339 375.566
216.064 371.406 217.686 375.708
219.482 371.543 221.054 375.866
222.884 371.678 224.432 376.018
226.298 371.815 227.824 376.166
229.736 371.946 231.189 376.343
233.194 372.081 234.595 376.502
236.65 372.202 238.037 376.649
240.111 372.286 241.453 376.777
243.564 372.362 244.873 376.901
247.015 372.439 248.274 377.038
250.457 372.513 251.666 377.153
253.892 372.591 255.072 377.289
257.29 372.696 258.456 377.43
260.691 372.783 261.851 377.586
264.069 372.88 265.209 377.748
267.432 372.989 268.574 377.916
270.777 373.106 271.895 378.088
274.109 373.237 275.211 378.275
277.433 373.382 278.519 378.473
280.759 373.51 281.838 378.667
284.056 373.639 285.117 378.838
287.359 373.744 288.412 379.01
290.66 373.828 291.697 379.147
293.948 373.891 294.968 379.259
297.238 373.938 298.234 379.369
300.521 373.989 301.513 379.506
303.768 374.045 304.75 379.634
306.958 374.123 307.988 379.765
310.147 374.188 311.223 379.883
313.322 374.161 314.387 380
316.484 374.148 317.539 380.106
319.614 374.138 320.689 380.207
322.711 374.135 323.742 380.306
325.755 374.16 326.842 380.436
328.76 374.253 329.783 380.636
331.723 374.48 332.724 380.96
334.63 374.898 335.601 381.471
337.444 375.575 338.4 382.173
340.191 376.426 341.132 383.099
342.858 377.501 343.769 384.207
345.468 378.758 346.347 385.503
348.032 380.139 348.874 386.927
350.528 381.659 351.358 388.441
353.019 383.175 353.847 390.02
355.491 384.652 356.313 391.512
357.947 386.052 358.793 392.926
360.45 387.298 361.334 394.217
362.989 388.343 363.843 395.247
365.63 389.18 366.497 396.13
368.277 389.785 369.125 396.776
371 390.204 371.862 397.241
373.811 390.41 374.626 397.489
376.67 390.516 377.479 397.599
379.566 390.476 380.352 397.574
382.519 390.335 383.334 397.445
385.569 390.096 386.331 397.255
388.668 389.806 389.421 396.992
391.801 389.496 392.539 396.726
394.948 389.201 395.676 396.494
398.071 388.865 398.796 396.192
401.148 388.482 401.819 395.848
404.066 388.059 404.72 395.473
406.692 387.53 407.35 394.972
409 386.806 409.64 394.284
410.963 385.896 411.564 393.397
412.562 384.785 413.215 392.371
413.997 383.545 414.626 391.123
415.181 382.106 415.792 389.679
416.123 380.517 416.727 388.062
416.78 378.715 417.436 386.295
417.258 376.862 417.934 384.398
417.474 374.922 418.189 382.441
417.571 372.941 418.312 380.4
417.595 370.957 418.353 378.383
417.608 368.989 418.38 376.386
417.584 367.038 418.381 374.408
417.564 365.09 418.373 372.436
417.542 363.163 418.366 370.491
417.538 361.254 418.373 368.573
417.529 359.369 418.368 366.659
417.528 357.497 418.385 364.775
417.533 355.637 418.393 362.87
417.535 353.779 418.405 361.01
417.572 351.871 418.431 359.099
417.625 349.951 418.473 357.173
417.694 348.024 418.567 355.227
417.786 346.082 418.667 353.261
417.909 344.103 418.817 351.27
418.016 342.077 418.935 349.215
418.081 339.965 419.005 347.091
418.09 337.761 419.025 344.878
418.051 335.424 418.998 342.515
417.958 332.974 418.918 340.04
417.86 330.443 418.799 337.509
417.713 327.892 418.613 334.956
417.483 325.34 418.358 332.354
417.033 322.796 417.971 329.834
416.342 320.296 417.383 327.296
415.5 317.847 416.614 324.821
414.502 315.486 415.681 322.478
413.318 313.202 414.541 320.163
412.033 310.983 413.296 317.905
410.705 308.826 412.014 315.744
409.333 306.723 410.648 313.607
407.939 304.69 409.315 311.521
406.473 302.693 407.865 309.505
404.955 300.72 406.376 307.476
403.422 298.744 404.883 305.438
401.884 296.709 403.378 303.385
400.392 294.64 401.939 301.297
398.848 292.569 400.552 299.154
397.412 290.464 399.237 297.023
396.057 288.363 397.953 294.864
394.718 286.28 396.687 292.727
393.408 284.21 395.446 290.63
392.117 282.094 394.218 288.54
390.835 279.983 393.019 286.404
389.58 277.838 391.797 284.218
388.345 275.666 390.629 282.023
387.12 273.483 389.461 279.811
385.876 271.265 388.28 277.603
384.628 269.049 387.09 275.353
383.382 266.843 385.904 273.123
382.126 264.656 384.695 270.889
380.854 262.504 383.484 268.693
379.661 260.395 382.244 266.542
378.447 258.284 380.998 264.473
377.135 256.232 379.718 262.386
375.83 254.204 378.479 260.38
374.666 252.142 377.253 258.372
373.467 250.09 376.019 256.361
372.26 248.017 374.74 254.307
371.007 245.9 373.456 252.257
369.693 243.723 372.093 250.099
368.315 241.49 370.673 247.892
366.888 239.204 369.269 245.662
365.461 236.869 367.799 243.333
364.013 234.51 366.342 240.984
362.53 232.104 364.899 238.579
361.127 229.647 363.435 236.124
359.661 227.165 361.976 233.623
358.173 224.665 360.486 231.139
356.667 222.124 358.978 228.637
355.094 219.563 357.318 226.044
353.424 216.994 355.69 223.527
351.712 214.401 353.971 220.905
349.976 211.758 352.251 218.274
348.217 209.054 350.492 215.544
346.44 206.296 348.741 212.806
344.719 203.491 346.99 210.023
343.049 200.668 345.263 207.247
341.324 197.881 343.497 204.412
339.569 195.094 341.771 201.611
337.853 192.287 340.066 198.79
336.195 189.467 338.387 195.98
334.505 186.644 336.701 193.138
332.81 183.813 335.032 190.287
331.136 180.975 333.39 187.444
329.491 178.149 331.734 184.579
327.933 175.42 330.148 181.856
326.471 172.833 328.651 179.227
325.095 170.445 327.276 176.823
323.762 168.206 325.963 174.556
322.412 165.997 324.623 172.334
321.011 163.835 323.274 170.135
319.642 161.679 321.957 167.991
318.296 159.472 320.672 165.778
316.952 157.229 319.338 163.497
315.589 154.961 318.019 161.242
314.136 152.693 316.647 158.926
312.632 150.387 315.229 156.584
311.148 148.012 313.813 154.208
309.613 145.58 312.343 151.743
308.017 143.109 310.838 149.22
306.331 140.598 309.254 146.693
304.564 138.076 307.644 144.153
302.797 135.509 305.955 141.498
300.997 132.894 304.214 138.704
299.223 130.219 302.529 136.004
297.437 127.496 300.872 133.326
295.655 124.726 299.136 130.493
293.887 121.905 297.391 127.621
292.107 119.015 295.648 124.726
290.286 116.097 293.928 121.861
288.486 113.135 292.144 118.879
286.686 110.205 290.362 115.901
284.894 107.269 288.556 112.896
283.126 104.35 286.811 110.014
281.355 101.454 285.082 107.143
279.594 98.5937 283.346 104.241
277.854 95.7823 281.63 101.377
276.123 93.0151 279.939 98.5691
274.407 90.2946 278.271 95.7869
272.693 87.6206 276.599 93.0714
270.986 84.9908 274.969 90.4583
269.325 82.3706 273.314 87.7778
267.721 79.7614 271.796 85.2469
266.125 77.1878 270.183 82.6503
264.543 74.6501 268.596 80.0226
262.986 72.1461 267.067 77.5272
261.442 69.6721 265.588 75.0954
259.914 67.2289 264.108 72.614
258.305 64.8845 262.66 70.1863
256.746 62.5662 261.214 67.7524
255.295 60.2347 259.841 65.3055
253.998 57.8593 258.663 62.8966
252.911 55.4136 257.675 60.4705
252.071 52.9184 256.947 57.9191
251.456 50.3795 256.413 55.3788
251.102 47.849 256.135 52.7985
250.932 45.3623 256.04 50.2588
250.859 42.9704 256.033 47.8333
250.881 40.7031 256.049 45.5277
250.86 38.5296 256.014 43.267
250.643 36.4222 255.835 41.14
250.22 34.4315 255.421 39.1409
249.55 32.5224 254.808 37.204
248.682 30.8059 253.957 35.4701
247.595 29.2962 252.829 33.8914
246.326 27.9868 251.562 32.5147
244.807 26.8705 250.09 31.3752
243.208 26.0462 248.497 30.4932
241.618 25.512 246.9 29.9027
240.183 25.2447 245.485 29.6269
238.935 25.1827 244.205 29.5119
237.834 25.3064 243.106 29.6049
236.751 25.5474 242.058 29.8545
235.82 26.015 241.13 30.2924
235.019 26.634 240.32 30.8667
234.322 27.3804 239.611 31.5879
233.665 28.27 238.999 32.4942
233.152 29.3702 238.478 33.5708
232.718 30.6238 238.025 34.7888
232.381 32.0261 237.7 36.1681
232.146 33.5639 237.461 37.6868
231.97 35.2309 237.29 39.3582
231.824 37.0574 237.128 41.1317
231.712 38.9718 237.006 43.0871
231.614 41.0547 236.871 45.1081
231.5 43.2654 236.715 47.3264
231.399 45.5764 236.578 49.6019
231.32 47.958 236.456 51.9587
231.245 50.4551 236.352 54.4279
231.18 53.0457 236.258 56.9934
231.113 55.7346 236.159 59.6786
231.018 58.532 236.05 62.4296
230.923 61.4683 235.964 65.3229
230.782 64.3864 235.855 68.1638
230.554 67.3012 235.638 71.014
230.383 70.2794 235.448 73.9743
230.252 73.2658 235.297 76.9355
230.117 76.2792 235.141 79.9339
229.964 79.299 234.948 82.9684
229.813 82.3509 234.78 85.994
229.64 85.3617 234.61 89.0267
229.508 88.3724 234.456 92.0276
229.396 91.4042 234.322 95.0074
229.226 94.3904 234.129 97.9431
229.043 97.3836 233.916 100.911
228.916 100.421 233.765 103.937
228.777 103.43 233.598 106.934
228.62 106.515 233.412 109.978
228.493 109.618 233.238 113.082
228.345 112.766 233.061 116.25
228.262 115.954 232.905 119.45
228.174 119.124 232.73 122.565
228.063 122.3 232.564 125.722
227.924 125.439 232.369 128.88
227.8 128.526 232.199 131.974
227.652 131.598 232.004 135.021
227.535 134.639 231.832 138.049
227.42 137.638 231.661 141.04
227.314 140.648 231.496 144.076
227.209 143.552 231.323 146.971
227.067 146.491 231.117 149.887
226.959 149.421 230.954 152.785
226.876 152.286 230.809 155.626
226.801 155.135 230.678 158.438
226.732 157.929 230.542 161.223
226.671 160.677 230.414 163.958
226.582 163.434 230.265 166.694
226.485 166.141 230.102 169.4
226.397 168.835 229.955 172.084
226.292 171.503 229.777 174.743
226.194 174.156 229.603 177.405
226.098 176.846 229.437 180.064
226.004 179.603 229.285 182.799
225.899 182.37 229.134 185.558
225.79 185.147 228.977 188.29
225.666 187.882 228.814 191.026
225.56 190.597 228.674 193.694
225.451 193.273 228.513 196.38
225.344 195.959 228.374 199.088
225.255 198.651 228.256 201.739
225.193 201.335 228.136 204.404
225.127 204.007 228.017 207.023
225.066 206.635 227.914 209.622
225.011 209.237 227.808 212.173
224.943 211.826 227.692 214.753
224.891 214.4 227.597 217.275
224.851 216.936 227.506 219.8
224.575 219.362 227.416 222.237
224.296 221.837 227.319 224.735
224.077 224.336 227.242 227.278
223.913 226.902 227.166 229.841
223.742 229.522 227.06 232.491
223.607 232.177 226.959 235.132
223.385 235.003 226.811 237.87
223.16 237.809 226.624 240.648
222.961 240.675 226.451 243.49
222.792 243.535 226.296 246.318
222.589 246.352 226.122 249.108
222.381 249.17 225.955 251.841
222.221 251.92 225.826 254.546
222.08 254.673 225.704 257.289
221.957 257.368 225.595 259.952
221.829 260.047 225.489 262.542
221.693 262.647 225.347 265.202
221.569 265.262 225.225 267.833
221.46 267.84 225.123 270.404
221.336 270.382 225.006 272.977
221.19 272.766 224.864 275.399
221.088 275.002 224.765 277.58
221.026 277.046 224.706 279.606
221.049 278.872 224.726 281.402
221.13 280.543 224.789 283.058
221.22 282.1 224.885 284.569
221.344 283.572 225.02 286.028
221.383 284.983 225.078 287.407
221.427 286.297 225.143 288.702
221.355 287.505 225.093 289.886
221.243 288.626 225.007 290.983
221.037 289.679 224.82 292.028
220.706 290.652 224.499 292.986
220.342 291.553 224.136 293.888
219.854 292.365 223.67 294.717
219.27 293.213 223.093 295.57
218.538 294.065 222.356 296.416
217.687 294.89 221.487 297.24
216.658 295.681 220.455 298.022
215.445 296.4 219.233 298.691
214.043 296.981 217.826 299.248
212.393 297.367 216.216 299.62
210.497 297.523 214.361 299.813
208.423 297.551 212.298 299.83
206.131 297.483 210.027 299.762
203.651 297.386 207.582 299.685
200.976 297.311 204.938 299.625
198.089 297.235 202.112 299.572
194.998 297.17 198.985 299.526
191.702 297.088 195.724 299.473
188.259 296.973 192.265 299.396
184.688 296.837 188.708 299.294
180.991 296.698 185.025 299.192
177.262 296.546 181.363 299.074
173.558 296.375 177.613 298.932
169.919 296.278 173.916 298.791
166.317 296.216 170.262 298.656
162.711 296.177 166.581 298.51
159.135 296.12 162.959 298.363
155.571 296.038 159.355 298.22
152.008 295.961 155.759 298.079
148.468 295.873 152.19 297.95
144.947 295.785 148.659 297.825
141.444 295.698 145.128 297.683
137.976 295.609 141.63 297.563
134.475 295.536 138.183 297.423
131.021 295.387 134.718 297.258
127.585 295.185 131.243 297.029
124.194 294.919 127.804 296.734
120.833 294.569 124.439 296.376
117.524 294.148 121.16 295.945
114.277 293.717 117.914 295.502
111.044 293.263 114.708 295.042
107.875 292.82 111.543 294.585
104.689 292.433 108.343 294.167
101.526 292.113 105.15 293.824
98.3207 291.868 101.924 293.554
95.0757 291.698 98.6847 293.36
91.7816 291.601 95.3743 293.253
88.4617 291.51 92.0166 293.154
85.094 291.416 88.6231 293.054
81.6725 291.325 85.188 292.97
78.2236 291.217 81.7327 292.873
74.7664 291.107 78.2848 292.782
71.3442 290.985 74.8059 292.618
67.9419 290.873 71.4801 292.472
64.5746 290.766 68.1224 292.348
61.2464 290.656 64.8189 292.216
57.9444 290.556 61.5958 292.079
54.6885 290.464 58.3314 291.963
51.4652 290.375 55.0834 291.837
48.2504 290.299 51.9107 291.716
45.0501 290.226 48.6969 291.608
41.8753 290.158 45.6013 291.493
38.7115 290.079 42.4739 291.387
35.5787 289.999 39.3947 291.27
32.468 289.919 36.2684 291.175
29.399 289.856 33.2366 291.076
26.3744 289.806 30.1943 290.991
23.4662 289.754 27.3165 290.927
20.7033 289.696 24.6547 290.853
18.0656 289.632 22.0269 290.75
15.5451 289.574 19.5112 290.676
13.1479 289.52 17.1331 290.611
10.888 289.488 14.8819 290.564
8.79307 289.52 12.8039 290.593
6.88382 289.607 10.9014 290.687
5.08284 289.771 9.07517 290.834
3.36077 289.989 7.35798 291.042
1.69344 290.246 5.6938 291.291
0.0817619 290.524 4.07774 291.563
-1.45404 290.825 2.54269 291.85
-2.91214 291.154 1.09922 292.156
-4.26383 291.496 -0.238868 292.492
-5.46963 291.865 -1.43975 292.83
-6.5618 292.25 -2.51755 293.232
-7.56733 292.72 -3.50183 293.663
-8.25085 293.151 -4.18767 294.075
-8.61556 293.415 -4.54973 294.342
-8.70138 293.498 -4.63642 294.425
-8.67782 293.476 -4.61352 294.399
-8.67069 293.481 -4.61515 294.397
-8.66047 293.477 -4.61308 294.391
-8.6517 293.469 -4.61257 294.404
-8.64383 293.46 -4.61413 294.398
-8.65193 293.468 -4.62514 294.415
-8.68785 293.502 -4.67086 294.453
-8.76211 293.57 -4.75239 294.526
-8.92049 293.731 -4.9187 294.702
-9.16968 294.008 -5.17575 294.986
-9.5061 294.395 -5.52407 295.405
-9.95865 294.935 -5.97764 295.96
-10.5205 295.676 -6.54501 296.708
-11.1175 296.668 -7.14743 297.702
-11.7085 297.866 -7.74558 298.933
-12.2376 299.339 -8.29505 300.396
-12.6833 301.018 -8.74111 302.064
-13.0706 302.865 -9.14759 303.91
-13.3687 304.91 -9.46963 305.953
-13.5656 307.103 -9.69868 308.176
-13.7225 309.484 -9.88465 310.542
