3.2141e-14 -4.04121e-14 -4.65661e-10 -2.98023e-08
0.0204547 2.38989 -0.0268483 2.29311
0.0381671 4.63077 -0.0390447 4.43743
0.0624746 6.58458 -0.0436581 6.4069
0.0780621 8.2945 -0.0419948 8.14598
0.0363 9.64713 -0.0229559 9.62779
0.0376912 10.7557 0.0025548 10.8572
0.0703962 11.572 0.0290503 11.8115
0.0966904 12.008 0.0670106 12.5012
0.124405 12.281 0.0751963 13.031
0.106056 12.367 0.0901603 13.4753
0.125276 12.4807 0.109175 13.8719
0.156946 12.5901 0.12318 14.2391
0.151509 12.7029 0.140604 14.6158
0.146149 12.8366 0.13917 14.9885
0.118103 12.9866 0.10136 15.4086
0.0460111 13.2518 0.0268111 15.9169
-0.102743 13.6624 -0.141728 16.5725
-0.377391 14.2372 -0.418637 17.3467
-0.803739 14.9181 -0.870443 18.1906
-1.39352 15.5995 -1.49199 19.0553
-2.18364 16.2579 -2.31232 19.8763
-3.16863 16.8916 -3.33426 20.6608
-4.41053 17.492 -4.5761 21.3518
-5.88726 17.9579 -6.04431 21.8682
-7.60344 18.2418 -7.72524 22.1773
-9.59378 18.3335 -9.569 22.2906
-11.7379 18.2624 -11.6219 22.224
-14.1236 18.1372 -13.8883 22.1086
-16.6601 18.0436 -16.2926 22.0498
-19.3804 17.9415 -18.8725 21.9816
-22.232 17.7912 -21.6411 21.8784
-25.2945 17.6126 -24.6355 21.7636
-28.4203 17.4366 -27.6754 21.6696
-31.7353 17.2592 -30.7596 21.4901
-35.0618 17.0123 -33.9268 21.2649
-38.4057 16.7014 -37.1376 21.0083
-41.7263 16.3762 -40.3795 20.7047
-45.021 16.0124 -43.6353 20.3939
-48.347 15.6128 -46.8858 20.0766
-51.6769 15.1924 -50.2176 19.7867
-55.0311 14.7426 -53.5786 19.5143
-58.4018 14.3299 -56.9492 19.2701
-61.8298 14.0348 -60.3589 19.11
-65.2451 13.8244 -63.7599 18.9772
-68.8035 13.6287 -67.246 18.9291
-72.3963 13.4449 -70.763 18.8708
-76.0408 13.365 -74.3114 18.8495
-79.6299 13.2863 -77.9071 18.8144
-83.178 13.1723 -81.4389 18.7968
-86.8064 13.1163 -84.9652 18.7603
-90.4074 13.0302 -88.4595 18.7241
-93.9327 12.9382 -91.8967 18.6931
-97.4259 12.8303 -95.4649 18.6784
-100.922 12.721 -98.8782 18.6549
-104.419 12.6468 -102.294 18.6376
-107.951 12.5747 -105.796 18.6115
-111.507 12.492 -109.345 18.5621
-115.125 12.4275 -112.891 18.4926
-118.791 12.3569 -116.533 18.419
-122.507 12.2776 -120.247 18.3097
-126.283 12.1623 -124.041 18.1707
-130.058 12.0568 -127.796 18.0651
-133.838 11.9401 -131.563 17.9421
-137.647 11.7634 -135.299 17.8608
-141.424 11.6247 -139.012 17.7838
-145.186 11.5237 -142.743 17.7287
-148.919 11.4495 -146.456 17.6531
-152.638 11.3818 -150.144 17.6206
-156.35 11.3105 -153.88 17.5706
-160.047 11.2141 -157.552 17.5423
-163.709 11.1076 -161.238 17.494
-167.36 10.9834 -164.853 17.4842
-170.968 10.9337 -168.502 17.4709
-174.571 10.8768 -172.121 17.48
-178.137 10.8331 -175.732 17.5034
-181.49 10.7961 -179.108 17.5516
-184.602 10.7737 -182.209 17.5639
-187.458 10.7588 -185.097 17.6085
-190.233 10.7339 -187.881 17.6448
-192.987 10.6633 -190.603 17.6392
-195.706 10.5859 -193.336 17.6659
-198.416 10.4957 -196.077 17.6626
-201.153 10.412 -198.809 17.6707
-203.947 10.3415 -201.627 17.7226
-206.802 10.2984 -204.51 17.7529
-209.757 10.3177 -207.404 17.7471
-212.805 10.3611 -210.403 17.7645
-215.93 10.3964 -213.484 17.7899
-219.013 10.3606 -216.576 17.848
-222.155 10.2984 -219.773 17.9288
-225.365 10.2468 -223.014 17.9969
-228.707 10.2155 -226.357 18.0769
-232.112 10.221 -229.723 18.1492
-235.564 10.2149 -233.129 18.2217
-239.104 10.2177 -236.657 18.2891
-242.703 10.1834 -240.266 18.3211
-246.347 10.1302 -243.963 18.3306
-250.053 10.0368 -247.681 18.3114
-253.774 9.88052 -251.435 18.2496
-257.535 9.71899 -255.173 18.1802
-261.301 9.59151 -258.921 18.1268
-265.059 9.45955 -262.666 18.0616
-268.827 9.3377 -266.414 18.0149
-272.55 9.17626 -270.171 17.9662
-276.264 8.9761 -273.874 17.9063
-279.947 8.83282 -277.542 17.8611
-283.65 8.7154 -281.214 17.8163
-287.323 8.61051 -284.884 17.7889
-290.988 8.50515 -288.547 17.7659
-294.655 8.3949 -292.268 17.7388
-298.32 8.29447 -295.939 17.7045
-302.013 8.16972 -299.618 17.6702
-305.746 8.07421 -303.31 17.6298
-309.495 7.98298 -307.016 17.59
-313.22 7.86369 -310.736 17.5352
-316.99 7.78254 -314.467 17.5107
-320.754 7.67947 -318.227 17.4837
-324.53 7.56322 -322.005 17.4577
-328.344 7.45611 -325.787 17.4465
-332.11 7.34733 -329.552 17.4209
-335.86 7.24226 -333.307 17.4134
-339.609 7.14778 -336.993 17.4233
-343.309 7.05394 -340.678 17.4077
-346.908 6.95731 -344.29 17.4061
-350.385 6.86042 -347.79 17.3791
-353.708 6.76839 -351.127 17.3692
-356.878 6.6633 -354.266 17.3414
-360.001 6.55242 -357.392 17.3272
-363.041 6.43569 -360.43 17.2621
-365.856 6.34508 -363.274 17.2615
-368.438 6.30707 -365.912 17.278
-370.781 6.38396 -368.27 17.4125
-372.866 6.64857 -370.376 17.7402
-374.725 7.10935 -372.244 18.252
-376.363 7.74189 -373.902 18.9619
-377.862 8.63383 -375.391 19.9142
-379.196 9.71257 -376.693 21.0509
-380.349 10.966 -377.845 22.4108
-381.386 12.4481 -378.864 23.9251
-382.26 14.1227 -379.69 25.642
-383.011 15.9945 -380.397 27.5596
-383.61 18.0579 -380.939 29.6513
-384.1 20.3145 -381.378 31.9681
-384.497 22.7483 -381.73 34.4278
-384.777 25.3644 -381.942 37.0674
-384.989 28.1282 -382.083 39.8669
-385.213 31.0862 -382.184 42.7481
-385.449 34.1921 -382.268 45.7422
-385.781 37.3157 -382.332 48.7792
-386.061 40.4266 -382.371 51.8399
-386.229 43.4927 -382.373 54.8923
-386.309 46.5186 -382.371 57.9326
-386.383 49.5057 -382.355 60.8975
-386.435 52.4158 -382.315 63.7939
-386.493 55.2254 -382.275 66.6261
-386.554 57.9438 -382.222 69.2955
-386.61 60.5785 -382.137 71.9046
-386.586 63.079 -381.998 74.3901
-386.371 65.4338 -381.747 76.7371
-385.915 67.6483 -381.329 78.9792
-385.249 69.6949 -380.739 81.0196
-384.335 71.5736 -379.952 82.926
-383.336 73.255 -379.019 84.6458
-382.295 74.8189 -377.945 86.1593
-381.092 76.1917 -376.646 87.4469
-379.775 77.3645 -375.167 88.5241
-378.271 78.252 -373.557 89.3936
-376.574 78.9871 -371.804 90.0818
-374.728 79.5378 -369.93 90.582
-372.74 79.9418 -367.944 90.9453
-370.607 80.2 -365.81 91.1654
-368.37 80.4156 -363.576 91.3227
-366.032 80.5714 -361.211 91.4123
-363.598 80.6733 -358.754 91.4515
-361.072 80.7163 -356.192 91.4254
-358.47 80.7058 -353.557 91.3448
-355.833 80.6383 -350.887 91.2087
-353.161 80.5539 -348.194 91.063
-350.45 80.4656 -345.497 90.9193
-347.763 80.3985 -342.779 90.804
-345.087 80.3707 -340.059 90.7108
-342.417 80.403 -337.376 90.6775
-339.774 80.4834 -334.711 90.6969
-337.14 80.5751 -332.098 90.7216
-334.529 80.6935 -329.475 90.7602
-331.933 80.8245 -326.807 90.787
-329.325 80.9185 -324.182 90.7909
-326.739 80.9907 -321.558 90.7709
-324.144 81.0388 -318.943 90.7361
-321.562 81.0911 -316.331 90.7046
-319.012 81.1901 -313.729 90.6855
-316.451 81.3081 -311.088 90.7104
-313.909 81.4446 -308.507 90.7459
-311.392 81.5801 -305.932 90.7897
-308.876 81.707 -303.39 90.8276
-306.379 81.8493 -300.857 90.8617
-303.889 81.9944 -298.38 90.8813
-301.376 82.1582 -295.822 90.9463
-298.833 82.3257 -293.324 91.0383
-296.238 82.5041 -290.732 91.126
-293.59 82.6834 -288.083 91.2367
-290.877 82.8533 -285.384 91.3351
-288.12 82.9877 -282.578 91.3934
-285.315 83.062 -279.716 91.3907
-282.46 83.0893 -276.888 91.3522
-279.611 83.105 -274.053 91.2849
-276.801 83.108 -271.213 91.2215
-274.052 83.0999 -268.447 91.143
-271.353 83.0549 -265.754 91.0253
-268.677 82.9709 -263.1 90.8919
-266.029 82.9039 -260.418 90.7499
-263.419 82.8733 -257.832 90.6597
-260.804 82.9033 -255.198 90.6181
-258.169 82.9904 -252.572 90.6248
-255.51 83.1456 -249.914 90.7268
-252.845 83.3738 -247.257 90.8883
-250.152 83.6377 -244.565 91.0686
-247.44 83.911 -241.83 91.2803
-244.714 84.1786 -239.119 91.4694
-242.002 84.383 -236.402 91.6024
-239.315 84.5147 -233.7 91.6655
-236.658 84.5678 -231.057 91.631
-234.029 84.5262 -228.433 91.5117
-231.443 84.4059 -225.857 91.3048
-228.921 84.2558 -223.358 91.0843
-226.537 84.1055 -220.965 90.8604
-224.323 83.9733 -218.775 90.6765
-222.318 83.8529 -216.787 90.4962
-220.525 83.7487 -215.027 90.3565
-218.913 83.6548 -213.428 90.2369
-217.491 83.6149 -212.04 90.1773
-216.2 83.6635 -210.754 90.2068
-214.975 83.8906 -209.508 90.425
-213.813 84.3031 -208.328 90.7987
-212.768 84.852 -207.272 91.2958
-211.819 85.5051 -206.313 91.9139
-210.945 86.2494 -205.428 92.6653
-210.115 87.191 -204.573 93.5559
-209.376 88.3794 -203.819 94.7128
-208.686 89.7861 -203.084 96.1079
-208.12 91.447 -202.488 97.7405
-207.637 93.318 -201.974 99.5942
-207.344 95.3776 -201.644 101.622
-207.199 97.6773 -201.448 103.927
-207.177 100.118 -201.38 106.389
-207.236 102.732 -201.382 109.005
-207.358 105.495 -201.435 111.808
-207.447 108.321 -201.449 114.636
-207.501 111.207 -201.405 117.523
-207.497 114.154 -201.307 120.482
-207.467 117.04 -201.201 123.359
-207.357 119.818 -201.14 126.239
-207.232 122.58 -201.064 129.072
-207.17 125.361 -200.988 131.914
-207.152 128.087 -200.958 134.687
-207.159 130.677 -200.971 137.276
-207.192 133.099 -201.025 139.681
-207.257 135.312 -201.1 141.925
-207.358 137.293 -201.188 143.926
-207.516 139.039 -201.306 145.672
-207.793 140.624 -201.526 147.269
-208.199 142.156 -201.893 148.803
-208.796 143.591 -202.448 150.241
-209.578 144.906 -203.183 151.566
-210.509 146.123 -204.06 152.815
-211.641 147.222 -205.151 153.973
-212.986 148.243 -206.45 155.017
-214.561 149.102 -208.001 155.911
-216.376 149.752 -209.798 156.604
-218.364 150.183 -211.755 157.086
-220.496 150.432 -213.87 157.388
-222.758 150.561 -216.138 157.592
-225.126 150.644 -218.512 157.755
-227.597 150.727 -220.977 157.93
-230.175 150.835 -223.55 158.121
-232.871 150.954 -226.247 158.318
-235.686 151.085 -229.009 158.53
-238.635 151.219 -231.916 158.751
-241.714 151.324 -234.939 158.957
-244.893 151.37 -238.1 159.108
-248.153 151.341 -241.341 159.168
-251.387 151.245 -244.574 159.167
-254.629 151.084 -247.811 159.112
-257.855 150.861 -251.033 158.984
-260.99 150.596 -254.171 158.822
-263.98 150.336 -257.147 158.652
-266.767 150.088 -259.939 158.5
-269.368 149.866 -262.533 158.347
-271.91 149.696 -265.09 158.233
-274.432 149.547 -267.581 158.151
-276.918 149.42 -270.025 158.085
-279.393 149.338 -272.513 158.075
-281.843 149.284 -274.972 158.102
-284.327 149.245 -277.444 158.131
-286.851 149.216 -279.974 158.179
-289.375 149.175 -282.508 158.218
-291.873 149.114 -285.006 158.241
-294.367 149.035 -287.529 158.253
-296.9 148.947 -290.046 158.257
-299.497 148.858 -292.622 158.254
-302.153 148.763 -295.286 158.257
-304.894 148.663 -298.02 158.242
-307.699 148.565 -300.803 158.234
-310.543 148.472 -303.673 158.234
-313.402 148.389 -306.533 158.246
-316.254 148.309 -309.4 158.252
-319.087 148.246 -312.22 158.28
-321.874 148.16 -315.03 158.304
-324.643 148.081 -317.785 158.331
-327.38 148.018 -320.531 158.366
-330.085 147.944 -323.231 158.405
-332.769 147.879 -325.864 158.441
-335.339 147.849 -328.414 158.474
-337.918 147.821 -330.966 158.506
-340.462 147.771 -333.497 158.536
-342.975 147.704 -336.025 158.555
-345.508 147.597 -338.495 158.526
-348.088 147.502 -341.059 158.512
-350.695 147.387 -343.629 158.454
-353.358 147.254 -346.263 158.395
-356.035 147.123 -348.944 158.335
-358.706 146.988 -351.586 158.251
-361.365 146.869 -354.23 158.181
-363.999 146.747 -356.845 158.112
-366.592 146.652 -359.41 158.077
-369.103 146.586 -361.89 158.065
-371.499 146.553 -364.266 158.101
-373.734 146.569 -366.489 158.185
-375.766 146.688 -368.514 158.376
-377.588 146.923 -370.298 158.656
-379.228 147.254 -371.921 159.028
-380.68 147.682 -373.326 159.497
-381.984 148.241 -374.628 160.136
-383.189 148.967 -375.771 160.896
-384.261 149.833 -376.811 161.793
-385.262 150.823 -377.787 162.799
-386.19 152.027 -378.706 164.075
-387.088 153.508 -379.56 165.583
-387.803 155.255 -380.208 167.34
-388.328 157.228 -380.689 169.338
-388.69 159.391 -380.967 171.48
-388.914 161.727 -381.137 173.861
-389.034 164.224 -381.188 176.374
-389.108 166.9 -381.182 179.039
-389.177 169.703 -381.149 181.84
-389.249 172.603 -381.131 184.722
-389.295 175.566 -381.098 187.681
-389.34 178.519 -381.067 190.657
-389.408 181.466 -381.034 193.597
-389.477 184.395 -381.003 196.493
-389.534 187.304 -380.972 199.404
-389.596 190.151 -380.93 202.253
-389.65 192.868 -380.916 204.946
-389.689 195.381 -380.858 207.479
-389.707 197.729 -380.791 209.821
-389.637 199.881 -380.657 211.953
-389.406 201.894 -380.35 213.986
-388.964 203.825 -379.816 215.915
-388.237 205.642 -379 217.686
-387.226 207.247 -377.963 219.298
-385.985 208.725 -376.683 220.748
-384.487 210.025 -375.176 221.967
-382.767 211.134 -373.424 223.01
-380.848 212.024 -371.492 223.826
-378.741 212.711 -369.384 224.504
-376.473 213.257 -367.103 224.955
-374.039 213.683 -364.662 225.293
-371.458 214.025 -362.078 225.538
-368.731 214.304 -359.35 225.73
-365.907 214.548 -356.554 225.884
-362.986 214.775 -353.654 226.009
-360 214.982 -350.688 226.123
-356.947 215.144 -347.656 226.199
-353.845 215.269 -344.575 226.229
-350.728 215.344 -341.474 226.228
-347.622 215.397 -338.384 226.192
-344.504 215.436 -335.274 226.134
-341.405 215.432 -332.195 226.051
-338.307 215.375 -329.12 225.913
-335.223 215.258 -326.024 225.691
-332.177 215.091 -322.982 225.416
-329.114 214.919 -319.936 225.143
-326.083 214.755 -316.907 224.849
-323.035 214.645 -313.886 224.626
-319.998 214.594 -310.864 224.46
-316.95 214.613 -307.791 224.384
-313.895 214.702 -304.756 224.37
-310.834 214.852 -301.702 224.41
-307.769 215.021 -298.638 224.484
-304.682 215.21 -295.552 224.574
-301.619 215.403 -292.469 224.677
-298.564 215.602 -289.421 224.788
-295.523 215.775 -286.378 224.861
-292.525 215.926 -283.371 224.905
-289.569 216.08 -280.454 224.972
-286.686 216.208 -277.552 225.011
-283.844 216.321 -274.695 225.042
-281.075 216.415 -271.962 225.061
-278.385 216.482 -269.267 225.008
-275.75 216.525 -266.728 224.959
-273.211 216.564 -264.148 224.916
-270.787 216.597 -261.787 224.872
-268.452 216.627 -259.438 224.838
-266.21 216.67 -257.202 224.796
-264.058 216.715 -255.066 224.752
-261.978 216.759 -253.013 224.73
-260.009 216.805 -251.057 224.71
-258.118 216.847 -249.172 224.675
-256.324 216.892 -247.424 224.674
-254.592 216.937 -245.698 224.663
-252.914 216.969 -244.035 224.668
-251.262 217.002 -242.398 224.665
-249.623 217.031 -240.77 224.655
-248 217.075 -239.154 224.657
-246.395 217.124 -237.55 224.646
-244.798 217.178 -235.953 224.649
-243.238 217.242 -234.382 224.663
-241.698 217.301 -232.847 224.691
-240.16 217.38 -231.324 224.696
-238.624 217.447 -229.8 224.727
-237.098 217.518 -228.27 224.746
-235.569 217.578 -226.75 224.744
-234.014 217.632 -225.198 224.739
-232.429 217.676 -223.619 224.736
-230.825 217.709 -222.015 224.724
-229.214 217.727 -220.427 224.708
-227.62 217.743 -218.858 224.686
-226.039 217.749 -217.3 224.648
-224.475 217.721 -215.732 224.576
-222.944 217.646 -214.203 224.459
-221.518 217.498 -212.787 224.271
-220.196 217.264 -211.469 224.003
-219.015 216.979 -210.287 223.665
-218.001 216.671 -209.287 223.317
-217.074 216.316 -208.359 222.925
-216.225 215.882 -207.497 222.444
-215.454 215.358 -206.723 221.9
-214.757 214.783 -206.038 221.304
-214.077 214.066 -205.378 220.55
-213.46 213.183 -204.789 219.635
-212.908 212.086 -204.274 218.535
-212.452 210.871 -203.859 217.283
-212.114 209.457 -203.566 215.859
-211.859 207.837 -203.361 214.23
-211.742 206.028 -203.309 212.402
-211.736 204.034 -203.369 210.392
-211.767 201.873 -203.472 208.236
-211.796 199.533 -203.567 205.91
-211.787 197.027 -203.66 203.44
-211.76 194.374 -203.722 200.79
-211.698 191.634 -203.763 198.06
-211.627 188.816 -203.789 195.268
-211.537 185.992 -203.822 192.433
-211.444 183.173 -203.847 189.595
-211.363 180.374 -203.882 186.809
-211.265 177.6 -203.884 184.005
-211.172 174.835 -203.897 181.259
-211.068 172.132 -203.878 178.598
-210.943 169.548 -203.838 176.049
-210.807 167.116 -203.771 173.601
-210.678 164.891 -203.679 171.448
-210.524 162.832 -203.58 169.416
-210.369 160.884 -203.458 167.547
-210.243 159.141 -203.329 165.85
-210.18 157.655 -203.298 164.396
-210.12 156.263 -203.261 163.019
-210.06 154.893 -203.244 161.624
-209.979 153.571 -203.184 160.312
-209.892 152.273 -203.154 158.985
-209.767 150.9 -203.071 157.585
-209.618 149.454 -202.966 156.132
-209.402 147.912 -202.78 154.594
-209.174 146.248 -202.602 152.916
-208.939 144.453 -202.434 151.09
-208.715 142.497 -202.287 149.131
-208.504 140.403 -202.159 147.025
-208.393 138.151 -202.124 144.745
-208.39 135.751 -202.184 142.341
-208.458 133.191 -202.286 139.752
-208.555 130.504 -202.394 137.094
-208.68 127.709 -202.561 134.34
-208.808 124.788 -202.698 131.447
-208.928 121.786 -202.86 128.425
-208.986 118.771 -202.985 125.423
-209.011 115.754 -203.096 122.38
-208.944 112.762 -203.169 119.414
-208.837 109.809 -203.149 116.483
-208.711 106.914 -203.103 113.598
-208.613 104.165 -203.055 110.87
-208.524 101.613 -203.011 108.269
-208.412 99.2919 -202.955 105.972
-208.304 97.2314 -202.908 103.922
-208.24 95.4414 -202.885 102.138
-208.187 93.929 -202.835 100.612
-208.169 92.6201 -202.835 99.3089
-208.111 91.3591 -202.786 98.0371
-208.104 90.1081 -202.797 96.7814
-208.057 88.899 -202.761 95.5781
-207.99 87.6862 -202.707 94.3633
-207.887 86.4248 -202.629 93.098
-207.75 85.1065 -202.501 91.7604
-207.573 83.6794 -202.338 90.3326
-207.364 82.1282 -202.189 88.7715
-207.118 80.4668 -201.965 87.1088
-206.887 78.658 -201.768 85.2687
-206.653 76.7211 -201.578 83.321
-206.474 74.6872 -201.441 81.2788
-206.388 72.5372 -201.395 79.1248
-206.432 70.2982 -201.475 76.8543
-206.61 68.0006 -201.71 74.5534
-206.893 65.6226 -202.045 72.1382
-207.176 63.1451 -202.383 69.6478
-207.411 60.5825 -202.638 67.1028
-207.566 57.9368 -202.856 64.5287
-207.648 55.1846 -202.989 61.7851
-207.661 52.3854 -203.062 58.98
-207.621 49.5464 -203.098 56.1754
-207.571 46.7304 -203.128 53.3696
-207.529 43.9515 -203.166 50.5955
-207.485 41.2079 -203.209 47.8681
-207.419 38.4839 -203.239 45.1882
-207.398 35.8591 -203.303 42.5783
-207.39 33.3235 -203.357 40.0886
-207.384 30.9289 -203.408 37.6896
-207.366 28.7379 -203.443 35.5284
-207.338 26.7801 -203.473 33.6223
-207.272 25.0762 -203.47 31.9644
-207.185 23.6379 -203.438 30.5595
-207.081 22.407 -203.39 29.3331
-206.954 21.3226 -203.285 28.3096
-206.782 20.3344 -203.17 27.3453
-206.552 19.4367 -202.998 26.5281
-206.295 18.6149 -202.811 25.7724
-205.959 17.8523 -202.54 25.026
-205.602 17.1478 -202.217 24.299
-205.183 16.4996 -201.826 23.651
-204.64 15.8343 -201.318 22.9652
-203.962 15.1264 -200.716 22.2276
-203.106 14.4023 -199.912 21.4699
-202.093 13.7238 -198.909 20.7168
-200.891 13.0729 -197.7 20.0307
-199.455 12.4511 -196.29 19.3786
-197.803 11.8479 -194.666 18.7143
-195.986 11.2512 -192.847 18.0549
-194.078 10.7998 -190.939 17.5447
-192.242 10.55 -189.08 17.2489
-190.512 10.4925 -187.292 17.08
-188.775 10.5147 -185.509 17.0335
-187.053 10.5308 -183.788 17.0067
-185.316 10.5898 -182.002 17.0049
-183.477 10.6725 -180.141 17.0308
-181.518 10.7684 -178.151 17.077
-179.434 10.8955 -176.043 17.1583
-177.235 11.053 -173.865 17.2608
-174.913 11.228 -171.481 17.3736
-172.454 11.4065 -168.991 17.5328
-169.878 11.6332 -166.394 17.6852
-167.173 11.9035 -163.656 17.9028
-164.356 12.2419 -160.866 18.1995
-161.414 12.6053 -157.922 18.5347
-158.375 12.9576 -154.869 18.8341
-155.289 13.2664 -151.782 19.0995
-152.154 13.4772 -148.635 19.2539
-148.979 13.5344 -145.439 19.3111
-145.756 13.4495 -142.235 19.2511
-142.513 13.324 -139.001 19.0778
-139.219 13.2641 -135.727 18.9571
-135.872 13.2352 -132.435 18.8598
-132.469 13.238 -129.06 18.8236
-128.999 13.2502 -125.554 18.8147
-125.452 13.248 -122.055 18.7786
-121.822 13.2242 -118.469 18.7693
-118.143 13.1971 -114.81 18.7329
-114.366 13.1954 -111.118 18.7048
-110.549 13.203 -107.342 18.6701
-106.721 13.235 -103.576 18.6755
-102.856 13.2377 -99.7398 18.618
-99.052 13.3443 -95.893 18.5544
-95.2376 13.4448 -92.1481 18.5502
-91.4196 13.5301 -88.3117 18.5397
-87.6191 13.6743 -84.4962 18.5647
-83.8254 13.8122 -80.7788 18.5958
-80.045 13.9412 -77.0295 18.5985
-76.2629 14.0642 -73.2525 18.6633
-72.5272 14.1697 -69.5621 18.691
-68.7601 14.3149 -65.8818 18.7143
-65.042 14.4483 -62.2466 18.7776
-61.4095 14.5975 -58.5968 18.8382
-57.8128 14.7529 -55.0055 18.9015
-54.2721 14.9167 -51.4152 18.9769
-50.8632 15.1117 -47.9411 19.0339
-47.4569 15.289 -44.4539 19.0993
-44.0959 15.4539 -41.0701 19.1706
-40.8634 15.6115 -37.7917 19.2456
-37.7793 15.7689 -34.6153 19.3003
-34.8785 16.0016 -31.6566 19.3782
-32.1086 16.2243 -28.8453 19.4578
-29.4177 16.3367 -26.144 19.5162
-26.8648 16.3774 -23.6139 19.5194
-24.5693 16.4539 -21.2579 19.4956
-22.4959 16.5031 -19.1012 19.476
-20.582 16.5197 -17.1488 19.415
-18.8462 16.5082 -15.4468 19.3635
-17.329 16.4823 -13.8917 19.3449
-16.0375 16.4755 -12.4845 19.3063
-14.9561 16.5152 -11.3096 19.3497
-14.0178 16.6039 -10.3055 19.386
-13.1256 16.7459 -9.38737 19.5333
-12.2772 17.0186 -8.54763 19.7704
-11.5187 17.3878 -7.76466 20.1182
-10.7939 17.8531 -7.0145 20.5754
-10.0237 18.4518 -6.22003 21.1608
-9.26687 19.25 -5.44324 21.9409
-8.49998 20.2303 -4.68316 22.946
-7.71447 21.4488 -3.94976 24.1796
-6.94385 22.8998 -3.19173 25.6662
-6.20942 24.6309 -2.48368 27.4218
-5.58062 26.6368 -1.88365 29.4806
-5.10072 28.9385 -1.41597 31.8262
-4.83229 31.5403 -1.09655 34.4229
-4.75281 34.3277 -1.00668 37.2331
-4.79902 37.3351 -1.06442 40.2242
-4.91194 40.4995 -1.16735 43.4365
-5.09038 43.7008 -1.31694 46.6472
-5.27659 46.9041 -1.44695 49.8396
-5.46434 50.1267 -1.57296 53.0504
-5.70174 53.3484 -1.69835 56.2422
-5.92628 56.5668 -1.82677 59.3948
-6.14972 59.7476 -1.91669 62.5863
-6.32619 62.8533 -2.01055 65.6467
-6.45059 65.8153 -2.07668 68.5851
-6.55802 68.6332 -2.14711 71.3954
-6.62523 71.2796 -2.21491 74.0749
-6.65551 73.7498 -2.26323 76.5333
-6.68446 75.9951 -2.31125 78.7596
-6.65235 77.9879 -2.32615 80.7422
-6.50881 79.715 -2.22415 82.4639
-6.21368 81.1579 -1.97 83.9399
-5.72962 82.3905 -1.54295 85.162
-5.16124 83.4352 -1.0034 86.1978
-4.54265 84.2529 -0.378156 87.0496
-3.86611 84.8846 0.2582 87.6816
-3.26244 85.3117 0.846716 88.1007
-2.77988 85.6082 1.29911 88.4141
-2.29293 85.8554 1.75279 88.6742
-1.73789 86.0252 2.2454 88.881
-1.12712 86.1474 2.75228 89.0289
-0.518659 86.2513 3.26632 89.1441
0.0982828 86.3544 3.7959 89.2668
0.701588 86.4274 4.351 89.3328
1.30643 86.4942 4.91234 89.3906
1.8817 86.5444 5.47302 89.4468
2.48205 86.5712 6.04663 89.4611
3.08164 86.6015 6.6387 89.4963
3.76115 86.6254 7.31422 89.5142
4.61979 86.697 8.14254 89.5765
5.59133 86.7709 9.06449 89.6307
6.60844 86.8444 10.0772 89.6956
7.63402 86.9014 11.1419 89.7483
8.71111 86.9585 12.2813 89.7875
9.83278 87.0097 13.4303 89.8111
11.0076 87.0115 14.5968 89.8151
12.2754 86.9651 15.8089 89.7668
13.6263 86.9182 17.0885 89.7164
15.07 86.8252 18.4728 89.63
16.6153 86.7852 19.9499 89.5981
18.2818 86.8777 21.563 89.7044
20.0478 87.082 23.2897 89.8974
21.9006 87.2857 25.1187 90.0803
23.8632 87.4752 27.0914 90.2094
25.902 87.5919 29.1419 90.2753
28.0106 87.6438 31.2843 90.3215
30.1617 87.6662 33.417 90.3547
32.3201 87.6642 35.5788 90.3664
34.4576 87.6598 37.6965 90.3602
36.6058 87.6719 39.8691 90.3628
38.7308 87.6934 41.9863 90.3757
40.8455 87.7302 44.1134 90.398
42.9178 87.7802 46.1773 90.4376
44.9828 87.855 48.2669 90.4938
47.0291 87.9341 50.3009 90.554
49.0885 87.9881 52.4139 90.5958
51.1312 88.0467 54.4636 90.6276
53.1789 88.0887 56.4957 90.6547
55.2287 88.1319 58.5275 90.687
57.2573 88.1899 60.5445 90.7333
59.2842 88.2314 62.5621 90.7737
61.3079 88.2681 64.6041 90.8055
63.3335 88.3132 66.638 90.8315
65.3836 88.354 68.6261 90.8674
67.4465 88.392 70.6791 90.9022
69.4831 88.4322 72.6901 90.9434
71.5512 88.437 74.7617 90.9719
73.5903 88.4498 76.7799 91.0008
75.6424 88.4475 78.8005 91.0183
77.6756 88.4548 80.8105 91.0392
79.7058 88.461 82.8088 91.0558
81.744 88.4803 84.8401 91.0667
83.7746 88.5114 86.8744 91.1008
85.7993 88.5571 88.888 91.1341
87.8044 88.6012 90.9205 91.1531
89.8069 88.6436 92.9444 91.1873
91.8034 88.7048 94.957 91.224
93.754 88.7381 96.9343 91.2486
95.6705 88.7904 98.8633 91.2752
97.5384 88.822 100.774 91.27
99.323 88.8597 102.569 91.2885
100.955 88.8568 104.21 91.2815
102.409 88.885 105.667 91.3103
103.66 88.873 106.967 91.2822
104.773 88.8633 108.097 91.2785
105.718 88.8445 109.072 91.2641
106.476 88.8453 109.861 91.2747
107.081 88.836 110.455 91.2861
107.6 88.8635 110.935 91.3362
108.076 88.9669 111.41 91.4344
108.507 89.1617 111.85 91.6422
108.888 89.4296 112.24 91.9143
109.268 89.7529 112.625 92.2477
109.65 90.1817 113.018 92.683
110.008 90.6837 113.387 93.1842
110.332 91.2624 113.74 93.7964
110.663 91.9582 114.085 94.4907
110.947 92.7508 114.401 95.2802
111.19 93.6499 114.679 96.1703
111.329 94.6763 114.842 97.1919
111.382 95.8344 114.932 98.3428
111.376 97.1567 114.968 99.6485
111.321 98.7121 115.015 101.147
111.179 100.499 115.027 102.836
111.053 102.454 115.033 104.702
110.953 104.574 115.044 106.759
110.848 106.868 115.044 108.983
110.729 109.312 115.023 111.371
110.605 111.878 114.979 113.944
110.451 114.521 114.903 116.584
110.254 117.24 114.785 119.302
110.056 119.971 114.658 122.052
109.856 122.687 114.521 124.763
109.666 125.388 114.395 127.476
109.502 128.078 114.294 130.183
109.371 130.753 114.231 132.853
109.256 133.407 114.183 135.519
109.149 136.007 114.147 138.046
109.039 138.439 114.096 140.49
108.947 140.687 114.051 142.74
108.848 142.714 114.006 144.713
108.76 144.486 113.963 146.456
108.69 146.045 113.921 148.013
108.716 147.402 113.889 149.385
108.828 148.54 113.871 150.554
108.921 149.485 113.884 151.529
109.007 150.284 113.902 152.328
109.05 151.027 113.933 153.086
109.11 151.749 113.968 153.819
109.24 152.403 113.996 154.533
109.344 153.098 114.03 155.271
109.453 153.934 114.074 156.145
109.521 154.936 114.086 157.172
109.584 156.073 114.11 158.325
109.645 157.329 114.136 159.593
109.668 158.738 114.125 161.016
109.715 160.312 114.154 162.602
109.696 162.089 114.152 164.358
109.649 164.032 114.153 166.288
109.639 166.109 114.14 168.378
109.633 168.34 114.112 170.593
109.613 170.711 114.082 172.964
109.583 173.21 114.054 175.433
109.553 175.81 114.015 178.046
109.534 178.5 113.988 180.724
109.536 181.237 113.989 183.458
109.577 183.941 113.982 186.167
109.589 186.636 113.971 188.886
109.628 189.311 113.961 191.561
109.659 191.927 113.918 194.208
109.63 194.43 113.823 196.717
109.575 196.783 113.721 199.103
109.515 198.966 113.63 201.262
109.471 200.971 113.552 203.26
109.449 202.821 113.493 205.117
109.449 204.602 113.466 206.91
109.488 206.354 113.478 208.646
109.546 208.062 113.503 210.379
109.61 209.709 113.54 212.015
109.672 211.263 113.562 213.567
109.706 212.702 113.556 214.984
109.734 214.084 113.537 216.357
109.731 215.443 113.497 217.718
109.707 216.764 113.431 219.029
109.7 218.051 113.386 220.313
109.687 219.347 113.338 221.611
109.663 220.745 113.309 222.984
109.624 222.182 113.262 224.408
109.633 223.69 113.259 225.91
109.598 225.286 113.206 227.506
109.57 226.964 113.159 229.186
109.44 228.724 113.028 230.945
109.201 230.57 112.81 232.799
108.84 232.5 112.481 234.744
108.453 234.508 112.117 236.759
108.103 236.603 111.794 238.859
107.82 238.783 111.535 241.045
107.625 241.068 111.359 243.404
107.501 243.44 111.241 245.697
107.404 245.878 111.172 248.162
107.333 248.416 111.123 250.669
107.257 251.021 111.059 253.313
107.177 253.625 110.985 255.882
107.086 256.217 110.906 258.479
106.99 258.788 110.819 261.038
106.889 261.346 110.721 263.609
106.804 263.853 110.639 266.094
106.757 266.257 110.566 268.497
106.737 268.496 110.506 270.733
106.721 270.543 110.464 272.814
106.665 272.451 110.413 274.74
106.602 274.232 110.373 276.533
106.541 275.936 110.335 278.199
106.49 277.549 110.317 279.808
106.431 279.024 110.319 281.26
106.436 280.326 110.372 282.569
106.526 281.483 110.479 283.717
106.691 282.5 110.655 284.724
106.934 283.394 110.909 285.601
107.265 284.175 111.202 286.38
107.615 284.885 111.55 287.136
108.053 285.553 111.972 287.813
108.564 286.162 112.442 288.443
109.134 286.815 113.001 289.122
109.716 287.521 113.59 289.817
110.122 288.203 114.05 290.482
110.422 288.82 114.382 291.091
110.587 289.418 114.604 291.692
110.618 290.064 114.684 292.297
110.519 290.708 114.662 292.883
110.371 291.314 114.562 293.479
110.142 291.925 114.397 294.058
109.837 292.549 114.125 294.648
109.496 293.15 113.786 295.246
109.127 293.786 113.444 295.882
108.698 294.485 113.028 296.564
108.257 295.314 112.61 297.376
107.818 296.219 112.196 298.289
107.428 297.304 111.833 299.362
107.065 298.537 111.497 300.606
106.761 299.883 111.222 301.963
106.505 301.404 110.987 303.51
106.275 303.166 110.773 305.282
106.086 305.101 110.596 307.188
105.832 307.215 110.383 309.288
105.631 309.512 110.2 311.568
105.511 311.925 110.063 313.99
105.445 314.491 110.016 316.558
105.421 317.133 109.983 319.185
105.443 319.874 109.989 321.93
105.446 322.692 109.985 324.788
105.418 325.55 109.938 327.656
105.395 328.464 109.91 330.567
105.364 331.395 109.883 333.489
105.291 334.292 109.829 336.393
105.22 337.192 109.762 339.29
105.144 340.052 109.696 342.136
105.075 342.868 109.606 344.953
105.009 345.616 109.494 347.691
104.963 348.184 109.365 350.314
104.902 350.569 109.26 352.748
104.817 352.734 109.182 354.943
104.677 354.661 109.111 356.898
104.615 356.352 109.081 358.604
104.604 357.799 109.104 360.065
104.701 359.026 109.212 361.318
104.891 360.124 109.413 362.438
105.193 361.14 109.705 363.484
105.584 362.034 110.099 364.442
106.095 362.891 110.605 365.304
106.699 363.652 111.217 366.074
107.414 364.338 111.955 366.767
108.207 364.984 112.778 367.505
109.274 365.625 113.862 368.177
110.518 366.322 115.09 368.87
111.969 367.023 116.568 369.588
113.629 367.645 118.228 370.217
115.503 368.146 120.111 370.716
117.563 368.47 122.186 371.076
119.826 368.664 124.452 371.275
122.238 368.733 126.866 371.353
124.813 368.744 129.445 371.377
127.51 368.75 132.141 371.388
130.334 368.743 134.955 371.415
133.296 368.738 137.929 371.442
136.384 368.77 140.99 371.47
139.555 368.816 144.164 371.535
142.817 368.904 147.402 371.63
146.129 369.028 150.683 371.747
149.484 369.138 154.037 371.878
152.891 369.31 157.426 371.995
156.306 369.518 160.848 372.125
159.737 369.684 164.272 372.209
163.199 369.812 167.722 372.304
166.695 369.93 171.234 372.403
170.207 370.046 174.763 372.516
173.772 370.157 178.292 372.624
177.361 370.267 181.887 372.777
180.975 370.367 185.489 372.912
184.518 370.493 189.084 373.037
188.058 370.608 192.65 373.17
191.65 370.691 196.208 373.296
195.256 370.767 199.796 373.446
198.85 370.86 203.307 373.579
202.381 370.946 206.825 373.683
205.846 371.042 210.308 373.774
209.283 371.14 213.731 373.865
212.668 371.264 217.093 373.979
216.064 371.406 220.462 374.09
219.482 371.543 223.843 374.215
222.884 371.678 227.21 374.328
226.298 371.815 230.603 374.444
229.736 371.946 233.972 374.575
233.194 372.081 237.383 374.713
236.65 372.202 240.812 374.803
240.111 372.286 244.231 374.907
243.564 372.362 247.65 374.986
247.015 372.439 251.066 375.084
250.457 372.513 254.451 375.171
253.892 372.591 257.86 375.263
257.29 372.696 261.258 375.371
260.691 372.783 264.653 375.498
264.069 372.88 267.996 375.62
267.432 372.989 271.374 375.761
270.777 373.106 274.695 375.907
274.109 373.237 278.015 376.049
277.433 373.382 281.314 376.219
280.759 373.51 284.629 376.39
284.056 373.639 287.918 376.525
287.359 373.744 291.22 376.67
290.66 373.828 294.526 376.769
293.948 373.891 297.818 376.845
297.238 373.938 301.075 376.93
300.521 373.989 304.343 377.031
303.768 374.045 307.604 377.119
306.958 374.123 310.812 377.212
310.147 374.188 314.058 377.3
313.322 374.161 317.236 377.393
316.484 374.148 320.381 377.464
319.614 374.138 323.534 377.534
322.711 374.135 326.596 377.61
325.755 374.16 329.695 377.708
328.76 374.253 332.649 377.873
331.723 374.48 335.603 378.17
334.63 374.898 338.508 378.654
337.444 375.575 341.302 379.321
340.191 376.426 344.044 380.218
342.858 377.501 346.688 381.305
345.468 378.758 349.293 382.564
348.032 380.139 351.849 383.978
350.528 381.659 354.344 385.468
353.019 383.175 356.824 386.998
355.491 384.652 359.299 388.476
357.947 386.052 361.792 389.869
360.45 387.298 364.346 391.145
362.989 388.343 366.891 392.147
365.63 389.18 369.548 393.008
368.277 389.785 372.185 393.637
371 390.204 374.928 394.067
373.811 390.41 377.68 394.29
376.67 390.516 380.549 394.379
379.566 390.476 383.433 394.326
382.519 390.335 386.395 394.165
385.569 390.096 389.383 393.947
388.668 389.806 392.48 393.665
391.801 389.496 395.608 393.369
394.948 389.201 398.725 393.096
398.071 388.865 401.812 392.783
401.148 388.482 404.856 392.406
404.066 388.059 407.76 392.008
406.692 387.53 410.398 391.489
409 386.806 412.668 390.784
410.963 385.896 414.586 389.877
412.562 384.785 416.233 388.842
413.997 383.545 417.64 387.576
415.181 382.106 418.788 386.114
416.123 380.517 419.704 384.495
416.78 378.715 420.401 382.722
417.258 376.862 420.879 380.826
417.474 374.922 421.119 378.862
417.571 372.941 421.22 376.817
417.595 370.957 421.238 374.802
417.608 368.989 421.253 372.808
417.584 367.038 421.244 370.824
417.564 365.09 421.211 368.853
417.542 363.163 421.186 366.897
417.538 361.254 421.175 364.989
417.529 359.369 421.151 363.076
417.528 357.497 421.149 361.177
417.533 355.637 421.135 359.294
417.535 353.779 421.133 357.406
417.572 351.871 421.138 355.503
417.625 349.951 421.167 353.576
417.694 348.024 421.246 351.63
417.786 346.082 421.333 349.66
417.909 344.103 421.457 347.669
418.016 342.077 421.564 345.62
418.081 339.965 421.615 343.494
418.09 337.761 421.611 341.28
418.051 335.424 421.562 338.92
417.958 332.974 421.465 336.452
417.86 330.443 421.32 333.906
417.713 327.892 421.112 331.322
417.483 325.34 420.818 328.755
417.033 322.796 420.406 326.216
416.342 320.296 419.802 323.707
415.5 317.847 419.012 321.24
414.502 315.486 418.042 318.895
413.318 313.202 416.895 316.595
412.033 310.983 415.623 314.351
410.705 308.826 414.317 312.189
409.333 306.723 412.953 310.063
407.939 304.69 411.576 308.01
406.473 302.693 410.118 305.992
404.955 300.72 408.615 303.994
403.422 298.744 407.101 301.984
401.884 296.709 405.574 299.917
400.392 294.64 404.113 297.862
398.848 292.569 402.703 295.746
397.412 290.464 401.38 293.613
396.057 288.363 400.073 291.471
394.718 286.28 398.794 289.338
393.408 284.21 397.528 287.242
392.117 282.094 396.287 285.173
390.835 279.983 395.057 283.042
389.58 277.838 393.815 280.849
388.345 275.666 392.626 278.66
387.12 273.483 391.438 276.477
385.876 271.265 390.227 274.264
384.628 269.049 389.02 272.025
383.382 266.843 387.816 269.815
382.126 264.656 386.588 267.597
380.854 262.504 385.357 265.404
379.661 260.395 384.106 263.31
378.447 258.284 382.84 261.234
377.135 256.232 381.542 259.161
375.83 254.204 380.296 257.168
374.666 252.142 379.048 255.174
373.467 250.09 377.802 253.179
372.26 248.017 376.49 251.126
371.007 245.9 375.176 249.083
369.693 243.723 373.786 246.921
368.315 241.49 372.368 244.744
366.888 239.204 370.927 242.495
365.461 236.869 369.447 240.19
364.013 234.51 367.959 237.835
362.53 232.104 366.493 235.441
361.127 229.647 365.021 233.019
359.661 227.165 363.522 230.511
358.173 224.665 362.027 228.046
356.667 222.124 360.522 225.627
355.094 219.563 358.874 223.085
353.424 216.994 357.216 220.58
351.712 214.401 355.44 217.921
349.976 211.758 353.707 215.321
348.217 209.054 351.93 212.612
346.44 206.296 350.161 209.905
344.719 203.491 348.371 207.121
343.049 200.668 346.621 204.367
341.324 197.881 344.835 201.558
339.569 195.094 343.074 198.756
337.853 192.287 341.359 195.969
336.195 189.467 339.634 193.153
334.505 186.644 337.921 190.321
332.81 183.813 336.227 187.49
331.136 180.975 334.535 184.643
329.491 178.149 332.879 181.849
327.933 175.42 331.262 179.119
326.471 172.833 329.753 176.538
325.095 170.445 328.36 174.147
323.762 168.206 327.031 171.896
322.412 165.997 325.665 169.674
321.011 163.835 324.274 167.484
319.642 161.679 322.929 165.32
318.296 159.472 321.627 163.143
316.952 157.229 320.296 160.896
315.589 154.961 318.956 158.635
314.136 152.693 317.58 156.346
312.632 150.387 316.131 154.017
311.148 148.012 314.695 151.65
309.613 145.58 313.214 149.212
308.017 143.109 311.69 146.707
306.331 140.598 310.065 144.167
304.564 138.076 308.444 141.637
302.797 135.509 306.756 139.006
300.997 132.894 305.038 136.316
299.223 130.219 303.309 133.58
297.437 127.496 301.578 130.838
295.655 124.726 299.887 128.129
293.887 121.905 298.125 125.276
292.107 119.015 296.308 122.333
290.286 116.097 294.556 119.456
288.486 113.135 292.76 116.505
286.686 110.205 290.964 113.56
284.894 107.269 289.146 110.594
283.126 104.35 287.339 107.668
281.355 101.454 285.606 104.828
279.594 98.5937 283.843 101.945
277.854 95.7823 282.112 99.1139
276.123 93.0151 280.396 96.3045
274.407 90.2946 278.698 93.5256
272.693 87.6206 277.014 90.8539
270.986 84.9908 275.363 88.2215
269.325 82.3706 273.695 85.6112
267.721 79.7614 272.161 83.1064
266.125 77.1878 270.54 80.5073
264.543 74.6501 268.926 77.9145
262.986 72.1461 267.415 75.4819
261.442 69.6721 265.929 73.0412
259.914 67.2289 264.418 70.5978
258.305 64.8845 262.955 68.1657
256.746 62.5662 261.513 65.764
255.295 60.2347 260.137 63.3537
253.998 57.8593 258.952 60.9583
252.911 55.4136 257.923 58.447
252.071 52.9184 257.187 55.9538
251.456 50.3795 256.655 53.4114
251.102 47.849 256.345 50.8605
250.932 45.3623 256.228 48.334
250.859 42.9704 256.212 45.9082
250.881 40.7031 256.215 43.5911
250.86 38.5296 256.174 41.3625
250.643 36.4222 255.985 39.2258
250.22 34.4315 255.583 37.2234
249.55 32.5224 254.93 35.3064
248.682 30.8059 254.079 33.5635
247.595 29.2962 252.966 31.9984
246.326 27.9868 251.679 30.642
244.807 26.8705 250.205 29.5182
243.208 26.0462 248.613 28.6428
241.618 25.512 247.016 28.0639
240.183 25.2447 245.589 27.7813
238.935 25.1827 244.327 27.6765
237.834 25.3064 243.227 27.7727
236.751 25.5474 242.184 28.0254
235.82 26.015 241.257 28.4699
235.019 26.634 240.433 29.0383
234.322 27.3804 239.736 29.7673
233.665 28.27 239.12 30.6732
233.152 29.3702 238.614 31.76
232.718 30.6238 238.171 32.9846
232.381 32.0261 237.85 34.3578
232.146 33.5639 237.609 35.8761
231.97 35.2309 237.44 37.527
231.824 37.0574 237.286 39.3411
231.712 38.9718 237.169 41.2561
231.614 41.0547 237.049 43.2817
231.5 43.2654 236.915 45.4528
231.399 45.5764 236.788 47.7593
231.32 47.958 236.674 50.1437
231.245 50.4551 236.577 52.6216
231.18 53.0457 236.503 55.1606
231.113 55.7346 236.4 57.8608
231.018 58.532 236.317 60.6277
230.923 61.4683 236.233 63.5664
230.782 64.3864 236.132 66.3212
230.554 67.3012 235.934 69.2512
230.383 70.2794 235.764 72.1907
230.252 73.2658 235.608 75.1758
230.117 76.2792 235.465 78.1574
229.964 79.299 235.285 81.2059
229.813 82.3509 235.126 84.256
229.64 85.3617 234.966 87.2724
229.508 88.3724 234.814 90.3401
229.396 91.4042 234.695 93.3208
229.226 94.3904 234.518 96.234
229.043 97.3836 234.323 99.1841
228.916 100.421 234.182 102.219
228.777 103.43 234.025 105.23
228.62 106.515 233.846 108.299
228.493 109.618 233.7 111.407
228.345 112.766 233.544 114.517
228.262 115.954 233.387 117.712
228.174 119.124 233.242 120.841
228.063 122.3 233.093 123.973
227.924 125.439 232.909 127.131
227.8 128.526 232.737 130.194
227.652 131.598 232.56 133.277
227.535 134.639 232.397 136.302
227.42 137.638 232.237 139.291
227.314 140.648 232.089 142.32
227.209 143.552 231.926 145.23
227.067 146.491 231.738 148.171
226.959 149.421 231.587 151.032
226.876 152.286 231.469 153.892
226.801 155.135 231.346 156.695
226.732 157.929 231.227 159.486
226.671 160.677 231.114 162.225
226.582 163.434 230.979 164.96
226.485 166.141 230.835 167.665
226.397 168.835 230.699 170.345
226.292 171.503 230.542 173.009
226.194 174.156 230.383 175.667
226.098 176.846 230.228 178.33
226.004 179.603 230.09 181.068
225.899 182.37 229.952 183.816
225.79 185.147 229.811 186.552
225.666 187.882 229.663 189.292
225.56 190.597 229.539 191.967
225.451 193.273 229.402 194.674
225.344 195.959 229.276 197.376
225.255 198.651 229.171 200.043
225.193 201.335 229.075 202.696
225.127 204.007 228.979 205.288
225.066 206.635 228.881 207.92
225.011 209.237 228.794 210.445
224.943 211.826 228.696 213.071
224.891 214.4 228.614 215.581
224.851 216.936 228.543 218.107
224.575 219.362 228.47 220.567
224.296 221.837 228.386 223.056
224.077 224.336 228.329 225.597
223.913 226.902 228.274 228.17
223.742 229.522 228.182 230.819
223.607 232.177 228.103 233.46
223.385 235.003 227.974 236.192
223.16 237.809 227.809 238.971
222.961 240.675 227.658 241.815
222.792 243.535 227.521 244.65
222.589 246.352 227.371 247.419
222.381 249.17 227.228 250.167
222.221 251.92 227.115 252.931
222.08 254.673 227.017 255.654
221.957 257.368 226.93 258.318
221.829 260.047 226.845 260.901
221.693 262.647 226.722 263.555
221.569 265.262 226.627 266.195
221.46 267.84 226.545 268.791
221.336 270.382 226.454 271.322
221.19 272.766 226.33 273.748
221.088 275.002 226.239 275.943
221.026 277.046 226.195 277.977
221.049 278.872 226.24 279.742
221.13 280.543 226.319 281.408
221.22 282.1 226.432 282.936
221.344 283.572 226.581 284.397
221.383 284.983 226.645 285.781
221.427 286.297 226.732 287.073
221.355 287.505 226.687 288.255
221.243 288.626 226.612 289.349
221.037 289.679 226.427 290.4
220.706 290.652 226.113 291.362
220.342 291.553 225.76 292.267
219.854 292.365 225.292 293.102
219.27 293.213 224.727 293.956
218.538 294.065 224.005 294.807
217.687 294.89 223.142 295.644
216.658 295.681 222.118 296.434
215.445 296.4 220.905 297.115
214.043 296.981 219.514 297.683
212.393 297.367 217.901 298.063
210.497 297.523 216.04 298.281
208.423 297.551 213.995 298.322
206.131 297.483 211.723 298.272
203.651 297.386 209.262 298.218
200.976 297.311 206.624 298.186
198.089 297.235 203.782 298.152
194.998 297.17 200.695 298.142
191.702 297.088 197.43 298.112
188.259 296.973 193.975 298.071
184.688 296.837 190.457 298.005
180.991 296.698 186.75 297.933
177.262 296.546 183.059 297.85
173.558 296.375 179.327 297.748
169.919 296.278 175.637 297.644
166.317 296.216 171.943 297.543
162.711 296.177 168.311 297.438
159.135 296.12 164.667 297.333
155.571 296.038 161.053 297.225
152.008 295.961 157.431 297.122
148.468 295.873 153.878 297.028
144.947 295.785 150.335 296.937
141.444 295.698 146.809 296.834
137.976 295.609 143.332 296.753
134.475 295.536 139.846 296.651
131.021 295.387 136.458 296.536
127.585 295.185 133.009 296.338
124.194 294.919 129.589 296.084
120.833 294.569 126.245 295.768
117.524 294.148 122.945 295.362
114.277 293.717 119.706 294.956
111.044 293.263 116.491 294.521
107.875 292.82 113.315 294.096
104.689 292.433 110.103 293.729
101.526 292.113 106.941 293.392
98.3207 291.868 103.712 293.153
95.0757 291.698 100.455 293.013
91.7816 291.601 97.1361 292.943
88.4617 291.51 93.7687 292.898
85.094 291.416 90.3769 292.855
81.6725 291.325 86.9526 292.814
78.2236 291.217 83.5127 292.758
74.7664 291.107 80.0501 292.689
71.3442 290.985 76.5932 292.585
67.9419 290.873 73.2242 292.492
64.5746 290.766 69.8649 292.407
61.2464 290.656 66.5774 292.316
57.9444 290.556 63.3064 292.22
54.6885 290.464 60.0943 292.148
51.4652 290.375 56.8546 292.055
48.2504 290.299 53.6721 291.984
45.0501 290.226 50.4591 291.918
41.8753 290.158 47.3412 291.844
38.7115 290.079 44.26 291.786
35.5787 289.999 41.1369 291.711
32.468 289.919 38.0355 291.645
29.399 289.856 35.0089 291.589
26.3744 289.806 31.9557 291.544
23.4662 289.754 29.1139 291.526
20.7033 289.696 26.4218 291.491
18.0656 289.632 23.8018 291.431
15.5451 289.574 21.2921 291.382
13.1479 289.52 18.9097 291.342
10.888 289.488 16.6762 291.334
8.79307 289.52 14.5804 291.386
6.88382 289.607 12.6819 291.511
5.08284 289.771 10.8694 291.673
3.36077 289.989 9.15125 291.91
1.69344 290.246 7.48919 292.186
0.0817619 290.524 5.87544 292.475
-1.45404 290.825 4.36229 292.778
-2.91214 291.154 2.92383 293.101
-4.26383 291.496 1.57949 293.451
-5.46963 291.865 0.390479 293.804
-6.5618 292.25 -0.6818 294.215
-7.56733 292.72 -1.66628 294.663
-8.25085 293.151 -2.34297 295.091
-8.61556 293.415 -2.70222 295.359
-8.70138 293.498 -2.79015 295.448
-8.67782 293.476 -2.76677 295.411
-8.67069 293.481 -2.76742 295.409
-8.66047 293.477 -2.77257 295.409
-8.6517 293.469 -2.77446 295.412
-8.64383 293.46 -2.76723 295.415
-8.65193 293.468 -2.7833 295.434
-8.68785 293.502 -2.8269 295.467
-8.76211 293.57 -2.90345 295.545
-8.92049 293.731 -3.0698 295.72
-9.16968 294.008 -3.32132 296.007
-9.5061 294.395 -3.66423 296.435
-9.95865 294.935 -4.1106 296.999
-10.5205 295.676 -4.67273 297.746
-11.1175 296.668 -5.25664 298.742
-11.7085 297.866 -5.84198 299.99
-12.2376 299.339 -6.36428 301.457
-12.6833 301.018 -6.79542 303.131
-13.0706 302.865 -7.18065 304.98
-13.3687 304.91 -7.47895 307.027
-13.5656 307.103 -7.67536 309.252
-13.7225 309.484 -7.83225 311.612
