-5.55112e-17 2.22045e-16 0 -2.98023e-08
0.00203758 3.94173 -0.0158957 3.9369
0.00757102 7.90877 -0.0435135 7.90492
0.00678092 11.9043 -0.0916671 11.8786
-0.00585175 15.9307 -0.143837 15.9052
0.00500609 19.9867 -0.181605 19.9674
-0.00736932 24.0721 -0.139893 24.0563
0.00196227 28.1947 -0.186882 28.1871
0.00682708 32.3353 -0.199214 32.3547
0.0121194 36.5079 -0.208401 36.4491
0.0194295 40.7044 -0.190244 40.7263
0.0262236 44.9282 -0.224523 44.9159
0.0335922 49.1796 -0.254996 49.129
0.0253698 53.4572 -0.280695 53.3817
0.0132291 57.7455 -0.32669 57.6552
0.00276421 62.028 -0.367417 61.9365
-0.00595393 66.2894 -0.391743 66.3233
-0.0270227 70.53 -0.446702 70.5098
-0.0467759 74.7424 -0.475516 74.79
-0.0528733 78.935 -0.502307 78.9885
-0.0483881 83.0972 -0.513888 83.1401
-0.0751804 87.2502 -0.539146 87.3238
-0.111047 91.3752 -0.569446 91.5099
-0.169705 95.4608 -0.604595 95.7974
-0.234406 99.5151 -0.642507 99.948
-0.28676 103.546 -0.685027 103.986
-0.334309 107.565 -0.714727 107.982
-0.394315 111.577 -0.740858 112.075
-0.42959 115.56 -0.764022 115.905
-0.430614 119.561 -0.776808 119.983
-0.456074 123.624 -0.781219 123.988
-0.47085 127.692 -0.76325 127.984
-0.470125 131.756 -0.726442 132.008
-0.46612 135.815 -0.69468 136.076
-0.464181 139.863 -0.657199 140.072
-0.474702 143.91 -0.630813 144.116
-0.484415 147.954 -0.605134 148.326
-0.497985 151.992 -0.583326 152.412
-0.518837 156.033 -0.585484 156.449
-0.490889 160.079 -0.579216 160.457
-0.47678 164.13 -0.568367 164.539
-0.449484 168.2 -0.576302 168.618
-0.411154 172.284 -0.581397 172.776
-0.358878 176.409 -0.588231 176.896
-0.313655 180.542 -0.588888 181.384
-0.318656 184.704 -0.612819 185.823
-0.308933 188.9 -0.636497 190.045
-0.300756 193.121 -0.63911 194.389
-0.295505 197.381 -0.624027 198.646
-0.332199 201.657 -0.641336 202.959
-0.348136 205.97 -0.653838 207.134
-0.342964 210.323 -0.646925 211.663
-0.357581 214.714 -0.649437 216.015
-0.360488 219.142 -0.652583 220.531
-0.375507 223.589 -0.662919 224.971
-0.378527 228.06 -0.683016 229.551
-0.37457 232.542 -0.695524 234.154
-0.378408 237.045 -0.704304 238.59
-0.382092 241.571 -0.719864 243.009
-0.377078 246.123 -0.730157 247.589
-0.365894 250.696 -0.726259 252.2
-0.356528 255.288 -0.719274 256.788
-0.3408 259.9 -0.726104 261.382
-0.325374 264.511 -0.707039 266.005
-0.317394 269.138 -0.70326 270.683
-0.31404 273.765 -0.69038 275.429
-0.306203 278.395 -0.675608 280.01
-0.27649 283.05 -0.609242 284.605
-0.230158 287.7 -0.540564 289.311
-0.192693 292.369 -0.504887 294.026
-0.168171 297.072 -0.470691 298.681
-0.143657 301.821 -0.369498 303.41
-0.111308 306.609 -0.35508 308.326
-0.0932494 311.433 -0.277746 313.171
-0.107981 316.295 -0.247196 318.024
-0.10397 321.182 -0.220466 322.918
-0.0964844 326.068 -0.216983 327.857
-0.0744272 330.951 -0.190516 332.754
-0.0543496 335.802 -0.1439 337.67
-0.0425701 340.629 -0.147954 342.52
-0.0351466 345.453 -0.117221 347.431
-0.0415633 350.253 -0.146777 352.206
-0.0750661 355.038 -0.1316 356.944
-0.109101 359.812 -0.164041 361.764
-0.141995 364.587 -0.155463 366.555
-0.185891 369.387 -0.192789 371.345
-0.237813 374.225 -0.198912 376.186
-0.270401 378.993 -0.196965 381
-0.296087 383.841 -0.209192 385.836
-0.316454 388.686 -0.190258 390.792
-0.32379 393.558 -0.143926 395.619
