0 2.22045e-16 -4.65661e-10 -2.98023e-08
-0.0418032 3.57563 -0.0126099 3.62587
-0.0836255 7.15277 -0.0156859 7.23493
-0.125431 10.7283 -0.0247136 10.8536
-0.167141 14.3035 -0.0552161 14.4359
-0.208176 17.881 -0.117824 18.0225
-0.253156 21.4647 -0.154087 21.5895
-0.307115 25.0468 -0.259399 25.1988
-0.367799 28.6371 -0.327712 28.7118
-0.435716 32.2319 -0.374955 32.4117
-0.509819 35.8126 -0.489828 35.9714
-0.590462 39.4055 -0.577685 39.5889
-0.675668 42.9959 -0.689043 43.1738
-0.761728 46.5961 -0.770135 46.7679
-0.822002 50.2035 -0.884024 50.409
-0.875378 53.8112 -0.949515 54.051
-0.933231 57.4278 -1.00658 57.682
-1.00672 61.0421 -1.14441 61.3193
-1.07847 64.6476 -1.24555 64.9278
-1.15768 68.2411 -1.33411 68.426
-1.24323 71.816 -1.40081 72.0791
-1.31025 75.3655 -1.52132 75.5732
-1.33795 78.8946 -1.57868 79.1203
-1.33565 82.3991 -1.65693 82.714
-1.29299 85.877 -1.62731 86.081
-1.21667 89.3334 -1.55522 89.5344
-1.10175 92.7913 -1.51426 92.956
-0.953966 96.2554 -1.45648 96.4008
-0.782045 99.7397 -1.37905 99.8796
-0.607718 103.279 -1.30175 103.438
-0.448327 106.867 -1.18435 107.064
-0.329075 110.492 -1.01549 110.75
-0.253779 114.143 -0.865723 114.463
-0.232571 117.812 -0.71864 118.169
-0.256232 121.501 -0.573113 121.853
-0.297015 125.224 -0.43078 125.619
-0.353204 128.97 -0.317106 129.336
-0.397623 132.734 -0.161618 133.1
-0.443887 136.523 0.000235504 136.956
-0.490815 140.331 0.173275 140.755
-0.550146 144.153 0.302897 144.614
-0.601569 147.961 0.474591 148.379
-0.649286 151.756 0.665282 152.199
-0.703475 155.553 0.803804 155.995
-0.75814 159.342 0.985518 159.798
-0.821014 163.126 1.1369 163.564
-0.891591 166.914 1.23351 167.486
-0.968255 170.705 1.40029 171.264
-1.05365 174.498 1.46575 175.138
-1.14094 178.289 1.54277 178.812
-1.22091 182.072 1.63658 182.645
-1.31192 185.843 1.71364 186.453
-1.40087 189.586 1.77493 190.268
-1.48235 193.303 1.81891 193.962
-1.54334 196.982 1.79727 197.606
-1.59323 200.619 1.88128 201.214
-1.62986 204.203 1.9609 204.882
-1.65597 207.709 2.02327 208.309
-1.68092 211.094 2.10295 211.704
-1.71766 214.345 2.1712 214.95
-1.7581 217.485 2.19478 218.143
-1.82019 220.495 2.19896 221.113
-1.9005 223.323 2.19578 223.965
-1.99932 225.946 2.18837 226.614
-2.11395 228.382 2.11559 229.078
-2.21517 230.658 2.11388 231.395
-2.30914 232.838 2.02629 233.614
-2.38958 234.992 1.99651 235.832
-2.45827 237.112 1.95018 238.002
-2.50154 239.2 1.98427 240.04
-2.5282 241.264 2.04823 242.104
-2.54339 243.356 2.14041 244.175
-2.54662 245.471 2.19956 246.343
-2.54206 247.636 2.27038 248.505
-2.54094 249.857 2.33112 250.788
-2.52947 252.145 2.40236 252.987
-2.52283 254.511 2.54295 255.509
-2.49585 256.93 2.63646 257.904
-2.42627 259.43 2.76274 260.478
-2.34791 261.94 2.86479 262.888
-2.24929 264.463 3.0336 265.588
-2.1206 266.989 3.19671 267.913
-1.97234 269.529 3.38586 270.593
-1.82945 272.089 3.57197 272.982
-1.70085 274.651 3.74266 275.647
-1.58558 277.204 3.90045 278.241
-1.48931 279.735 4.05001 280.795
-1.4319 282.203 4.16911 283.284
-1.41125 284.555 4.24888 285.45
-1.42342 286.744 4.26736 287.807
-1.47765 288.751 4.29247 289.678
-1.59716 290.628 4.22225 291.577
-1.83449 292.379 4.04268 293.315
-2.20954 293.998 3.69798 294.932
-2.73939 295.467 3.18149 296.427
-3.42557 296.783 2.48586 297.74
-4.26856 297.944 1.64967 298.896
-5.27032 298.869 0.659752 299.85
-6.40439 299.609 -0.439147 300.585
-7.62009 300.062 -1.63525 301.089
-8.84975 300.287 -2.87745 301.298
-10.1361 300.271 -4.14466 301.303
-11.4879 299.994 -5.48382 301.011
-12.8598 299.434 -6.8577 300.485
-14.2125 298.522 -8.19619 299.659
-15.5692 297.36 -9.57658 298.539
-16.9039 295.877 -10.9625 297.024
-18.1234 294.047 -12.2253 295.191
-19.2138 291.862 -13.3503 293.058
-20.1292 289.391 -14.3144 290.595
-20.8116 286.621 -15.0782 287.828
-21.2269 283.593 -15.5832 284.811
-21.3836 280.311 -15.819 281.461
-21.2898 276.829 -15.8189 277.915
-21.0019 273.207 -15.6768 274.251
-20.6659 269.428 -15.3489 270.578
-20.3459 265.51 -15.0817 266.647
-20.0709 261.517 -14.9083 262.635
-19.8553 257.511 -14.755 258.605
-19.7034 253.475 -14.7234 254.554
-19.6137 249.416 -14.6882 250.622
-19.5513 245.338 -14.7172 246.605
-19.5138 241.222 -14.7694 242.494
-19.481 237.073 -14.8063 238.182
-19.4304 232.893 -14.8472 233.819
-19.3556 228.688 -14.8895 229.619
-19.2882 224.454 -14.916 225.416
-19.2149 220.186 -14.9483 221.223
-19.1405 215.891 -14.9982 216.979
-19.0532 211.57 -15.0244 212.571
-18.9602 207.219 -15.044 208.244
-18.8648 202.832 -15.0553 203.897
-18.7808 198.44 -15.0822 199.44
-18.6972 194.056 -15.195 194.937
-18.6285 189.691 -15.1893 190.654
-18.5769 185.352 -15.2375 186.408
-18.5334 181.032 -15.3788 182.089
-18.5107 176.751 -15.4927 177.889
-18.5183 172.538 -15.5386 173.675
-18.5517 168.447 -15.6352 169.602
-18.605 164.539 -15.7536 165.662
-18.6621 160.837 -15.8688 162.078
-18.7171 157.36 -15.9655 158.594
-18.7623 154.117 -16.0593 155.327
-18.8044 151.111 -16.1941 152.286
-18.8377 148.339 -16.2376 149.546
-18.8628 145.754 -16.3382 146.909
-18.8863 143.302 -16.369 144.509
-18.9087 140.993 -16.428 142.229
-18.9268 138.765 -16.4437 140.028
-18.9546 136.621 -16.5263 137.926
-18.9791 134.517 -16.6182 135.778
-19.0039 132.429 -16.6744 133.677
-19.0117 130.377 -16.7344 131.618
-19.0297 128.287 -16.7989 129.564
-19.0409 126.09 -16.8302 127.395
-19.034 123.793 -16.8468 125.079
-19.0079 121.337 -16.8586 122.648
-18.9624 118.74 -16.8548 120.044
-18.8816 115.984 -16.8044 117.273
-18.7626 113.072 -16.7423 114.381
-18.5927 110.01 -16.654 111.308
-18.3897 106.797 -16.5141 108.074
-18.1873 103.411 -16.36 104.724
-17.972 99.8817 -16.1736 101.199
-17.7537 96.2085 -16.032 97.5551
-17.5437 92.3932 -15.8931 93.6996
-17.3507 88.4541 -15.7541 89.7513
-17.1883 84.3517 -15.6766 85.6428
-17.0483 80.1265 -15.5958 81.4116
-16.9389 75.7575 -15.5027 77.0517
-16.8449 71.3345 -15.4941 72.6425
-16.7792 66.9246 -15.4896 68.216
-16.7237 62.5225 -15.4816 63.8252
-16.6773 58.1185 -15.5563 59.4463
-16.6229 53.7352 -15.4861 55.049
-16.5545 49.3668 -15.4527 50.7604
-16.4783 45.0138 -15.4219 46.4223
-16.4018 40.6979 -15.4095 42.0895
-16.3325 36.3968 -15.3977 37.6857
-16.264 32.1247 -15.3906 33.3555
-16.2128 27.8676 -15.3488 29.0324
-16.1536 23.6461 -15.3495 24.8031
-16.1004 19.4725 -15.3688 20.6916
-16.0573 15.333 -15.3124 16.5855
-15.9999 11.2215 -15.2759 12.4303
-15.9576 7.1228 -15.2448 8.24065
-15.9259 3.03892 -15.2069 4.14463
-15.8712 -1.06317 -15.1626 0.0193
-15.8232 -5.19233 -15.1311 -4.19122
-15.7739 -9.35714 -15.1447 -8.26703
-15.7223 -13.5475 -15.1125 -12.5337
-15.6752 -17.7644 -15.0974 -16.8766
-15.6299 -22.0039 -15.0948 -21.0418
-15.5903 -26.2678 -15.0343 -25.2673
-15.5368 -30.5478 -15.0044 -29.4884
-15.4933 -34.82 -14.9563 -33.7847
-15.4441 -39.0822 -14.918 -37.9427
-15.3925 -43.3226 -14.8299 -42.2593
-15.3378 -47.5379 -14.7712 -46.454
-15.277 -51.7485 -14.7074 -50.654
-15.2177 -55.9495 -14.6716 -54.9454
-15.1701 -60.1507 -14.6182 -59.1488
-15.128 -64.3508 -14.6059 -63.3396
-15.0914 -68.5388 -14.575 -67.5237
-15.0644 -72.7084 -14.5759 -71.6568
-15.0308 -76.8564 -14.5524 -75.8367
-14.9793 -80.9536 -14.4982 -79.9515
-14.9247 -85.035 -14.465 -84.0272
-14.874 -89.0704 -14.4337 -88.0746
-14.8243 -93.0767 -14.389 -92.0619
-14.787 -97.0455 -14.3774 -96.0564
-14.7585 -100.984 -14.3607 -99.9831
-14.7396 -104.892 -14.3362 -103.871
-14.7282 -108.763 -14.3373 -107.72
-14.7248 -112.605 -14.3517 -111.593
-14.7178 -116.411 -14.3442 -115.385
-14.7098 -120.173 -14.3611 -119.187
-14.7005 -123.867 -14.3438 -122.893
-14.6985 -127.485 -14.347 -126.513
-14.7123 -131.009 -14.3879 -130.049
-14.7333 -134.417 -14.3868 -133.474
-14.7523 -137.654 -14.414 -136.733
-14.7736 -140.676 -14.4693 -139.759
-14.8084 -143.452 -14.4608 -142.507
-14.8188 -145.963 -14.5093 -145.089
-14.6882 -148.225 -14.3968 -147.278
-14.3642 -150.225 -14.0943 -149.292
-13.8334 -151.95 -13.584 -150.962
-13.0824 -153.424 -12.8583 -152.422
-12.0933 -154.666 -11.8527 -153.657
-10.9011 -155.63 -10.6702 -154.606
-9.56712 -156.278 -9.3448 -155.235
-8.1744 -156.635 -7.93996 -155.565
-6.73417 -156.651 -6.57324 -155.595
-5.26192 -156.394 -5.09842 -155.341
-3.83834 -155.808 -3.66296 -154.775
-2.48057 -154.891 -2.29608 -153.832
-1.26849 -153.64 -1.12218 -152.53
-0.226137 -152.061 -0.0702827 -151.003
0.552355 -150.217 0.731475 -149.187
1.04825 -148.113 1.20198 -147.112
1.3485 -145.76 1.49687 -144.726
1.46345 -143.198 1.60834 -142.217
1.47132 -140.451 1.61941 -139.522
1.49937 -137.518 1.67909 -136.544
1.5045 -134.422 1.66622 -133.481
1.49856 -131.16 1.67113 -130.239
1.47002 -127.744 1.62162 -126.818
1.43672 -124.185 1.60888 -123.261
1.41318 -120.492 1.60809 -119.562
1.40577 -116.657 1.63959 -115.739
1.38503 -112.695 1.61677 -111.731
1.33055 -108.593 1.59659 -107.672
1.25962 -104.368 1.54757 -103.374
1.17008 -100.008 1.46379 -98.9666
1.08927 -95.5157 1.40069 -94.5225
1.00915 -90.9823 1.33662 -89.896
0.939998 -86.4669 1.25022 -85.4583
0.883448 -81.9495 1.23278 -80.9359
0.838174 -77.4396 1.18197 -76.3787
0.800315 -72.9364 1.15987 -71.9699
0.745043 -68.4626 1.12787 -67.4881
0.694629 -64.0051 1.07359 -63.0436
0.637038 -59.5756 1.04251 -58.5784
0.557118 -55.1606 1.05323 -54.1626
0.456131 -50.7785 0.912557 -49.6653
0.362164 -46.418 0.824665 -45.3383
0.280628 -42.0791 0.733673 -40.9751
0.202969 -37.7625 0.675916 -36.6137
0.132669 -33.4638 0.556033 -32.3085
0.0848288 -29.194 0.520817 -28.0674
0.0525687 -24.9477 0.441863 -23.8257
0.0323287 -20.7384 0.424656 -19.5407
0.0251613 -16.5503 0.418763 -15.4028
0.0215879 -12.4038 0.432615 -11.3413
-0.000536566 -8.28514 0.418742 -7.17986
-0.0311414 -4.18329 0.368358 -3.08781
-0.0728973 -0.0907003 0.358752 1.04841
-0.117564 3.98804 0.312303 5.09823
-0.160177 8.05984 0.243646 9.21836
-0.208154 12.1232 0.16089 13.1644
-0.24822 16.1809 0.0717887 17.2567
-0.283357 20.2333 0.00191801 21.3708
-0.323376 24.2731 -0.0731078 25.3389
-0.367457 28.2931 -0.124794 29.4308
-0.413999 32.2825 -0.194645 33.3456
-0.451537 36.2434 -0.253519 37.267
-0.483912 40.1738 -0.31471 41.2651
-0.534623 44.076 -0.366156 45.1024
-0.599992 47.9611 -0.482124 49.0189
-0.674006 51.8104 -0.566868 52.7816
-0.762477 55.6295 -0.714299 56.7613
-0.859787 59.4341 -0.846718 60.501
-0.962179 63.2074 -0.936135 64.2831
-1.06865 66.9537 -1.11905 67.9906
-1.18816 70.6687 -1.2728 71.6775
-1.29346 74.3411 -1.38911 75.2939
-1.3594 77.8869 -1.52154 78.8592
-1.40295 81.2677 -1.65432 82.2849
-1.40264 84.5575 -1.64676 85.5563
-1.39133 87.8365 -1.71754 88.8773
-1.3724 91.0757 -1.78046 92.0215
-1.34885 94.2821 -1.84317 95.2682
-1.34636 97.4521 -1.89929 98.5058
-1.39741 100.636 -2.05105 101.57
-1.50781 103.868 -2.18892 104.822
-1.68624 107.147 -2.37325 107.992
-1.8557 110.482 -2.60349 111.376
-1.94909 113.881 -2.56678 114.795
-1.94014 117.341 -2.35571 118.237
-1.83308 120.866 -2.11114 121.727
-1.66595 124.466 -1.78193 125.322
-1.45419 128.143 -0.786385 129.222
-1.21275 131.911 -0.370579 132.943
-0.998254 135.781 0.206017 136.725
-0.86007 139.749 0.705814 140.713
-0.808213 143.818 0.860055 144.884
-0.818199 147.962 1.15356 149.052
-0.863698 152.202 1.24707 153.072
-0.925229 156.508 1.38502 157.502
-1.00734 160.832 1.47469 161.817
-1.11266 165.145 1.49909 166.165
-1.22558 169.454 1.5554 170.427
-1.33319 173.747 1.5157 174.629
-1.42753 178.011 1.54057 178.921
-1.49824 182.25 1.43055 182.914
-1.55921 186.456 1.6114 187.327
-1.60307 190.634 1.6242 191.42
-1.63387 194.776 1.81637 195.468
-1.66987 198.89 1.90097 199.528
-1.70598 202.97 1.99948 203.529
-1.73778 207.012 1.99855 207.618
-1.7684 211.025 2.07015 211.596
-1.80273 214.967 2.13704 215.419
-1.84251 218.743 2.22731 219.195
-1.89517 222.285 2.19495 222.773
-1.97197 225.567 2.19018 226.215
-2.07378 228.574 2.15865 229.269
-2.17419 231.287 2.12003 231.834
-2.28007 233.719 2.0679 234.252
-2.37256 236.037 2.04659 236.698
-2.42154 238.338 2.07067 239.029
-2.45747 240.614 2.10801 241.302
-2.47794 242.859 2.21134 243.614
-2.4876 245.075 2.28602 245.843
-2.49727 247.316 2.36346 248.109
-2.50649 249.599 2.39944 250.346
-2.50345 251.922 2.52548 252.645
-2.49893 254.304 2.5648 255.235
-2.47578 256.707 2.58501 257.597
-2.41879 259.176 2.67416 260.112
-2.35718 261.688 2.80229 262.686
-2.27845 264.283 2.93587 265.348
-2.18105 266.96 3.0596 268.009
-2.07299 269.712 3.24169 270.73
-1.97718 272.516 3.37518 273.489
-1.90331 275.322 3.51094 276.316
-1.86017 278.122 3.61713 278.996
-1.83488 280.907 3.71913 281.955
-1.82038 283.663 3.83528 284.685
-1.82129 286.356 3.88442 287.3
-1.83581 288.891 3.94469 289.75
-1.84383 291.366 4.01585 292.234
-1.84021 293.812 4.06399 294.71
-1.82383 296.232 4.11759 297.178
-1.81203 298.624 4.18489 299.528
