5.55112e-17 2.22045e-16 0 -2.98023e-08
-0.0175337 0.283467 -0.0296621 0.25006
-0.0600001 0.627936 -0.0891452 0.57853
-0.141533 1.08191 -0.1719 1.01153
-0.293459 1.60414 -0.343326 1.51028
-0.522492 2.17302 -0.582443 2.0695
-0.839493 2.75829 -0.905583 2.64314
-1.24276 3.33311 -1.30596 3.21037
-1.76157 3.8807 -1.83366 3.75556
-2.41553 4.38239 -2.48404 4.24597
-3.21551 4.82443 -3.27437 4.67143
-4.17713 5.15347 -4.2239 4.98453
-5.29933 5.36094 -5.32762 5.1749
-6.55899 5.42767 -6.57093 5.23195
-7.95041 5.38928 -7.96568 5.19579
-9.48038 5.26387 -9.50099 5.06086
-11.1527 5.08836 -11.1605 4.88602
-12.9643 4.90181 -12.9677 4.68345
-14.9134 4.69736 -14.899 4.48624
-17.0048 4.49463 -17.0247 4.27441
-19.2243 4.29098 -19.2203 4.07148
-21.5645 4.10022 -21.5564 3.868
-23.9695 3.90897 -23.9351 3.68073
-26.4614 3.71634 -26.4078 3.47117
-28.9976 3.4929 -28.9206 3.24692
-31.5159 3.27199 -31.4349 3.02656
-34.0263 3.05126 -33.9607 2.80965
-36.5335 2.84314 -36.4369 2.60019
-39.0492 2.63885 -38.9312 2.39106
-41.5384 2.43615 -41.4008 2.18749
-44.0152 2.22368 -43.8876 1.96733
-46.4833 2.02825 -46.3279 1.76968
-48.9331 1.82029 -48.7641 1.55908
-51.3287 1.5753 -51.1701 1.30425
-53.702 1.33748 -53.5417 1.05668
-56.0381 1.11076 -55.8726 0.817816
-58.3304 0.883063 -58.1724 0.597287
-60.5366 0.662367 -60.3466 0.367071
-62.6202 0.461718 -62.4094 0.155079
-64.5705 0.320188 -64.3532 0.0108085
-66.3756 0.255567 -66.1574 -0.0480744
-67.9905 0.34556 -67.7703 0.0438048
-69.4038 0.611089 -69.1858 0.299526
-70.6817 1.08074 -70.4676 0.768108
-71.8142 1.75383 -71.6182 1.45599
-72.8107 2.60177 -72.6128 2.30949
-73.6593 3.55438 -73.4616 3.25558
-74.4017 4.71851 -74.2111 4.43199
-75.0182 6.11025 -74.8457 5.87487
-75.5393 7.7061 -75.3707 7.49945
-75.9807 9.48642 -75.8125 9.27361
-76.379 11.415 -76.2331 11.2063
-76.7027 13.4941 -76.5833 13.2818
-76.9646 15.6878 -76.8629 15.4725
-77.1988 17.9936 -77.1277 17.7671
-77.4024 20.3015 -77.3599 20.0898
-77.5734 22.6143 -77.5615 22.3965
-77.7342 24.8981 -77.7573 24.6418
-77.9088 27.1807 -77.9528 26.9136
-78.0647 29.4407 -78.1238 29.2051
-78.1981 31.7013 -78.2838 31.4763
-78.3462 34.0009 -78.439 33.7564
-78.5072 36.3475 -78.6213 36.1173
-78.7004 38.7352 -78.838 38.503
-78.8959 41.1947 -79.0544 40.9524
-79.1003 43.7247 -79.2887 43.4699
-79.3186 46.2992 -79.5348 46.0476
-79.5086 48.9021 -79.7567 48.6743
-79.6974 51.5294 -79.9556 51.3127
-79.9004 54.1135 -80.1689 53.8867
-80.0927 56.6706 -80.382 56.4401
-80.2809 59.2131 -80.5669 58.9531
-80.474 61.6957 -80.7825 61.4415
-80.696 64.1363 -81.0434 63.8869
-80.9452 66.5593 -81.3183 66.2878
-81.2192 68.9488 -81.6144 68.6681
-81.5423 71.2919 -81.9486 71.0087
-81.9109 73.5847 -82.3222 73.283
-82.327 75.852 -82.7259 75.5441
-82.7656 78.0692 -83.1931 77.7644
-83.2841 80.281 -83.7254 79.9566
-83.8564 82.4307 -84.3313 82.0919
-84.4928 84.5842 -85.0115 84.2203
-85.2123 86.7156 -85.7605 86.3212
-85.9963 88.8208 -86.5746 88.4255
-86.8604 90.9181 -87.4412 90.4925
-87.8025 93.0035 -88.3808 92.5802
-88.749 95.0682 -89.3449 94.684
-89.748 97.1635 -90.3495 96.7685
-90.7749 99.2196 -91.4044 98.8059
-91.84 101.277 -92.4815 100.849
-92.9148 103.296 -93.5603 102.856
-94.0151 105.267 -94.6784 104.845
-95.1234 107.188 -95.7864 106.764
-96.2232 109.068 -96.8842 108.645
-97.2634 110.813 -97.9254 110.387
-98.2418 112.423 -98.911 111.988
-99.1248 113.866 -99.7898 113.416
-99.9188 115.114 -100.592 114.672
-100.633 116.205 -101.299 115.764
-101.306 117.127 -101.96 116.671
-101.874 117.899 -102.531 117.452
-102.405 118.509 -103.052 118.062
-102.902 118.982 -103.54 118.513
-103.418 119.367 -104.039 118.884
-103.955 119.735 -104.562 119.243
-104.534 120.029 -105.153 119.55
-105.136 120.257 -105.753 119.768
-105.802 120.452 -106.402 119.964
-106.641 120.599 -107.228 120.104
-107.63 120.643 -108.201 120.136
-108.711 120.531 -109.266 120.027
-109.894 120.253 -110.448 119.728
-111.16 119.776 -111.716 119.235
-112.497 119.062 -113.076 118.492
-113.899 118.107 -114.455 117.538
-115.384 116.989 -115.953 116.404
-116.978 115.737 -117.543 115.14
-118.66 114.366 -119.216 113.762
-120.439 112.893 -120.986 112.281
-122.328 111.322 -122.88 110.703
-124.285 109.65 -124.856 109.029
-126.332 107.914 -126.909 107.289
-128.462 106.101 -129.048 105.473
-130.662 104.215 -131.258 103.553
-132.923 102.303 -133.526 101.626
-135.189 100.39 -135.782 99.6938
-137.469 98.4694 -138.031 97.7788
-139.748 96.5461 -140.283 95.8419
-142.021 94.6204 -142.517 93.9065
-144.286 92.6907 -144.741 91.9648
-146.548 90.774 -146.975 90.0241
-148.833 88.8715 -149.21 88.1173
-151.113 86.9781 -151.442 86.2278
-153.379 85.0854 -153.667 84.3238
-155.629 83.2061 -155.893 82.4293
-157.861 81.3267 -158.084 80.5513
-160.059 79.4645 -160.264 78.6826
-162.221 77.6086 -162.444 76.8048
-164.377 75.7743 -164.568 74.9731
-166.525 73.9671 -166.695 73.1634
-168.668 72.1911 -168.803 71.3797
-170.783 70.468 -170.889 69.6218
-172.83 68.8075 -172.906 67.8984
-174.786 67.216 -174.844 66.263
-176.664 65.6842 -176.685 64.7007
-178.445 64.1974 -178.441 63.2106
-180.1 62.7652 -180.102 61.8112
-181.649 61.4196 -181.689 60.4647
-183.089 60.1103 -183.13 59.1679
-184.404 58.8012 -184.451 57.8789
-185.549 57.4583 -185.596 56.5436
-186.455 56.0661 -186.504 55.1751
-187.121 54.6476 -187.159 53.7824
-187.526 53.2131 -187.555 52.3474
-187.749 51.7723 -187.753 50.9136
-187.717 50.3304 -187.692 49.4948
-187.52 48.9547 -187.491 48.1206
-187.092 47.6676 -187.059 46.844
-186.478 46.4306 -186.461 45.6365
-185.744 45.2175 -185.719 44.441
-184.898 44.0442 -184.84 43.2749
-183.969 42.859 -183.9 42.0949
-182.973 41.6286 -182.891 40.8851
-181.887 40.3447 -181.83 39.6218
-180.727 38.9518 -180.696 38.2611
-179.493 37.4591 -179.447 36.7832
-178.162 35.8492 -178.124 35.2074
-176.711 34.1427 -176.671 33.5068
-175.172 32.2967 -175.132 31.6583
-173.559 30.3633 -173.543 29.7483
-171.867 28.3468 -171.883 27.7563
-170.123 26.2593 -170.164 25.6539
-168.337 24.0978 -168.369 23.5047
-166.581 21.9087 -166.594 21.3269
-164.835 19.7147 -164.822 19.1574
-163.105 17.5739 -163.065 17.0283
-161.377 15.4291 -161.335 14.9112
-159.682 13.3035 -159.608 12.7756
-158.088 11.1536 -157.981 10.6372
-156.652 8.94091 -156.505 8.4222
-155.434 6.64052 -155.251 6.11556
-154.451 4.27582 -154.248 3.74009
-153.691 1.83608 -153.476 1.31513
-153.117 -0.68492 -152.884 -1.21726
-152.659 -3.30185 -152.414 -3.83968
-152.324 -6.00344 -152.06 -6.53859
-152.035 -8.81843 -151.761 -9.36931
-151.705 -11.6965 -151.42 -12.2348
-151.368 -14.6894 -151.065 -15.2207
-151.018 -17.7606 -150.71 -18.2578
-150.658 -20.8846 -150.333 -21.3692
-150.317 -24.0396 -149.966 -24.5145
-149.995 -27.1987 -149.624 -27.6834
-149.688 -30.3262 -149.29 -30.8077
-149.393 -33.4488 -148.975 -33.8767
-149.125 -36.5257 -148.682 -36.9506
-148.881 -39.5889 -148.423 -40.0201
-148.664 -42.6214 -148.189 -43.0291
-148.444 -45.6222 -147.962 -46.0329
-148.226 -48.5908 -147.761 -48.9845
-148.014 -51.5384 -147.54 -51.9209
-147.798 -54.4485 -147.312 -54.8245
-147.58 -57.3302 -147.085 -57.681
-147.342 -60.1716 -146.831 -60.541
-147.099 -62.9565 -146.567 -63.3069
-146.874 -65.6419 -146.326 -65.9809
-146.684 -68.189 -146.141 -68.5188
-146.575 -70.5509 -146.032 -70.8895
-146.515 -72.6894 -145.987 -73.0362
-146.496 -74.5886 -145.986 -74.9316
-146.52 -76.2492 -146.017 -76.5812
-146.562 -77.6445 -146.048 -77.9989
-146.615 -78.7529 -146.092 -79.0895
-146.644 -79.5719 -146.102 -79.9182
-146.661 -80.1958 -146.093 -80.5388
-146.656 -80.7462 -146.09 -81.0768
-146.626 -81.2022 -146.077 -81.5453
-146.606 -81.58 -146.055 -81.9366
-146.554 -81.888 -146.005 -82.2643
-146.51 -82.0727 -145.979 -82.4505
-146.481 -82.1479 -145.963 -82.5316
-146.467 -82.1445 -145.962 -82.5336
-146.474 -82.1485 -145.963 -82.5356
-146.484 -82.1459 -145.962 -82.5328
-146.487 -82.1448 -145.962 -82.5352
-146.493 -82.151 -145.961 -82.535
-146.495 -82.1554 -145.964 -82.5328
-146.494 -82.1566 -145.961 -82.5343
-146.488 -82.1484 -145.961 -82.5325
-146.487 -82.1409 -145.965 -82.5307
-146.486 -82.135 -145.962 -82.534
-146.488 -82.1325 -145.963 -82.531
-146.489 -82.1335 -145.962 -82.5309
-146.485 -82.1335 -145.961 -82.5302
-146.485 -82.1335 -145.961 -82.5307
-146.48 -82.1337 -145.963 -82.5285
-146.472 -82.1319 -145.959 -82.5318
-146.477 -82.1332 -145.961 -82.5311
-146.525 -82.162 -145.963 -82.5331
-146.566 -82.2173 -145.948 -82.5578
-146.591 -82.3101 -145.924 -82.6221
-146.582 -82.4262 -145.882 -82.7194
-146.552 -82.5742 -145.827 -82.8506
-146.476 -82.7785 -145.737 -83.044
-146.351 -83.1167 -145.593 -83.3779
-146.156 -83.5744 -145.38 -83.8278
-145.88 -84.1062 -145.092 -84.352
-145.491 -84.6826 -144.696 -84.9205
-144.896 -85.3185 -144.115 -85.5387
-144.077 -86.0654 -143.279 -86.2527
-142.947 -86.8406 -142.117 -86.9969
-141.509 -87.5434 -140.639 -87.676
-139.798 -88.0876 -138.894 -88.1784
-137.828 -88.4333 -136.907 -88.4798
-135.615 -88.6075 -134.692 -88.6109
-133.18 -88.6966 -132.256 -88.6557
-130.552 -88.6805 -129.635 -88.6039
-127.724 -88.5757 -126.776 -88.4591
-124.684 -88.4643 -123.706 -88.3
-121.46 -88.2943 -120.502 -88.1048
-118.087 -88.0406 -117.168 -87.8459
-114.579 -87.7451 -113.65 -87.5486
-110.975 -87.4387 -110.067 -87.2442
-107.386 -87.1468 -106.503 -86.9442
-103.821 -86.8597 -102.941 -86.6602
-100.262 -86.572 -99.3928 -86.3917
-96.7361 -86.2939 -95.903 -86.1312
-93.2289 -86.0175 -92.3944 -85.8645
-89.7608 -85.7575 -88.9331 -85.598
-86.3143 -85.5113 -85.4697 -85.3442
-82.9048 -85.2666 -82.0558 -85.0869
-79.5258 -84.9828 -78.695 -84.8022
-76.1749 -84.685 -75.3302 -84.4858
-72.8496 -84.3755 -72.0112 -84.1619
-69.5564 -84.0517 -68.6886 -83.8272
-66.2698 -83.7442 -65.3861 -83.5181
-62.9885 -83.4639 -62.1544 -83.2445
-59.7253 -83.1923 -58.8923 -82.971
-56.5119 -82.9287 -55.6829 -82.7173
-53.2879 -82.6778 -52.4752 -82.4898
-50.1024 -82.4238 -49.2772 -82.2488
-46.9613 -82.1617 -46.096 -82.0007
-43.795 -81.9131 -42.9508 -81.7543
-40.6059 -81.6696 -39.7667 -81.523
-37.447 -81.4292 -36.6726 -81.2906
-34.3241 -81.1785 -33.5198 -81.0368
-31.2342 -80.9389 -30.4373 -80.8089
-28.1649 -80.7195 -27.3395 -80.5857
-25.1309 -80.5129 -24.3329 -80.3593
-22.1281 -80.3138 -21.3322 -80.1567
-19.2034 -80.118 -18.3714 -79.9502
-16.44 -79.9296 -15.5923 -79.7554
-13.8624 -79.7309 -12.9862 -79.5657
-11.471 -79.5052 -10.585 -79.3525
-9.26731 -79.2587 -8.37329 -79.1054
-7.27231 -78.9405 -6.37306 -78.8079
-5.47291 -78.5496 -4.60602 -78.4359
-3.86783 -78.0863 -2.98 -77.9718
-2.38561 -77.504 -1.48624 -77.4052
-1.02785 -76.8001 -0.133672 -76.7125
0.166806 -75.9119 1.04549 -75.8255
1.18203 -74.883 2.04031 -74.8063
1.97724 -73.7097 2.83586 -73.6265
2.62559 -72.4325 3.46518 -72.3543
3.04631 -71.0534 3.86455 -70.9749
3.33279 -69.6101 4.12591 -69.5501
3.50575 -68.0968 4.28507 -68.0342
3.62308 -66.5056 4.38938 -66.4206
3.67389 -64.79 4.43343 -64.7149
3.66402 -62.9254 4.42547 -62.863
3.59123 -60.9157 4.35462 -60.849
3.48557 -58.7604 4.26178 -58.693
3.37574 -56.4938 4.13849 -56.4348
3.2431 -54.2035 4.01024 -54.1484
3.06979 -51.9072 3.84932 -51.8689
2.87171 -49.6123 3.6561 -49.5852
2.69026 -47.3187 3.46928 -47.2837
2.51462 -45.0397 3.27976 -45.0044
2.33649 -42.787 3.09802 -42.7571
2.17605 -40.5742 2.92651 -40.562
2.0238 -38.4413 2.77729 -38.4285
1.89552 -36.4147 2.63018 -36.3867
1.76667 -34.4582 2.47804 -34.4142
1.64558 -32.5445 2.33685 -32.5158
1.52472 -30.6745 2.19838 -30.6452
1.41239 -28.8403 2.05763 -28.7956
1.30599 -27.0287 1.9099 -26.9897
1.19111 -25.2395 1.76664 -25.1959
1.06737 -23.4769 1.61143 -23.45
0.934574 -21.7655 1.46257 -21.7362
0.802905 -20.1402 1.32092 -20.1231
0.699503 -18.6159 1.18959 -18.6084
0.601767 -17.1963 1.09087 -17.181
0.507341 -15.8858 0.999124 -15.9042
0.417035 -14.7267 0.884095 -14.7566
0.351258 -13.7606 0.817822 -13.7743
0.299516 -12.9304 0.753012 -12.9272
0.263868 -12.153 0.695483 -12.1435
0.238575 -11.3911 0.641926 -11.3663
0.198165 -10.6449 0.588813 -10.6159
0.151201 -9.90787 0.526927 -9.88178
0.0910114 -9.1835 0.434777 -9.12068
0.0168597 -8.47671 0.333994 -8.39748
-0.0708621 -7.77839 0.228216 -7.75927
-0.158415 -7.09403 0.150964 -7.05787
-0.234301 -6.41269 0.0783591 -6.37229
-0.307917 -5.7423 0.0165449 -5.71274
-0.360352 -5.06898 -0.0348062 -5.10925
-0.40159 -4.32804 -0.0827749 -4.35958
-0.431289 -3.48317 -0.130586 -3.51968
-0.464543 -2.5559 -0.164584 -2.59674
-0.487938 -1.55628 -0.195179 -1.58903
-0.49971 -0.485171 -0.217472 -0.513048
-0.511556 0.679747 -0.276267 0.631331
-0.388368 1.89036 -0.245482 1.84586
-0.387786 3.05066 -0.309554 2.98111
-0.473375 4.17533 -0.448434 4.08843
-0.669462 5.26288 -0.684622 5.13885
-0.929674 6.29195 -0.991972 6.14231
-1.22934 7.28941 -1.3128 7.15108
-1.43861 8.24938 -1.53851 8.11273
-1.56547 8.94694 -1.68058 8.81032
-1.6158 9.32463 -1.73111 9.1978
-1.63585 9.40484 -1.7448 9.28973
-1.64033 9.37617 -1.74023 9.2699
-1.64354 9.37105 -1.74144 9.27573
