5.55112e-17 2.22045e-16 0 -2.98023e-08
-0.0175337 0.283467 -0.0276528 0.24633
-0.0600001 0.627936 -0.0834417 0.595651
-0.141533 1.08191 -0.16784 1.01991
-0.293459 1.60414 -0.347398 1.50401
-0.522492 2.17302 -0.588963 2.05774
-0.839493 2.75829 -0.907478 2.62924
-1.24276 3.33311 -1.30755 3.20226
-1.76157 3.8807 -1.83153 3.74429
-2.41553 4.38239 -2.48814 4.23391
-3.21551 4.82443 -3.27681 4.65669
-4.17713 5.15347 -4.22947 4.96157
-5.29933 5.36094 -5.33676 5.15192
-6.55899 5.42767 -6.57699 5.20488
-7.95041 5.38928 -7.97424 5.16914
-9.48038 5.26387 -9.50539 5.02861
-11.1527 5.08836 -11.1704 4.85138
-12.9643 4.90181 -12.9619 4.65144
-14.9134 4.69736 -14.9029 4.44561
-17.0048 4.49463 -17.0239 4.23554
-19.2243 4.29098 -19.235 4.02985
-21.5645 4.10022 -21.5529 3.82159
-23.9695 3.90897 -23.9443 3.63102
-26.4614 3.71634 -26.4146 3.42429
-28.9976 3.4929 -28.9208 3.20157
-31.5159 3.27199 -31.4292 2.97916
-34.0263 3.05126 -33.9623 2.75828
-36.5335 2.84314 -36.4199 2.55436
-39.0492 2.63885 -38.9316 2.34031
-41.5384 2.43615 -41.3968 2.13826
-44.0152 2.22368 -43.8805 1.92001
-46.4833 2.02825 -46.3315 1.7248
-48.9331 1.82029 -48.7821 1.50935
-51.3287 1.5753 -51.1672 1.25421
-53.702 1.33748 -53.5336 1.01482
-56.0381 1.11076 -55.8806 0.772092
-58.3304 0.883063 -58.1733 0.554446
-60.5366 0.662367 -60.3612 0.319704
-62.6202 0.461718 -62.4083 0.117193
-64.5705 0.320188 -64.358 -0.0340609
-66.3756 0.255567 -66.1477 -0.0946471
-67.9905 0.34556 -67.7691 -0.00554845
-69.4038 0.611089 -69.1956 0.255211
-70.6817 1.08074 -70.4675 0.72963
-71.8142 1.75383 -71.6136 1.41438
-72.8107 2.60177 -72.6116 2.26957
-73.6593 3.55438 -73.4638 3.21093
-74.4017 4.71851 -74.2083 4.39326
-75.0182 6.11025 -74.8424 5.83477
-75.5393 7.7061 -75.3716 7.45017
-75.9807 9.48642 -75.8161 9.22778
-76.379 11.415 -76.2295 11.1581
-76.7027 13.4941 -76.5798 13.2305
-76.9646 15.6878 -76.8614 15.418
-77.1988 17.9936 -77.1261 17.7195
-77.4024 20.3015 -77.3611 20.0484
-77.5734 22.6143 -77.5629 22.3605
-77.7342 24.8981 -77.7619 24.6082
-77.9088 27.1807 -77.9581 26.8781
-78.0647 29.4407 -78.1278 29.16
-78.1981 31.7013 -78.2877 31.4303
-78.3462 34.0009 -78.4499 33.7348
-78.5072 36.3475 -78.6348 36.0765
-78.7004 38.7352 -78.8496 38.4636
-78.8959 41.1947 -79.0679 40.913
-79.1003 43.7247 -79.2977 43.4321
-79.3186 46.2992 -79.5478 46.0189
-79.5086 48.9021 -79.7708 48.6334
-79.6974 51.5294 -79.9797 51.2715
-79.9004 54.1135 -80.1867 53.8305
-80.0927 56.6706 -80.3996 56.3771
-80.2809 59.2131 -80.595 58.9157
-80.474 61.6957 -80.8068 61.3945
-80.696 64.1363 -81.0608 63.8305
-80.9452 66.5593 -81.3488 66.2213
-81.2192 68.9488 -81.6375 68.617
-81.5423 71.2919 -81.9785 70.9582
-81.9109 73.5847 -82.3549 73.2395
-82.327 75.852 -82.7609 75.4894
-82.7656 78.0692 -83.2235 77.7121
-83.2841 80.281 -83.7614 79.904
-83.8564 82.4307 -84.3636 82.0428
-84.4928 84.5842 -85.0453 84.1605
-85.2123 86.7156 -85.7991 86.2751
-85.9963 88.8208 -86.6154 88.3742
-86.8604 90.9181 -87.4882 90.4517
-87.8025 93.0035 -88.4276 92.5358
-88.749 95.0682 -89.3978 94.638
-89.748 97.1635 -90.3976 96.7055
-90.7749 99.2196 -91.4504 98.7499
-91.84 101.277 -92.5267 100.791
-92.9148 103.296 -93.6133 102.805
-94.0151 105.267 -94.7267 104.784
-95.1234 107.188 -95.8369 106.701
-96.2232 109.068 -96.9372 108.588
-97.2634 110.813 -97.9849 110.33
-98.2418 112.423 -98.9675 111.924
-99.1248 113.866 -99.862 113.366
-99.9188 115.114 -100.664 114.618
-100.633 116.205 -101.367 115.707
-101.306 117.127 -102.03 116.616
-101.874 117.899 -102.595 117.39
-102.405 118.509 -103.118 117.997
-102.902 118.982 -103.61 118.457
-103.418 119.367 -104.11 118.824
-103.955 119.735 -104.63 119.186
-104.534 120.029 -105.227 119.489
-105.136 120.257 -105.822 119.712
-105.802 120.452 -106.475 119.905
-106.641 120.599 -107.302 120.052
-107.63 120.643 -108.274 120.08
-108.711 120.531 -109.35 119.967
-109.894 120.253 -110.52 119.668
-111.16 119.776 -111.788 119.172
-112.497 119.062 -113.14 118.429
-113.899 118.107 -114.531 117.468
-115.384 116.989 -116.021 116.341
-116.978 115.737 -117.615 115.062
-118.66 114.366 -119.279 113.689
-120.439 112.893 -121.053 112.209
-122.328 111.322 -122.945 110.626
-124.285 109.65 -124.92 108.947
-126.332 107.914 -126.967 107.211
-128.462 106.101 -129.108 105.388
-130.662 104.215 -131.319 103.469
-132.923 102.303 -133.585 101.53
-135.189 100.39 -135.836 99.5959
-137.469 98.4694 -138.08 97.6795
-139.748 96.5461 -140.335 95.7448
-142.021 94.6204 -142.565 93.8043
-144.286 92.6907 -144.785 91.8634
-146.548 90.774 -147.02 89.9143
-148.833 88.8715 -149.252 88.0049
-151.113 86.9781 -151.483 86.1136
-153.379 85.0854 -153.702 84.2113
-155.629 83.2061 -155.917 82.3224
-157.861 81.3267 -158.101 80.4337
-160.059 79.4645 -160.296 78.5511
-162.221 77.6086 -162.454 76.6805
-164.377 75.7743 -164.585 74.8471
-166.525 73.9671 -166.709 73.0387
-168.668 72.1911 -168.826 71.2404
-170.783 70.468 -170.898 69.4822
-172.83 68.8075 -172.922 67.7577
-174.786 67.216 -174.865 66.1071
-176.664 65.6842 -176.702 64.5484
-178.445 64.1974 -178.455 63.0592
-180.1 62.7652 -180.119 61.6484
-181.649 61.4196 -181.703 60.303
-183.089 60.1103 -183.147 59.0116
-184.404 58.8012 -184.453 57.7274
-185.549 57.4583 -185.604 56.3955
-186.455 56.0661 -186.509 55.0191
-187.121 54.6476 -187.16 53.6265
-187.526 53.2131 -187.563 52.1988
-187.749 51.7723 -187.767 50.7585
-187.717 50.3304 -187.71 49.3295
-187.52 48.9547 -187.513 47.9717
-187.092 47.6676 -187.074 46.6862
-186.478 46.4306 -186.473 45.485
-185.744 45.2175 -185.728 44.2873
-184.898 44.0442 -184.84 43.1094
-183.969 42.859 -183.905 41.9411
-182.973 41.6286 -182.894 40.735
-181.887 40.3447 -181.822 39.4606
-180.727 38.9518 -180.68 38.1023
-179.493 37.4591 -179.445 36.6346
-178.162 35.8492 -178.118 35.0521
-176.711 34.1427 -176.671 33.3518
-175.172 32.2967 -175.135 31.523
-173.559 30.3633 -173.539 29.6045
-171.867 28.3468 -171.879 27.6181
-170.123 26.2593 -170.156 25.5168
-168.337 24.0978 -168.376 23.3865
-166.581 21.9087 -166.596 21.2138
-164.835 19.7147 -164.822 19.0398
-163.105 17.5739 -163.058 16.9008
-161.377 15.4291 -161.329 14.7913
-159.682 13.3035 -159.609 12.6613
-158.088 11.1536 -157.975 10.5286
-156.652 8.94091 -156.501 8.3034
-155.434 6.64052 -155.241 6.00081
-154.451 4.27582 -154.243 3.6254
-153.691 1.83608 -153.458 1.19272
-153.117 -0.68492 -152.859 -1.33675
-152.659 -3.30185 -152.387 -3.95278
-152.324 -6.00344 -152.042 -6.64688
-152.035 -8.81843 -151.74 -9.48461
-151.705 -11.6965 -151.388 -12.3539
-151.368 -14.6894 -151.035 -15.3369
-151.018 -17.7606 -150.682 -18.3736
-150.658 -20.8846 -150.301 -21.4869
-150.317 -24.0396 -149.935 -24.6378
-149.995 -27.1987 -149.586 -27.7967
-149.688 -30.3262 -149.252 -30.9111
-149.393 -33.4488 -148.926 -33.9856
-149.125 -36.5257 -148.638 -37.0501
-148.881 -39.5889 -148.377 -40.1216
-148.664 -42.6214 -148.144 -43.14
-148.444 -45.6222 -147.92 -46.1026
-148.226 -48.5908 -147.699 -49.0644
-148.014 -51.5384 -147.488 -52.0179
-147.798 -54.4485 -147.256 -54.9134
-147.58 -57.3302 -147.023 -57.7906
-147.342 -60.1716 -146.77 -60.6299
-147.099 -62.9565 -146.5 -63.391
-146.874 -65.6419 -146.259 -66.0531
-146.684 -68.189 -146.067 -68.5985
-146.575 -70.5509 -145.964 -70.969
-146.515 -72.6894 -145.915 -73.1101
-146.496 -74.5886 -145.905 -75.0181
-146.52 -76.2492 -145.939 -76.6556
-146.562 -77.6445 -145.973 -78.072
-146.615 -78.7529 -146.01 -79.1602
-146.644 -79.5719 -146.021 -79.9984
-146.661 -80.1958 -146.013 -80.6225
-146.656 -80.7462 -146.009 -81.1639
-146.626 -81.2022 -145.993 -81.632
-146.606 -81.58 -145.968 -82.0239
-146.554 -81.888 -145.929 -82.3483
-146.51 -82.0727 -145.898 -82.5388
-146.481 -82.1479 -145.88 -82.6159
-146.467 -82.1445 -145.878 -82.6199
-146.474 -82.1485 -145.881 -82.6199
-146.484 -82.1459 -145.879 -82.6175
-146.487 -82.1448 -145.88 -82.6221
-146.493 -82.151 -145.88 -82.6227
-146.495 -82.1554 -145.88 -82.6188
-146.494 -82.1566 -145.881 -82.6193
-146.488 -82.1484 -145.88 -82.6197
-146.487 -82.1409 -145.881 -82.6191
-146.486 -82.135 -145.879 -82.6208
-146.488 -82.1325 -145.879 -82.616
-146.489 -82.1335 -145.88 -82.6158
-146.485 -82.1335 -145.876 -82.6161
-146.485 -82.1335 -145.88 -82.6162
-146.48 -82.1337 -145.881 -82.6132
-146.472 -82.1319 -145.878 -82.6192
-146.477 -82.1332 -145.879 -82.6154
-146.525 -82.162 -145.88 -82.6178
-146.566 -82.2173 -145.867 -82.6427
-146.591 -82.3101 -145.843 -82.7069
-146.582 -82.4262 -145.802 -82.8048
-146.552 -82.5742 -145.748 -82.9364
-146.476 -82.7785 -145.654 -83.1307
-146.351 -83.1167 -145.512 -83.4631
-146.156 -83.5744 -145.299 -83.9121
-145.88 -84.1062 -145.01 -84.438
-145.491 -84.6826 -144.615 -85.0053
-144.896 -85.3185 -144.034 -85.625
-144.077 -86.0654 -143.2 -86.3389
-142.947 -86.8406 -142.042 -87.0846
-141.509 -87.5434 -140.558 -87.7639
-139.798 -88.0876 -138.808 -88.2658
-137.828 -88.4333 -136.828 -88.5656
-135.615 -88.6075 -134.613 -88.6953
-133.18 -88.6966 -132.18 -88.7434
-130.552 -88.6805 -129.552 -88.6906
-127.724 -88.5757 -126.709 -88.5475
-124.684 -88.4643 -123.621 -88.3895
-121.46 -88.2943 -120.427 -88.1934
-118.087 -88.0406 -117.068 -87.9337
-114.579 -87.7451 -113.58 -87.6312
-110.975 -87.4387 -109.988 -87.3301
-107.386 -87.1468 -106.396 -87.0294
-103.821 -86.8597 -102.863 -86.7466
-100.262 -86.572 -99.3109 -86.4802
-96.7361 -86.2939 -95.8141 -86.2149
-93.2289 -86.0175 -92.2969 -85.9486
-89.7608 -85.7575 -88.8366 -85.6793
-86.3143 -85.5113 -85.4045 -85.425
-82.9048 -85.2666 -81.9637 -85.1719
-79.5258 -84.9828 -78.5889 -84.8842
-76.1749 -84.685 -75.2309 -84.5672
-72.8496 -84.3755 -71.9184 -84.2471
-69.5564 -84.0517 -68.6057 -83.9073
-66.2698 -83.7442 -65.3102 -83.5952
-62.9885 -83.4639 -62.0505 -83.3242
-59.7253 -83.1923 -58.7938 -83.0505
-56.5119 -82.9287 -55.6072 -82.8044
-53.2879 -82.6778 -52.4152 -82.5755
-50.1024 -82.4238 -49.2004 -82.3359
-46.9613 -82.1617 -46.0091 -82.0791
-43.795 -81.9131 -42.8694 -81.83
-40.6059 -81.6696 -39.6813 -81.5978
-37.447 -81.4292 -36.5701 -81.359
-34.3241 -81.1785 -33.4404 -81.1163
-31.2342 -80.9389 -30.3477 -80.8758
-28.1649 -80.7195 -27.2598 -80.6522
-25.1309 -80.5129 -24.2526 -80.4315
-22.1281 -80.3138 -21.2423 -80.2221
-19.2034 -80.118 -18.2864 -80.0121
-16.44 -79.9296 -15.5042 -79.8176
-13.8624 -79.7309 -12.9074 -79.6273
-11.471 -79.5052 -10.5024 -79.4012
-9.26731 -79.2587 -8.28835 -79.16
-7.27231 -78.9405 -6.28793 -78.8522
-5.47291 -78.5496 -4.51767 -78.4858
-3.86783 -78.0863 -2.89297 -78.0217
-2.38561 -77.504 -1.40488 -77.4512
-1.02785 -76.8001 -0.0490454 -76.7543
0.166806 -75.9119 1.13095 -75.8685
1.18203 -74.883 2.12339 -74.8438
1.97724 -73.7097 2.92007 -73.6674
2.62559 -72.4325 3.54683 -72.3899
3.04631 -71.0534 3.94374 -71.0057
3.33279 -69.6101 4.20604 -69.5859
3.50575 -68.0968 4.35804 -68.0669
3.62308 -66.5056 4.46544 -66.4538
3.67389 -64.79 4.50553 -64.7432
3.66402 -62.9254 4.49204 -62.8893
3.59123 -60.9157 4.41999 -60.885
3.48557 -58.7604 4.32589 -58.7217
3.37574 -56.4938 4.20662 -56.4622
3.2431 -54.2035 4.06236 -54.1824
3.06979 -51.9072 3.90068 -51.8947
2.87171 -49.6123 3.70427 -49.6197
2.69026 -47.3187 3.51141 -47.3072
2.51462 -45.0397 3.32414 -45.0419
2.33649 -42.787 3.13248 -42.7898
2.17605 -40.5742 2.95792 -40.597
2.0238 -38.4413 2.80847 -38.4623
1.89552 -36.4147 2.64725 -36.4201
1.76667 -34.4582 2.49806 -34.4404
1.64558 -32.5445 2.34776 -32.5243
1.52472 -30.6745 2.20894 -30.669
1.41239 -28.8403 2.06759 -28.8107
1.30599 -27.0287 1.91689 -26.9921
1.19111 -25.2395 1.77255 -25.2161
1.06737 -23.4769 1.61277 -23.4461
0.934574 -21.7655 1.44892 -21.7343
0.802905 -20.1402 1.30483 -20.1244
0.699503 -18.6159 1.1839 -18.6022
0.601767 -17.1963 1.08147 -17.1837
0.507341 -15.8858 0.990566 -15.8489
0.417035 -14.7267 0.886694 -14.7441
0.351258 -13.7606 0.817024 -13.7706
0.299516 -12.9304 0.747356 -12.9013
0.263868 -12.153 0.693968 -12.1397
0.238575 -11.3911 0.643672 -11.3727
0.198165 -10.6449 0.589079 -10.6122
0.151201 -9.90787 0.528939 -9.87678
0.0910114 -9.1835 0.43719 -9.16595
0.0168597 -8.47671 0.339854 -8.4567
-0.0708621 -7.77839 0.234195 -7.74014
-0.158415 -7.09403 0.154337 -7.06149
-0.234301 -6.41269 0.0800637 -6.38085
-0.307917 -5.7423 0.0177068 -5.69938
-0.360352 -5.06898 -0.042082 -5.04408
-0.40159 -4.32804 -0.0911161 -4.35402
-0.431289 -3.48317 -0.133107 -3.55166
-0.464543 -2.5559 -0.171509 -2.61014
-0.487938 -1.55628 -0.196468 -1.59498
-0.49971 -0.485171 -0.223319 -0.52544
-0.511556 0.679747 -0.274028 0.641528
-0.388368 1.89036 -0.24852 1.83762
-0.387786 3.05066 -0.31144 2.97282
-0.473375 4.17533 -0.453681 4.08004
-0.669462 5.26288 -0.691699 5.12714
-0.929674 6.29195 -0.992957 6.13864
-1.22934 7.28941 -1.31389 7.14589
-1.43861 8.24938 -1.54025 8.11136
-1.56547 8.94694 -1.68184 8.80061
-1.6158 9.32463 -1.72441 9.19331
-1.63585 9.40484 -1.7395 9.28929
-1.64033 9.37617 -1.74161 9.26476
-1.64354 9.37105 -1.73986 9.26821
