5.55112e-17 2.22045e-16 -4.65661e-10 -2.98023e-08
-0.0175337 0.283467 -0.0293362 0.265154
-0.0600001 0.627936 -0.081085 0.610456
-0.141533 1.08191 -0.172356 1.0369
-0.293459 1.60414 -0.34937 1.54429
-0.522492 2.17302 -0.585647 2.09485
-0.839493 2.75829 -0.907109 2.66587
-1.24276 3.33311 -1.30554 3.23498
-1.76157 3.8807 -1.83162 3.78483
-2.41553 4.38239 -2.48285 4.27343
-3.21551 4.82443 -3.27619 4.69833
-4.17713 5.15347 -4.22804 5.0063
-5.29933 5.36094 -5.33702 5.19266
-6.55899 5.42767 -6.57467 5.25073
-7.95041 5.38928 -7.96756 5.2097
-9.48038 5.26387 -9.50486 5.07582
-11.1527 5.08836 -11.1722 4.89597
-12.9643 4.90181 -12.9671 4.69844
-14.9134 4.69736 -14.8993 4.49139
-17.0048 4.49463 -17.0203 4.2879
-19.2243 4.29098 -19.2389 4.08186
-21.5645 4.10022 -21.5582 3.88029
-23.9695 3.90897 -23.9456 3.6863
-26.4614 3.71634 -26.4145 3.48194
-28.9976 3.4929 -28.9467 3.26089
-31.5159 3.27199 -31.4432 3.03844
-34.0263 3.05126 -33.9588 2.81961
-36.5335 2.84314 -36.4215 2.61267
-39.0492 2.63885 -38.923 2.40443
-41.5384 2.43615 -41.4239 2.19455
-44.0152 2.22368 -43.8817 1.97953
-46.4833 2.02825 -46.3359 1.78377
-48.9331 1.82029 -48.7887 1.57279
-51.3287 1.5753 -51.1757 1.31623
-53.702 1.33748 -53.5511 1.07396
-56.0381 1.11076 -55.8846 0.836303
-58.3304 0.883063 -58.19 0.611999
-60.5366 0.662367 -60.3619 0.380832
-62.6202 0.461718 -62.4279 0.176001
-64.5705 0.320188 -64.3706 0.0273527
-66.3756 0.255567 -66.1789 -0.0325627
-67.9905 0.34556 -67.7839 0.0564776
-69.4038 0.611089 -69.2141 0.319653
-70.6817 1.08074 -70.4864 0.784226
-71.8142 1.75383 -71.6299 1.47747
-72.8107 2.60177 -72.6318 2.32694
-73.6593 3.55438 -73.4787 3.27546
-74.4017 4.71851 -74.2207 4.45526
-75.0182 6.11025 -74.8575 5.8986
-75.5393 7.7061 -75.3873 7.51391
-75.9807 9.48642 -75.8254 9.2902
-76.379 11.415 -76.2444 11.2271
-76.7027 13.4941 -76.5897 13.3065
-76.9646 15.6878 -76.8729 15.4891
-77.1988 17.9936 -77.1352 17.7865
-77.4024 20.3015 -77.3661 20.1001
-77.5734 22.6143 -77.5656 22.419
-77.7342 24.8981 -77.7639 24.6703
-77.9088 27.1807 -77.9558 26.9313
-78.0647 29.4407 -78.1295 29.2264
-78.1981 31.7013 -78.2838 31.4934
-78.3462 34.0009 -78.4434 33.7797
-78.5072 36.3475 -78.6286 36.1496
-78.7004 38.7352 -78.8375 38.5256
-78.8959 41.1947 -79.0592 40.9792
-79.1003 43.7247 -79.2864 43.5019
-79.3186 46.2992 -79.5343 46.0766
-79.5086 48.9021 -79.7458 48.7065
-79.6974 51.5294 -79.9527 51.3362
-79.9004 54.1135 -80.1587 53.8901
-80.0927 56.6706 -80.3731 56.4581
-80.2809 59.2131 -80.559 58.9839
-80.474 61.6957 -80.7732 61.4651
-80.696 64.1363 -81.0238 63.9125
-80.9452 66.5593 -81.3097 66.3008
-81.2192 68.9488 -81.5942 68.6878
-81.5423 71.2919 -81.9322 71.0148
-81.9109 73.5847 -82.3054 73.2957
-82.327 75.852 -82.7068 75.5544
-82.7656 78.0692 -83.1712 77.7894
-83.2841 80.281 -83.7004 79.9725
-83.8564 82.4307 -84.3055 82.112
-84.4928 84.5842 -84.9841 84.2243
-85.2123 86.7156 -85.7372 86.3485
-85.9963 88.8208 -86.5502 88.4594
-86.8604 90.9181 -87.4241 90.5324
-87.8025 93.0035 -88.3547 92.6194
-88.749 95.0682 -89.3077 94.706
-89.748 97.1635 -90.3184 96.7946
-90.7749 99.2196 -91.3671 98.8298
-91.84 101.277 -92.4497 100.884
-92.9148 103.296 -93.5213 102.881
-94.0151 105.267 -94.6348 104.863
-95.1234 107.188 -95.7427 106.787
-96.2232 109.068 -96.8335 108.664
-97.2634 110.813 -97.8851 110.413
-98.2418 112.423 -98.859 112.01
-99.1248 113.866 -99.7527 113.457
-99.9188 115.114 -100.556 114.713
-100.633 116.205 -101.249 115.792
-101.306 117.127 -101.908 116.698
-101.874 117.899 -102.478 117.479
-102.405 118.509 -103.006 118.087
-102.902 118.982 -103.498 118.548
-103.418 119.367 -103.992 118.916
-103.955 119.735 -104.516 119.276
-104.534 120.029 -105.104 119.579
-105.136 120.257 -105.701 119.803
-105.802 120.452 -106.357 120.001
-106.641 120.599 -107.182 120.142
-107.63 120.643 -108.158 120.173
-108.711 120.531 -109.226 120.067
-109.894 120.253 -110.399 119.771
-111.16 119.776 -111.673 119.279
-112.497 119.062 -113.02 118.546
-113.899 118.107 -114.404 117.585
-115.384 116.989 -115.911 116.447
-116.978 115.737 -117.499 115.187
-118.66 114.366 -119.177 113.809
-120.439 112.893 -120.955 112.333
-122.328 111.322 -122.852 110.749
-124.285 109.65 -124.827 109.079
-126.332 107.914 -126.88 107.342
-128.462 106.101 -129.023 105.525
-130.662 104.215 -131.24 103.614
-132.923 102.303 -133.502 101.673
-135.189 100.39 -135.762 99.7498
-137.469 98.4694 -138.014 97.836
-139.748 96.5461 -140.268 95.9072
-142.021 94.6204 -142.499 93.9707
-144.286 92.6907 -144.721 92.0345
-146.548 90.774 -146.962 90.0875
-148.833 88.8715 -149.201 88.1804
-151.113 86.9781 -151.438 86.2881
-153.379 85.0854 -153.661 84.3857
-155.629 83.2061 -155.878 82.5069
-157.861 81.3267 -158.074 80.6247
-160.059 79.4645 -160.26 78.7484
-162.221 77.6086 -162.424 76.8851
-164.377 75.7743 -164.55 75.0563
-166.525 73.9671 -166.676 73.2424
-168.668 72.1911 -168.8 71.4552
-170.783 70.468 -170.872 69.7002
-172.83 68.8075 -172.901 67.9802
-174.786 67.216 -174.84 66.3379
-176.664 65.6842 -176.676 64.7785
-178.445 64.1974 -178.434 63.296
-180.1 62.7652 -180.109 61.8774
-181.649 61.4196 -181.684 60.54
-183.089 60.1103 -183.132 59.2564
-184.404 58.8012 -184.447 57.9556
-185.549 57.4583 -185.585 56.6357
-186.455 56.0661 -186.496 55.2596
-187.121 54.6476 -187.162 53.8589
-187.526 53.2131 -187.551 52.4361
-187.749 51.7723 -187.761 50.9931
-187.717 50.3304 -187.707 49.5724
-187.52 48.9547 -187.502 48.2119
-187.092 47.6676 -187.07 46.9202
-186.478 46.4306 -186.471 45.7184
-185.744 45.2175 -185.719 44.5216
-184.898 44.0442 -184.853 43.3466
-183.969 42.859 -183.9 42.1785
-182.973 41.6286 -182.906 40.9725
-181.887 40.3447 -181.834 39.6905
-180.727 38.9518 -180.686 38.3254
-179.493 37.4591 -179.455 36.858
-178.162 35.8492 -178.13 35.2744
-176.711 34.1427 -176.69 33.5733
-175.172 32.2967 -175.144 31.7382
-173.559 30.3633 -173.549 29.819
-171.867 28.3468 -171.891 27.8191
-170.123 26.2593 -170.173 25.7276
-168.337 24.0978 -168.389 23.5808
-166.581 21.9087 -166.611 21.4064
-164.835 19.7147 -164.83 19.2347
-163.105 17.5739 -163.083 17.0943
-161.377 15.4291 -161.361 14.9857
-159.682 13.3035 -159.633 12.8521
-158.088 11.1536 -158.002 10.7033
-156.652 8.94091 -156.53 8.49003
-155.434 6.64052 -155.271 6.17509
-154.451 4.27582 -154.284 3.81351
-153.691 1.83608 -153.5 1.37905
-153.117 -0.68492 -152.911 -1.15566
-152.659 -3.30185 -152.434 -3.7654
-152.324 -6.00344 -152.095 -6.46701
-152.035 -8.81843 -151.791 -9.2985
-151.705 -11.6965 -151.442 -12.1644
-151.368 -14.6894 -151.094 -15.1463
-151.018 -17.7606 -150.743 -18.192
-150.658 -20.8846 -150.37 -21.3028
-150.317 -24.0396 -149.995 -24.4541
-149.995 -27.1987 -149.657 -27.615
-149.688 -30.3262 -149.321 -30.7281
-149.393 -33.4488 -149.001 -33.8121
-149.125 -36.5257 -148.719 -36.8894
-148.881 -39.5889 -148.459 -39.9668
-148.664 -42.6214 -148.23 -42.9646
-148.444 -45.6222 -148.005 -45.9641
-148.226 -48.5908 -147.799 -48.9286
-148.014 -51.5384 -147.581 -51.8813
-147.798 -54.4485 -147.359 -54.7771
-147.58 -57.3302 -147.127 -57.6307
-147.342 -60.1716 -146.877 -60.4732
-147.099 -62.9565 -146.622 -63.2507
-146.874 -65.6419 -146.375 -65.9234
-146.684 -68.189 -146.186 -68.4652
-146.575 -70.5509 -146.08 -70.8377
-146.515 -72.6894 -146.04 -72.9752
-146.496 -74.5886 -146.035 -74.8735
-146.52 -76.2492 -146.065 -76.5223
-146.562 -77.6445 -146.102 -77.9333
-146.615 -78.7529 -146.149 -79.0284
-146.644 -79.5719 -146.153 -79.8569
-146.661 -80.1958 -146.148 -80.4782
-146.656 -80.7462 -146.144 -81.021
-146.626 -81.2022 -146.13 -81.4876
-146.606 -81.58 -146.108 -81.8768
-146.554 -81.888 -146.061 -82.2013
-146.51 -82.0727 -146.033 -82.3902
-146.481 -82.1479 -146.017 -82.473
-146.467 -82.1445 -146.019 -82.4727
-146.474 -82.1485 -146.015 -82.4754
-146.484 -82.1459 -146.017 -82.4743
-146.487 -82.1448 -146.015 -82.4766
-146.493 -82.151 -146.015 -82.4745
-146.495 -82.1554 -146.017 -82.4728
-146.494 -82.1566 -146.018 -82.4747
-146.488 -82.1484 -146.015 -82.4737
-146.487 -82.1409 -146.016 -82.4723
-146.486 -82.135 -146.015 -82.4763
-146.488 -82.1325 -146.016 -82.471
-146.489 -82.1335 -146.016 -82.4708
-146.485 -82.1335 -146.013 -82.4727
-146.485 -82.1335 -146.016 -82.4685
-146.48 -82.1337 -146.018 -82.4691
-146.472 -82.1319 -146.014 -82.4738
-146.477 -82.1332 -146.015 -82.4711
-146.525 -82.162 -146.014 -82.4745
-146.566 -82.2173 -146 -82.5006
-146.591 -82.3101 -145.977 -82.5623
-146.582 -82.4262 -145.937 -82.6609
-146.552 -82.5742 -145.883 -82.7918
-146.476 -82.7785 -145.788 -82.9877
-146.351 -83.1167 -145.649 -83.3165
-146.156 -83.5744 -145.434 -83.7692
-145.88 -84.1062 -145.15 -84.2929
-145.491 -84.6826 -144.75 -84.86
-144.896 -85.3185 -144.169 -85.4811
-144.077 -86.0654 -143.336 -86.1949
-142.947 -86.8406 -142.181 -86.9427
-141.509 -87.5434 -140.695 -87.6205
-139.798 -88.0876 -138.952 -88.1262
-137.828 -88.4333 -136.969 -88.4262
-135.615 -88.6075 -134.75 -88.5572
-133.18 -88.6966 -132.317 -88.608
-130.552 -88.6805 -129.69 -88.5564
-127.724 -88.5757 -126.847 -88.4141
-124.684 -88.4643 -123.76 -88.2573
-121.46 -88.2943 -120.551 -88.06
-118.087 -88.0406 -117.221 -87.8093
-114.579 -87.7451 -113.716 -87.5089
-110.975 -87.4387 -110.133 -87.2049
-107.386 -87.1468 -106.553 -86.9095
-103.821 -86.8597 -103.029 -86.6336
-100.262 -86.572 -99.4693 -86.3575
-96.7361 -86.2939 -95.9726 -86.1009
-93.2289 -86.0175 -92.4565 -85.8278
-89.7608 -85.7575 -88.9855 -85.569
-86.3143 -85.5113 -85.5574 -85.3164
-82.9048 -85.2666 -82.1311 -85.0602
-79.5258 -84.9828 -78.7565 -84.7814
-76.1749 -84.685 -75.3956 -84.4639
-72.8496 -84.3755 -72.0797 -84.1441
-69.5564 -84.0517 -68.7561 -83.8032
-66.2698 -83.7442 -65.4606 -83.4989
-62.9885 -83.4639 -62.2164 -83.2224
-59.7253 -83.1923 -58.9583 -82.9526
-56.5119 -82.9287 -55.7359 -82.7046
-53.2879 -82.6778 -52.5336 -82.4756
-50.1024 -82.4238 -49.3298 -82.2392
-46.9613 -82.1617 -46.1475 -81.9891
-43.795 -81.9131 -42.9893 -81.7391
-40.6059 -81.6696 -39.8115 -81.507
-37.447 -81.4292 -36.7156 -81.2739
-34.3241 -81.1785 -33.5708 -81.0296
-31.2342 -80.9389 -30.4955 -80.7991
-28.1649 -80.7195 -27.3989 -80.5753
-25.1309 -80.5129 -24.3919 -80.3524
-22.1281 -80.3138 -21.3878 -80.1417
-19.2034 -80.118 -18.4344 -79.9374
-16.44 -79.9296 -15.6493 -79.7462
-13.8624 -79.7309 -13.0456 -79.5598
-11.471 -79.5052 -10.6475 -79.3351
-9.26731 -79.2587 -8.4364 -79.0943
-7.27231 -78.9405 -6.4309 -78.7924
-5.47291 -78.5496 -4.6691 -78.4259
-3.86783 -78.0863 -3.03578 -77.9555
-2.38561 -77.504 -1.55248 -77.3905
-1.02785 -76.8001 -0.193239 -76.6999
0.166806 -75.9119 0.98462 -75.8126
1.18203 -74.883 1.97697 -74.7929
1.97724 -73.7097 2.7719 -73.6143
2.62559 -72.4325 3.39909 -72.3363
3.04631 -71.0534 3.79936 -70.9601
3.33279 -69.6101 4.05654 -69.5336
3.50575 -68.0968 4.21218 -68.0113
3.62308 -66.5056 4.32122 -66.4016
3.67389 -64.79 4.36295 -64.6903
3.66402 -62.9254 4.34472 -62.8454
3.59123 -60.9157 4.27534 -60.8302
3.48557 -58.7604 4.18371 -58.6827
3.37574 -56.4938 4.06162 -56.4091
3.2431 -54.2035 3.92914 -54.1337
3.06979 -51.9072 3.76254 -51.8478
2.87171 -49.6123 3.56865 -49.5599
2.69026 -47.3187 3.3821 -47.2697
2.51462 -45.0397 3.19455 -44.9881
2.33649 -42.787 3.00576 -42.738
2.17605 -40.5742 2.83532 -40.5423
2.0238 -38.4413 2.68967 -38.4156
1.89552 -36.4147 2.5362 -36.3538
1.76667 -34.4582 2.39602 -34.3893
1.64558 -32.5445 2.25902 -32.5067
1.52472 -30.6745 2.12211 -30.6166
1.41239 -28.8403 1.99153 -28.7686
1.30599 -27.0287 1.85453 -26.9807
1.19111 -25.2395 1.70858 -25.1773
1.06737 -23.4769 1.56355 -23.418
0.934574 -21.7655 1.40955 -21.7051
0.802905 -20.1402 1.2782 -20.0962
0.699503 -18.6159 1.15572 -18.6126
0.601767 -17.1963 1.04707 -17.1517
0.507341 -15.8858 0.913275 -15.5884
0.417035 -14.7267 0.79665 -13.9602
0.351258 -13.7606 0.711143 -12.5572
0.299516 -12.9304 0.630923 -11.2604
0.263868 -12.153 0.558526 -10.0287
0.238575 -11.3911 0.484135 -8.81019
0.198165 -10.6449 0.401961 -7.60862
0.151201 -9.90787 0.311514 -6.41463
0.0910114 -9.1835 0.194888 -5.24662
0.0168597 -8.47671 0.0603291 -4.08657
-0.0708621 -7.77839 -0.0940821 -2.93327
-0.158415 -7.09403 -0.187838 -3.0453
-0.234301 -6.41269 -0.125138 -6.06268
-0.307917 -5.7423 0.0122341 -5.64237
-0.360352 -5.06898 -0.0382022 -5.03544
-0.40159 -4.32804 -0.0893631 -4.31187
-0.431289 -3.48317 -0.1386 -3.47198
-0.464543 -2.5559 -0.168055 -2.59915
-0.487938 -1.55628 -0.191543 -1.57702
-0.49971 -0.485171 -0.22685 -0.491066
-0.511556 0.679747 -0.274493 0.67251
-0.388368 1.89036 -0.249878 1.86367
-0.387786 3.05066 -0.309351 3.00483
-0.473375 4.17533 -0.452633 4.10412
-0.669462 5.26288 -0.690307 5.15912
-0.929674 6.29195 -0.995529 6.17217
-1.22934 7.28941 -1.31787 7.17586
-1.43861 8.24938 -1.5406 8.14433
-1.56547 8.94694 -1.67582 8.83963
-1.6158 9.32463 -1.73016 9.22407
-1.63585 9.40484 -1.74014 9.31933
-1.64033 9.37617 -1.7382 9.29782
-1.64354 9.37105 -1.73976 9.29979
