-5.55112e-17 2.22045e-16 2.32831e-10 0
-0.031067 2.88805 0.00667665 2.86977
-0.0645855 5.73896 0.0149623 5.7045
-0.101303 8.53549 0.00701505 8.49911
-0.142194 11.3395 -0.00736144 11.2631
-0.184906 14.0414 -0.0313818 13.9847
-0.236713 16.7431 -0.0655556 16.6672
-0.293743 19.4142 -0.118387 19.3257
-0.351775 22.0379 -0.172573 21.9381
-0.412104 24.6154 -0.241403 24.4747
-0.469077 27.0804 -0.313386 26.9726
-0.537729 29.4547 -0.391269 29.3497
-0.609883 31.7533 -0.48934 31.6787
-0.707028 33.9623 -0.585488 33.8829
-0.822501 36.0857 -0.701033 36.014
-0.935694 38.1112 -0.815333 38.0342
-1.02297 40.0375 -0.913928 39.9736
-1.10735 41.8909 -1.00629 41.8133
-1.15652 43.5924 -1.05031 43.5242
-1.16528 45.1105 -1.07885 45.0517
-1.1397 46.4356 -1.04101 46.3727
-1.07774 47.5673 -0.981792 47.498
-1.00626 48.4509 -0.915365 48.4096
-0.897746 49.2324 -0.803024 49.2025
-0.757712 49.9861 -0.657067 49.9556
-0.562625 50.7073 -0.457834 50.6869
-0.317219 51.4202 -0.199479 51.4072
0.000273587 52.1298 0.125578 52.1213
0.427978 52.8003 0.565779 52.7999
0.965237 53.4728 1.11008 53.484
1.65826 54.1534 1.81728 54.1712
2.61268 54.7899 2.74999 54.8345
3.76614 55.3354 3.90326 55.4028
5.10372 55.7214 5.24076 55.835
6.61237 55.9028 6.72398 56.0541
8.20958 55.9714 8.33352 56.1472
9.93325 55.9818 10.0636 56.159
11.755 55.963 11.8476 56.1194
13.6731 55.8833 13.7733 56.0559
15.698 55.779 15.8231 55.9816
17.7847 55.6721 17.9012 55.902
19.9782 55.5903 20.0784 55.8456
22.1671 55.5101 22.2894 55.8084
24.3733 55.4845 24.517 55.8026
26.5681 55.4726 26.6987 55.8096
28.7777 55.5103 28.9298 55.8222
30.9856 55.5486 31.1649 55.8685
33.2074 55.6135 33.391 55.939
35.4425 55.7093 35.6791 56.0461
37.7047 55.8266 37.9216 56.1748
40.0022 55.9763 40.218 56.3274
42.3395 56.1413 42.5713 56.5044
44.7137 56.3439 44.955 56.7191
47.1222 56.6053 47.3454 56.9846
49.5407 56.9216 49.7737 57.3096
51.9891 57.2973 52.2103 57.6832
54.3432 57.6985 54.5629 58.0916
56.6455 58.1203 56.8512 58.5353
58.876 58.5673 59.1009 58.9907
61.0132 59.0211 61.2472 59.461
63.0559 59.4684 63.293 59.9249
65.0328 59.9022 65.2736 60.3703
66.9221 60.2984 67.1834 60.7797
68.7247 60.6779 68.9754 61.1478
70.45 61.033 70.7074 61.4906
72.0865 61.3467 72.3399 61.7878
73.7011 61.657 73.9624 62.1145
75.3352 61.9448 75.5952 62.4052
76.9926 62.2914 77.2488 62.7673
78.6926 62.692 78.9664 63.1836
80.4534 63.1799 80.7055 63.6651
82.2658 63.7405 82.5383 64.2313
84.194 64.3998 84.4802 64.9099
86.2244 65.1538 86.462 65.6461
88.3579 65.9934 88.5699 66.4734
90.5024 66.9071 90.6968 67.3829
92.609 67.9037 92.7993 68.3608
94.6331 68.9201 94.8313 69.3379
96.5834 69.913 96.7968 70.3148
98.4351 70.8839 98.6848 71.2771
100.212 71.8162 100.475 72.2065
101.906 72.7358 102.198 73.1125
103.511 73.6209 103.826 73.9703
105.06 74.4823 105.38 74.8262
106.565 75.3431 106.898 75.6774
108.029 76.2288 108.345 76.5593
109.485 77.1609 109.783 77.4966
111.012 78.1711 111.27 78.5119
112.583 79.2468 112.8 79.5898
114.229 80.4259 114.391 80.771
115.948 81.7293 116.073 82.0633
117.7 83.1511 117.783 83.4741
119.523 84.6852 119.56 84.9828
121.433 86.2927 121.42 86.5746
123.378 87.9782 123.324 88.249
125.311 89.7536 125.23 90.0277
127.276 91.5969 127.158 91.8575
129.225 93.4639 129.12 93.7132
131.149 95.4032 131.048 95.6514
133.059 97.4193 132.963 97.6684
134.954 99.4886 134.859 99.7204
136.853 101.579 136.755 101.814
138.768 103.701 138.601 103.892
140.669 105.771 140.491 105.989
142.593 107.806 142.401 108.049
144.499 109.784 144.291 110.039
146.448 111.754 146.187 111.986
148.396 113.639 148.112 113.884
150.376 115.438 150.072 115.745
152.404 117.222 152.047 117.574
154.479 118.989 154.07 119.343
156.645 120.725 156.224 121.163
158.906 122.432 158.489 122.955
161.195 124.064 160.688 124.584
163.499 125.602 162.981 126.211
165.801 127.092 165.202 127.702
168.047 128.527 167.401 129.138
170.193 129.882 169.561 130.515
172.32 131.175 171.726 131.823
174.355 132.418 173.714 133.056
176.353 133.631 175.774 134.291
178.294 134.778 177.709 135.448
180.175 135.864 179.621 136.554
181.99 136.891 181.45 137.581
183.747 137.844 183.231 138.535
185.503 138.753 185.009 139.449
187.317 139.65 186.849 140.348
189.198 140.527 188.747 141.235
191.167 141.381 190.714 142.099
193.245 142.204 192.804 142.939
195.46 143.026 195.012 143.767
197.772 143.834 197.34 144.591
200.145 144.607 199.718 145.379
202.692 145.398 202.264 146.17
205.249 146.172 204.834 146.97
207.861 146.926 207.502 147.748
210.549 147.644 210.151 148.46
213.3 148.348 212.969 149.186
216.084 149.049 215.797 149.893
218.86 149.726 218.553 150.576
221.645 150.382 221.414 151.249
224.412 151.022 224.156 151.884
227.168 151.643 226.952 152.504
229.919 152.23 229.722 153.082
232.689 152.786 232.464 153.624
235.449 153.313 235.242 154.139
238.2 153.803 238.004 154.637
240.934 154.256 240.753 155.107
243.669 154.668 243.483 155.526
246.368 155.041 246.235 155.896
249.07 155.358 248.973 156.224
251.726 155.633 251.616 156.508
254.402 155.881 254.319 156.755
257.043 156.09 256.946 156.964
259.66 156.224 259.558 157.091
262.272 156.316 262.179 157.186
264.866 156.357 264.75 157.218
267.459 156.36 267.367 157.218
270.039 156.344 269.956 157.2
272.588 156.33 272.515 157.163
275.056 156.33 275.016 157.148
277.448 156.36 277.432 157.154
279.738 156.43 279.741 157.205
281.938 156.52 281.954 157.277
284.012 156.634 284.056 157.357
285.967 156.762 286.016 157.46
287.811 156.898 287.878 157.579
289.549 157.042 289.631 157.711
291.199 157.18 291.26 157.846
292.76 157.324 292.844 157.981
294.237 157.468 294.338 158.125
295.702 157.617 295.762 158.258
297.209 157.765 297.301 158.4
298.768 157.889 298.874 158.508
300.433 158.017 300.546 158.624
302.189 158.142 302.359 158.728
304.039 158.268 304.226 158.821
305.995 158.406 306.198 158.944
308.049 158.532 308.249 159.044
310.174 158.661 310.389 159.157
312.381 158.771 312.609 159.24
314.676 158.868 314.941 159.292
317.037 158.975 317.312 159.374
319.478 159.097 319.761 159.45
321.983 159.232 322.275 159.563
324.557 159.385 324.906 159.652
327.199 159.562 327.499 159.786
329.888 159.763 330.19 159.95
332.607 159.992 332.917 160.13
335.346 160.242 335.68 160.322
338.088 160.502 338.435 160.533
340.808 160.751 341.22 160.751
343.521 160.989 343.972 160.97
346.224 161.227 346.711 161.185
348.906 161.474 349.392 161.376
351.59 161.718 352.107 161.579
354.273 161.969 354.828 161.798
356.966 162.24 357.495 162.072
359.667 162.55 360.203 162.39
362.376 162.896 362.911 162.748
365.063 163.323 365.599 163.186
367.727 163.851 368.26 163.683
370.349 164.475 370.955 164.269
372.964 165.139 373.555 164.858
375.6 165.827 376.251 165.53
378.23 166.566 378.923 166.229
380.802 167.357 381.562 166.952
383.318 168.172 384.172 167.741
385.808 169.014 386.695 168.504
388.246 169.856 389.206 169.286
390.651 170.695 391.663 170.049
393.015 171.503 394.102 170.802
395.404 172.284 396.528 171.53
397.78 173.064 398.935 172.219
400.205 173.874 401.408 172.963
402.726 174.699 403.941 173.703
405.239 175.53 406.548 174.471
407.81 176.37 409.163 175.224
410.381 177.246 411.793 176.021
412.944 178.092 414.387 176.8
415.502 178.907 416.983 177.597
417.987 179.722 419.529 178.382
420.401 180.499 421.928 179.106
422.724 181.23 424.254 179.794
424.971 181.953 426.514 180.463
427.191 182.655 428.744 181.115
429.365 183.331 430.951 181.749
431.542 184.015 433.138 182.371
433.71 184.706 435.32 183.001
435.894 185.397 437.511 183.642
437.987 186.095 439.668 184.275
439.977 186.775 441.687 184.897
441.889 187.423 443.635 185.504
443.71 188.041 445.484 186.08
445.449 188.641 447.214 186.628
447.056 189.201 448.875 187.163
448.591 189.74 450.416 187.653
450.015 190.249 451.892 188.144
451.353 190.721 453.251 188.585
452.596 191.161 454.522 188.998
453.71 191.55 455.653 189.361
454.731 191.911 456.708 189.696
455.653 192.247 457.656 189.998
456.505 192.534 458.532 190.269
457.319 192.826 459.356 190.522
458.11 193.111 460.159 190.784
458.897 193.411 460.97 191.057
459.698 193.76 461.798 191.375
460.532 194.166 462.627 191.744
461.37 194.632 463.49 192.196
462.159 195.14 464.27 192.682
462.9 195.613 465.027 193.138
463.586 195.962 465.768 193.477
464.354 196.274 466.458 193.746
465.139 196.551 467.255 193.984
465.949 196.8 468.067 194.192
466.714 197.006 468.832 194.381
467.41 197.209 469.533 194.574
468.005 197.427 470.138 194.787
468.491 197.643 470.629 195.02
468.884 197.788 471.023 195.199
469.204 197.984 471.334 195.414
469.473 198.135 471.606 195.602
469.709 198.262 471.835 195.771
469.858 198.4 471.984 195.922
469.985 198.505 472.119 196.035
470.093 198.6 472.235 196.128
