0 5.34886e-05 0.00474049 100 13.5135
0 5.19052e-05 0.00249955 200 13.6054
0 4.68347e-05 0.00450615 300 14.0845
10 4.25674e-05 0.00453754 100 13.5135
10 4.45516e-05 0.00253196 200 13.6986
10 4.37947e-05 0.00423822 300 14.1509
20 5.28158e-05 0.00332877 100 13.5135
20 5.24763e-05 0.00291184 200 13.6986
20 4.31241e-05 0.0051739 300 14.2857
30 3.96682e-05 0.00314677 100 13.5135
30 4.63869e-05 0.00300754 200 13.7931
30 3.84131e-05 0.00464427 300 14.3541
40 4.36732e-05 0.00390378 100 13.3333
40 4.88283e-05 0.00307778 200 13.8889
40 3.81709e-05 0.00491732 300 14.4928
50 3.93665e-05 0.00397489 100 13.3333
50 4.29855e-05 0.00312288 200 13.986
50 3.91981e-05 0.00481546 300 14.5631
60 5.41531e-05 0.00588781 100 13.3333
60 4.54785e-05 0.00428681 200 13.986
60 4.45741e-05 0.00519354 300 14.6341
70 4.63225e-05 0.00360637 100 13.3333
70 4.88283e-05 0.00413081 200 14.1844
80 5.6943e-05 0.00468937 100 13.5135
80 5.03903e-05 0.00438001 200 14.2857
90 5.65227e-05 0.00250048 100 13.5135
90 4.14322e-05 0.00399129 200 14.4928
100 6.05942e-05 0.00467639 100 13.6986
100 4.69616e-05 0.00462039 200 14.7059
110 6.74819e-05 0.00506367 100 14.0845
110 4.23569e-05 0.00436739 200 14.8148
120 5.28158e-05 0.00629247 100 14.2857
120 3.51258e-05 0.00436395 200 15.0376
130 4.42158e-05 0.00446823 100 14.4928
130 4.13602e-05 0.00394468 200 15.1515
140 4.39454e-05 0.00385062 100 14.7059
140 4.61292e-05 0.00312406 200 15.3846
150 3.58812e-05 0.00335794 100 14.9254
160 3.68644e-05 0.00364774 100 15.1515
170 2.34172e-05 0.00406394 100 15.3846
180 3.16443e-05 0.00453421 100 15.3846
190 5.21342e-05 0.0034656 100 15.625
200 5.19051e-05 0.00197848 100 15.625
