-5.55112e-17 2.22045e-16 0 -2.98023e-08
0.00203758 3.94173 -0.0343408 3.9441
0.00757102 7.90877 -0.0546141 7.89369
0.00678092 11.9043 -0.0865458 11.874
-0.00585175 15.9307 -0.148717 15.9079
0.00500609 19.9867 -0.154632 19.9797
-0.00736932 24.0721 -0.156272 24.0557
0.00196227 28.1947 -0.177836 28.16
0.00682708 32.3353 -0.191774 32.2914
0.0121194 36.5079 -0.202234 36.4461
0.0194295 40.7044 -0.206189 40.6368
0.0262236 44.9282 -0.230912 44.8656
0.0335922 49.1796 -0.232338 49.086
0.0253698 53.4572 -0.260205 53.3489
0.0132291 57.7455 -0.302355 57.6291
0.00276421 62.028 -0.332217 61.9161
-0.00595393 66.2894 -0.352341 66.2327
-0.0270227 70.53 -0.384214 70.4245
-0.0467759 74.7424 -0.419344 74.6344
-0.0528733 78.935 -0.436169 78.8475
-0.0483881 83.0972 -0.443214 82.9927
-0.0751804 87.2502 -0.466701 87.1408
-0.111047 91.3752 -0.484582 91.315
-0.169705 95.4608 -0.513811 95.458
-0.234406 99.5151 -0.54414 99.5519
-0.28676 103.546 -0.57924 103.623
-0.334309 107.565 -0.606654 107.697
-0.394315 111.577 -0.624232 111.581
-0.42959 115.56 -0.638877 115.607
-0.430614 119.561 -0.638674 119.61
-0.456074 123.624 -0.624721 123.587
-0.47085 127.692 -0.607224 127.599
-0.470125 131.756 -0.566245 131.676
-0.46612 135.815 -0.515601 135.624
-0.464181 139.863 -0.474129 139.689
-0.474702 143.91 -0.443135 143.72
-0.484415 147.954 -0.413131 147.792
-0.497985 151.992 -0.37715 151.821
-0.518837 156.033 -0.372546 155.858
-0.490889 160.079 -0.330291 159.869
-0.47678 164.13 -0.327464 163.938
-0.449484 168.2 -0.311604 167.991
-0.411154 172.284 -0.308665 172.154
-0.358878 176.409 -0.302662 176.284
-0.313655 180.542 -0.286308 180.459
-0.318656 184.704 -0.300275 184.658
-0.308933 188.9 -0.308753 188.875
-0.300756 193.121 -0.304094 193.193
-0.295505 197.381 -0.274511 197.412
-0.332199 201.657 -0.28909 201.723
-0.348136 205.97 -0.286135 206.043
-0.342964 210.323 -0.259296 210.377
-0.357581 214.714 -0.254449 214.744
-0.360488 219.142 -0.245039 219.15
-0.375507 223.589 -0.242286 223.665
-0.378527 228.06 -0.258401 228.189
-0.37457 232.542 -0.255307 232.671
-0.378408 237.045 -0.254031 237.197
-0.382092 241.571 -0.25883 241.651
-0.377078 246.123 -0.251332 246.213
-0.365894 250.696 -0.242341 250.757
-0.356528 255.288 -0.231095 255.355
-0.3408 259.9 -0.216387 260
-0.325374 264.511 -0.198985 264.597
-0.317394 269.138 -0.166568 269.204
-0.31404 273.765 -0.134863 273.838
-0.306203 278.395 -0.0988662 278.506
-0.27649 283.05 -0.0482468 283.122
-0.230158 287.7 0.0203148 287.779
-0.192693 292.369 0.0796786 292.46
-0.168171 297.072 0.128837 297.139
-0.143657 301.821 0.162539 301.914
-0.111308 306.609 0.213898 306.732
-0.0932494 311.433 0.277664 311.477
-0.107981 316.295 0.299966 316.362
-0.10397 321.182 0.302724 321.286
-0.0964844 326.068 0.335306 326.2
-0.0744272 330.951 0.353367 331.057
-0.0543496 335.802 0.387842 335.937
-0.0425701 340.629 0.405561 340.785
-0.0351466 345.453 0.400442 345.616
-0.0415633 350.253 0.391457 350.408
-0.0750661 355.038 0.37501 355.193
-0.109101 359.812 0.364163 359.973
-0.141995 364.587 0.360873 364.753
-0.185891 369.387 0.344789 369.513
-0.237813 374.225 0.331769 374.306
-0.270401 378.993 0.323842 379.109
-0.296087 383.841 0.347565 383.893
-0.316454 388.686 0.355484 388.76
-0.32379 393.558 0.383874 393.697
