-5.55112e-17 2.22045e-16 0 -2.98023e-08
0.00203758 3.94173 -0.0360798 3.93808
0.00757102 7.90877 -0.0583679 7.89728
0.00678092 11.9043 -0.0953615 11.8697
-0.00585175 15.9307 -0.149354 15.8929
0.00500609 19.9867 -0.156895 19.9636
-0.00736932 24.0721 -0.16483 24.0505
0.00196227 28.1947 -0.185421 28.1359
0.00682708 32.3353 -0.196103 32.2862
0.0121194 36.5079 -0.204284 36.4425
0.0194295 40.7044 -0.230193 40.6217
0.0262236 44.9282 -0.242408 44.8436
0.0335922 49.1796 -0.25249 49.0658
0.0253698 53.4572 -0.27379 53.3405
0.0132291 57.7455 -0.312381 57.6098
0.00276421 62.028 -0.344438 61.908
-0.00595393 66.2894 -0.375668 66.1935
-0.0270227 70.53 -0.404304 70.413
-0.0467759 74.7424 -0.443052 74.6959
-0.0528733 78.935 -0.468248 78.8726
-0.0483881 83.0972 -0.473453 83.0929
-0.0751804 87.2502 -0.497625 87.168
-0.111047 91.3752 -0.518938 91.2942
-0.169705 95.4608 -0.54428 95.5536
-0.234406 99.5151 -0.582911 99.6102
-0.28676 103.546 -0.618213 103.686
-0.334309 107.565 -0.648363 107.752
-0.394315 111.577 -0.668122 111.733
-0.42959 115.56 -0.683401 115.853
-0.430614 119.561 -0.688746 119.805
-0.456074 123.624 -0.675424 123.854
-0.47085 127.692 -0.660934 127.844
-0.470125 131.756 -0.616382 131.88
-0.46612 135.815 -0.569026 135.833
-0.464181 139.863 -0.523389 139.917
-0.474702 143.91 -0.499822 143.955
-0.484415 147.954 -0.469146 147.995
-0.497985 151.992 -0.433727 152.075
-0.518837 156.033 -0.428851 156.135
-0.490889 160.079 -0.389829 160.146
-0.47678 164.13 -0.383809 164.244
-0.449484 168.2 -0.373814 168.349
-0.411154 172.284 -0.369569 172.528
-0.358878 176.409 -0.360256 176.636
-0.313655 180.542 -0.345446 180.924
-0.318656 184.704 -0.364434 185.081
-0.308933 188.9 -0.371182 189.386
-0.300756 193.121 -0.363329 193.655
-0.295505 197.381 -0.336511 197.896
-0.332199 201.657 -0.3517 202.149
-0.348136 205.97 -0.351402 206.464
-0.342964 210.323 -0.323741 210.892
-0.357581 214.714 -0.320774 215.213
-0.360488 219.142 -0.316973 219.672
-0.375507 223.589 -0.310407 224.115
-0.378527 228.06 -0.327125 228.623
-0.37457 232.542 -0.320608 233.096
-0.378408 237.045 -0.319394 237.577
-0.382092 241.571 -0.329267 242.145
-0.377078 246.123 -0.321457 246.701
-0.365894 250.696 -0.312354 251.236
-0.356528 255.288 -0.296585 255.857
-0.3408 259.9 -0.291955 260.441
-0.325374 264.511 -0.269363 265.087
-0.317394 269.138 -0.23485 269.797
-0.31404 273.765 -0.212573 274.445
-0.306203 278.395 -0.164265 279.137
-0.27649 283.05 -0.0905772 283.779
-0.230158 287.7 -0.0195819 288.487
-0.192693 292.369 0.0584181 293.107
-0.168171 297.072 0.114781 297.841
-0.143657 301.821 0.180354 302.647
-0.111308 306.609 0.238432 307.422
-0.0932494 311.433 0.286502 312.229
-0.107981 316.295 0.324534 317.114
-0.10397 321.182 0.339673 322.011
-0.0964844 326.068 0.343719 326.885
-0.0744272 330.951 0.373829 331.803
-0.0543496 335.802 0.400615 336.654
-0.0425701 340.629 0.450811 341.524
-0.0351466 345.453 0.42924 346.34
-0.0415633 350.253 0.430624 351.183
-0.0750661 355.038 0.400885 355.95
-0.109101 359.812 0.392255 360.732
-0.141995 364.587 0.370829 365.467
-0.185891 369.387 0.384846 370.251
-0.237813 374.225 0.372239 375.051
-0.270401 378.993 0.373451 379.848
-0.296087 383.841 0.399052 384.619
-0.316454 388.686 0.419752 389.5
-0.32379 393.558 0.457968 394.407
