5.55112e-17 -4.44089e-16 0 0
-0.140643 2.57496 -0.00904392 2.08387
-0.28122 5.14899 -0.0771127 4.33277
-0.421837 7.72404 -0.18334 6.68831
-0.562431 10.299 -0.320648 9.15589
-0.701879 12.8696 -0.461367 11.6811
-0.854664 15.4796 -0.628708 14.2882
-1.01159 18.1732 -0.807386 16.9608
-1.17184 20.9137 -0.994832 19.6869
-1.33484 23.7095 -1.19258 22.494
-1.48704 26.5447 -1.37334 25.3317
-1.63336 29.4229 -1.54755 28.2026
-1.76898 32.3571 -1.71412 31.1364
-1.92978 35.331 -1.89938 34.0786
-2.12695 38.4715 -2.108 37.099
-2.32994 41.5611 -2.33518 40.0972
-2.53589 44.5979 -2.54291 43.0644
-2.72891 47.5928 -2.75704 46.0348
-2.93794 50.5377 -2.98792 48.9413
-3.13018 53.465 -3.2101 51.8478
-3.31092 56.3504 -3.41992 54.7158
-3.51131 59.2254 -3.63042 57.5725
-3.70338 62.0063 -3.87785 60.3308
-3.9126 64.6979 -4.1317 63.0201
-4.11444 67.2645 -4.36419 65.5873
-4.31302 69.7142 -4.59483 68.0331
-4.51487 72.0374 -4.83822 70.3432
-4.70949 74.1754 -5.06697 72.4441
-4.89189 76.1383 -5.27331 74.396
-5.03904 77.9253 -5.43207 76.1689
-5.15977 79.5923 -5.5757 77.813
-5.23521 81.1354 -5.65991 79.3402
-5.20747 82.5559 -5.62663 80.791
-5.02956 83.8853 -5.44537 82.1356
-4.68094 85.1182 -5.08872 83.3747
-4.13009 86.2 -4.54273 84.4664
-3.39307 87.0956 -3.8003 85.3655
-2.50814 87.8201 -2.92555 86.1067
-1.51105 88.3435 -1.92065 86.6721
-0.450022 88.7479 -0.898061 87.0808
0.676345 89.0231 0.188823 87.3506
1.83291 89.2772 1.33947 87.6237
3.08976 89.419 2.54749 87.7853
4.47577 89.5561 3.91776 87.9553
5.97457 89.621 5.37488 88.0561
7.61409 89.6715 6.99675 88.1687
9.42023 89.7079 8.81899 88.2586
11.3884 89.7215 10.7683 88.3197
13.505 89.7387 12.8874 88.4114
15.7737 89.8053 15.154 88.5377
18.1565 89.9295 17.5752 88.719
20.5819 90.0828 19.9841 88.929
23.0343 90.2277 22.4204 89.1257
25.4784 90.365 24.8552 89.3181
27.9099 90.4992 27.2715 89.5111
30.3403 90.5889 29.6611 89.6606
32.7407 90.5983 32.0384 89.7329
35.1104 90.5296 34.3928 89.737
37.4308 90.3867 36.7362 89.6477
39.6836 90.1763 38.9882 89.4891
41.8632 89.9103 41.1417 89.2912
43.9595 89.6344 43.2823 89.0423
45.9228 89.3786 45.2418 88.8374
47.7263 89.1933 47.0446 88.698
49.3665 89.1211 48.69 88.6561
50.9394 89.1915 50.2411 88.7569
52.4641 89.4509 51.7622 89.0688
53.8895 89.9453 53.1693 89.6182
55.1332 90.661 54.4068 90.3733
56.1585 91.6203 55.4152 91.3622
56.9679 92.7649 56.2185 92.5278
57.5399 94.0612 56.7764 93.8258
57.9272 95.4469 57.1529 95.2038
58.2773 96.8844 57.49 96.6539
58.5895 98.4035 57.7847 98.1703
58.9404 100.002 58.1119 99.7797
59.3432 101.693 58.496 101.465
59.7988 103.5 58.9305 103.271
60.3091 105.392 59.4198 105.172
60.8191 107.364 59.9035 107.123
61.3551 109.478 60.4157 109.257
61.8741 111.669 60.9085 111.464
62.4176 113.965 61.4226 113.763
62.9737 116.373 61.9411 116.152
63.5125 118.836 62.4479 118.598
64.0574 121.343 62.9594 121.074
64.6559 123.877 63.531 123.579
65.2621 126.423 64.111 126.083
65.8648 128.941 64.6827 128.607
66.5105 131.383 65.2697 131.061
67.1355 133.867 65.8461 133.552
67.7482 136.262 66.3797 135.975
68.3115 138.669 66.8962 138.383
68.8308 141.067 67.3585 140.783
69.3598 143.451 67.8382 143.183
69.8446 145.83 68.2915 145.558
70.2574 148.241 68.685 147.934
70.6341 150.615 69.034 150.292
70.9526 153.049 69.3152 152.716
71.2367 155.483 69.5552 155.153
71.4307 157.959 69.7311 157.647
71.5921 160.421 69.8615 160.125
71.7056 162.889 69.9523 162.609
71.8112 165.387 70.042 165.09
71.9015 167.846 70.1047 167.537
71.9442 170.358 70.1213 170.025
71.9442 172.867 70.0936 172.5
71.8808 175.411 70.0002 175.034
71.7593 177.948 69.8461 177.561
71.6294 180.489 69.6796 180.089
71.4958 183.069 69.5178 182.656
71.3899 185.611 69.384 185.19
71.2292 188.182 69.192 187.727
71.0758 190.695 68.9996 190.245
70.9082 193.208 68.8011 192.752
70.7322 195.676 68.6027 195.197
70.5873 197.903 68.4228 197.637
70.462 200.022 68.2216 199.867
70.3367 202.142 68.0675 201.925
70.2113 204.261 67.9297 203.943
70.0859 206.379 67.8298 205.918
69.9861 208.445 67.7855 207.849
70.0078 210.376 67.8042 209.779
70.0261 212.296 67.8086 211.695
70.0176 214.252 67.79 213.658
70.0132 216.217 67.7772 215.586
69.9721 218.271 67.7261 217.626
69.9344 220.317 67.6847 219.685
69.9728 222.305 67.6375 221.769
69.9816 224.354 67.5884 223.874
69.9819 226.399 67.5567 225.954
69.9492 228.454 67.4972 228.032
69.9072 230.454 67.4497 230.049
69.8598 232.418 67.3731 232.049
69.8102 234.248 67.3117 233.901
69.755 235.897 67.2194 235.567
69.603 237.437 67.0268 237.112
69.315 238.92 66.7231 238.574
68.8464 240.277 66.2169 239.902
68.1661 241.479 65.5111 241.054
67.3183 242.493 64.6445 242.04
66.3322 243.344 63.6407 242.869
65.2601 243.992 62.5684 243.483
64.1403 244.474 61.4409 243.907
62.8675 244.773 60.1598 244.172
61.4589 244.926 58.7531 244.29
59.9474 244.952 57.2626 244.279
58.3354 244.902 55.6448 244.177
56.596 244.824 53.9089 244.045
54.694 244.744 52.0068 243.915
52.6504 244.605 49.9322 243.769
50.452 244.391 47.6637 243.624
48.0581 244.235 45.1964 243.488
45.515 244.101 42.5898 243.336
42.9218 243.969 39.9392 243.201
40.3166 243.84 37.3159 243.056
37.7069 243.722 34.6658 242.891
35.0949 243.63 32.0442 242.689
32.4729 243.489 29.4478 242.474
29.8519 243.348 26.8979 242.254
27.2642 243.258 24.3558 242.072
24.7241 243.175 21.8257 241.916
22.2104 243.091 19.3615 241.772
19.7363 242.98 16.9298 241.607
17.3111 242.85 14.522 241.424
14.9018 242.683 12.1541 241.199
12.542 242.455 9.78735 240.939
10.2581 242.218 7.48734 240.664
8.07728 241.997 5.32215 240.402
6.03215 241.805 3.27695 240.16
4.11442 241.647 1.35105 239.971
2.32591 241.524 -0.415273 239.818
0.684853 241.422 -2.0474 239.701
-0.804697 241.362 -3.51324 239.61
-2.14706 241.322 -4.82839 239.542
-3.33505 241.321 -6.02188 239.518
-4.3627 241.348 -7.04207 239.515
-5.19561 241.375 -7.86184 239.525
-5.78797 241.411 -8.43842 239.552
-6.14894 241.436 -8.79008 239.563
-6.34761 241.454 -8.96857 239.568
-6.44103 241.457 -9.05303 239.566
-6.44144 241.456 -9.04726 239.568
-6.43993 241.463 -9.04286 239.569
-6.44044 241.483 -9.04538 239.57
-6.48061 241.498 -9.08583 239.569
-6.56026 241.508 -9.15622 239.574
-6.74249 241.516 -9.33167 239.578
-7.09925 241.542 -9.67614 239.601
-7.62731 241.598 -10.1933 239.644
-8.29317 241.705 -10.8574 239.755
-9.05063 241.891 -11.6201 239.937
-9.86361 242.208 -12.434 240.246
-10.7277 242.662 -13.2873 240.69
-11.5662 243.294 -14.1266 241.33
-12.3177 244.122 -14.8739 242.162
-12.9699 245.164 -15.5374 243.224
-13.4696 246.441 -16.0403 244.51
-13.8281 247.877 -16.4208 245.994
-14.0575 249.558 -16.6683 247.677
-14.1762 251.406 -16.8139 249.505
-14.2647 253.405 -16.9222 251.486
-14.3289 255.544 -17.012 253.598
-14.3996 257.838 -17.1001 255.865
-14.4714 260.263 -17.1992 258.263
-14.5616 262.808 -17.3279 260.768
-14.6528 265.492 -17.4534 263.418
-14.7398 268.254 -17.5649 266.14
-14.8583 271.135 -17.7136 268.979
-14.9735 274.135 -17.8652 271.972
-15.0695 277.176 -18.0101 275.021
-15.1752 280.294 -18.1672 278.144
-15.2972 283.446 -18.341 281.299
-15.4366 286.62 -18.5472 284.471
-15.5858 289.811 -18.769 287.647
-15.7362 292.96 -18.988 290.73
-15.8853 296.072 -19.2183 293.846
-16.047 299.166 -19.4452 296.923
-16.2197 302.246 -19.6694 300.018
-16.3897 305.314 -19.9062 303.116
-16.5597 308.378 -20.1264 306.142
-16.7094 311.459 -20.346 309.237
-16.8393 314.563 -20.5727 312.348
-16.9723 317.709 -20.7757 315.501
-17.1184 320.893 -20.9826 318.634
-17.2817 324.127 -21.1836 321.833
-17.4544 327.375 -21.3898 325.056
-17.6142 330.594 -21.5741 328.249
-17.7759 333.802 -21.7705 331.392
-17.9596 336.995 -21.9514 334.557
-18.1284 340.134 -22.1402 337.673
-18.2956 343.192 -22.3309 340.714
-18.4531 346.169 -22.5268 343.675
-18.6326 349.056 -22.7369 346.544
-18.8177 351.841 -22.9462 349.326
-18.9865 354.488 -23.1436 351.986
-19.1249 356.982 -23.3194 354.481
-19.2209 359.289 -23.4924 356.796
-19.3104 361.378 -23.6264 358.897
-19.3901 363.254 -23.7485 360.772
-19.4583 364.946 -23.8414 362.472
-19.5524 366.417 -23.9688 363.971
-19.7169 367.756 -24.1499 365.314
-19.992 369.044 -24.4399 366.604
-20.4131 370.267 -24.8674 367.799
-20.9945 371.391 -25.465 368.889
-21.7679 372.412 -26.2575 369.879
-22.7404 373.381 -27.2499 370.792
-23.9314 374.199 -28.4673 371.573
-25.3119 374.775 -29.8578 372.094
-26.8491 375.103 -31.4049 372.358
-28.5413 375.089 -33.0909 372.312
-30.3316 374.93 -34.8698 372.13
-32.1786 374.714 -36.7194 371.884
-34.1246 374.519 -38.6529 371.669
-36.1925 374.312 -40.706 371.446
-38.3604 374.089 -42.8856 371.207
-40.6741 373.891 -45.196 370.993
-43.1254 373.717 -47.6468 370.798
-45.7339 373.571 -50.2063 370.633
-48.4221 373.45 -52.9164 370.476
-51.1536 373.337 -55.6441 370.32
-53.9192 373.217 -58.4239 370.169
-56.6681 373.082 -61.1659 369.999
-59.3996 372.95 -63.9127 369.816
-62.1283 372.797 -66.6273 369.613
-64.8273 372.6 -69.3341 369.362
-67.5092 372.402 -72.0023 369.135
-70.1862 372.209 -74.6587 368.895
-72.8453 372.028 -77.3294 368.646
-75.4953 371.886 -79.9723 368.464
-78.1161 371.787 -82.6053 368.33
-80.7178 371.719 -85.249 368.236
-83.3118 371.695 -87.8324 368.176
-85.8427 371.71 -90.3699 368.154
-88.2157 371.734 -92.7579 368.142
-90.4027 371.755 -94.9252 368.146
-92.3769 371.747 -96.9155 368.114
-94.1812 371.7 -98.728 368.047
-95.9542 371.61 -100.474 367.956
-97.6929 371.484 -102.203 367.812
-99.4288 371.332 -103.932 367.635
-101.212 371.15 -105.711 367.417
-103.049 370.93 -107.551 367.171
-104.964 370.713 -109.466 366.915
-107 370.47 -111.509 366.645
-109.147 370.219 -113.652 366.362
-111.414 369.991 -115.916 366.104
-113.85 369.788 -118.359 365.859
-116.382 369.588 -120.883 365.626
-119.079 369.402 -123.576 365.419
-121.87 369.312 -126.334 365.299
-124.798 369.251 -129.266 365.237
-127.749 369.222 -132.21 365.194
-130.738 369.191 -135.22 365.144
-133.725 369.151 -138.201 365.087
-136.693 369.117 -141.167 365.005
-139.64 369.026 -144.115 364.838
-142.545 368.909 -147.05 364.675
-145.453 368.8 -149.979 364.525
-148.326 368.654 -152.863 364.32
-151.184 368.484 -155.727 364.092
-154.029 368.307 -158.559 363.863
-156.834 368.111 -161.345 363.629
-159.602 367.93 -164.099 363.415
-162.353 367.77 -166.836 363.209
-165.025 367.623 -169.477 363.045
-167.587 367.474 -172.026 362.855
-169.99 367.347 -174.426 362.698
-172.23 367.237 -176.652 362.555
-174.255 367.118 -178.682 362.388
-176.113 366.976 -180.533 362.218
-177.852 366.825 -182.287 362.02
-179.482 366.619 -183.923 361.763
-181.041 366.257 -185.46 361.359
-182.507 365.701 -186.897 360.765
-183.831 364.923 -188.171 359.945
-184.968 363.902 -189.263 358.895
-185.901 362.645 -190.162 357.622
-186.576 361.163 -190.803 356.108
-187 359.498 -191.192 354.453
-187.152 357.676 -191.322 352.675
-187.206 355.773 -191.352 350.773
-187.197 353.801 -191.312 348.793
-187.078 351.713 -191.165 346.701
-186.904 349.516 -190.958 344.498
-186.7 347.199 -190.731 342.163
-186.441 344.762 -190.446 339.75
-186.138 342.246 -190.116 337.201
-185.836 339.601 -189.772 334.527
-185.559 336.87 -189.437 331.767
-185.3 334.088 -189.128 328.984
-185.053 331.296 -188.845 326.206
-184.826 328.513 -188.577 323.434
-184.627 325.707 -188.33 320.655
-184.418 322.896 -188.073 317.852
-184.219 320.05 -187.827 315.032
-184.078 317.187 -187.65 312.186
-183.933 314.301 -187.444 309.289
-183.762 311.46 -187.239 306.494
-183.602 308.616 -187.042 303.66
-183.458 305.795 -186.85 300.845
-183.343 303 -186.672 298.047
-183.261 300.212 -186.525 295.273
-183.179 297.45 -186.37 292.508
-183.09 294.685 -186.213 289.728
-182.927 291.908 -185.984 286.947
-182.767 289.099 -185.762 284.116
-182.614 286.267 -185.54 281.282
-182.442 283.386 -185.312 278.395
-182.3 280.491 -185.112 275.499
-182.15 277.557 -184.929 272.561
-182.001 274.628 -184.732 269.61
-181.824 271.689 -184.509 266.643
-181.639 268.768 -184.27 263.704
-181.425 265.788 -184.02 260.756
-181.22 262.838 -183.745 257.804
-181.009 259.845 -183.471 254.797
-180.77 256.828 -183.16 251.764
-180.561 253.86 -182.904 248.787
-180.373 250.908 -182.663 245.808
-180.191 247.98 -182.419 242.88
-180.026 245.105 -182.185 240.019
-179.89 242.301 -182 237.207
-179.765 239.629 -181.821 234.522
-179.603 237.078 -181.613 231.955
-179.487 234.611 -181.438 229.464
-179.426 232.294 -181.326 227.144
-179.385 230.153 -181.247 224.996
-179.373 228.203 -181.192 223.037
-179.353 226.446 -181.138 221.261
-179.285 224.89 -181.043 219.696
-179.16 223.52 -180.88 218.31
-178.893 222.222 -180.579 217.013
-178.441 221.02 -180.096 215.808
-177.799 219.912 -179.435 214.723
-176.993 218.869 -178.584 213.663
-175.954 217.909 -177.488 212.662
-174.646 217.099 -176.133 211.82
-173.038 216.423 -174.582 211.168
-171.242 215.988 -172.798 210.755
-169.252 215.748 -170.863 210.546
-167.161 215.651 -168.804 210.481
-164.984 215.579 -166.653 210.481
-162.753 215.542 -164.452 210.499
-160.42 215.517 -162.151 210.54
-157.987 215.494 -159.763 210.597
-155.494 215.477 -157.297 210.672
-152.925 215.529 -154.748 210.77
-150.25 215.556 -152.084 210.866
-147.567 215.657 -149.388 210.979
-144.856 215.752 -146.675 211.157
-142.146 215.897 -143.958 211.373
-139.455 216.087 -141.286 211.64
-136.768 216.331 -138.601 211.931
-134.104 216.562 -135.963 212.234
-131.505 216.803 -133.368 212.535
-128.993 217.018 -130.852 212.786
-126.585 217.191 -128.458 213.002
-124.357 217.33 -126.219 213.181
-122.326 217.419 -124.187 213.278
-120.464 217.466 -122.313 213.337
-118.654 217.497 -120.494 213.371
-116.85 217.496 -118.678 213.375
-115.068 217.514 -116.889 213.395
-113.324 217.535 -115.119 213.415
-111.616 217.623 -113.403 213.51
-109.928 217.875 -111.695 213.74
-108.291 218.301 -110.058 214.147
-106.749 218.945 -108.509 214.782
-105.349 219.794 -107.088 215.618
-104.116 220.835 -105.884 216.639
-103.036 222.051 -104.819 217.849
-102.179 223.4 -103.978 219.203
-101.543 224.849 -103.364 220.656
-101.116 226.384 -102.954 222.16
-100.831 227.969 -102.675 223.689
-100.531 229.501 -102.381 225.197
-100.252 231.018 -102.095 226.685
-99.884 232.464 -101.714 228.089
-99.4256 233.824 -101.216 229.395
-98.7759 234.873 -100.543 230.431
-98.0861 235.806 -99.8129 231.339
-97.1743 236.469 -98.8977 232.026
-96.2542 236.931 -97.915 232.527
-95.2831 237.359 -96.8817 232.936
-94.1851 237.675 -95.701 233.221
-92.9553 237.899 -94.4159 233.426
-91.5968 238.103 -93.026 233.612
-90.0747 238.248 -91.4925 233.758
-88.3875 238.392 -89.7568 233.897
-86.4863 238.54 -87.8858 234.072
-84.4435 238.651 -85.9024 234.233
-82.2539 238.747 -83.7719 234.391
-79.9401 238.872 -81.4969 234.54
-77.5396 239.011 -79.1449 234.686
-75.0874 239.151 -76.7033 234.811
-72.5749 239.314 -74.1962 234.936
-69.9919 239.446 -71.6153 235.055
-67.3516 239.549 -69.0093 235.161
-64.6664 239.658 -66.3737 235.315
-61.998 239.809 -63.7662 235.484
-59.3117 239.953 -61.1517 235.66
-56.702 240.109 -58.6406 235.851
-54.1511 240.268 -56.0862 236.03
-51.6259 240.427 -53.5849 236.247
-49.1274 240.564 -51.1075 236.43
-46.6659 240.713 -48.6588 236.642
-44.2406 240.886 -46.2505 236.856
-41.879 241.089 -43.8698 237.062
-39.649 241.313 -41.6408 237.285
-37.5524 241.539 -39.5231 237.501
-35.4887 241.743 -37.4582 237.716
-33.4567 241.939 -35.4425 237.909
-31.5331 242.125 -33.5062 238.076
-29.7646 242.288 -31.745 238.215
-28.1724 242.408 -30.1448 238.323
-26.7472 242.469 -28.7213 238.378
-25.4603 242.473 -27.4428 238.375
-24.3187 242.437 -26.2746 238.358
-23.3242 242.322 -25.2516 238.286
-22.4838 242.187 -24.4285 238.168
-21.8432 242.07 -23.7803 238.07
-21.3573 241.937 -23.2802 237.954
-20.875 241.791 -22.8114 237.803
-20.4101 241.641 -22.3434 237.645
-19.9386 241.453 -21.8638 237.458
-19.3309 241.15 -21.262 237.154
-18.6035 240.674 -20.5472 236.681
-17.8176 240 -19.7507 236.035
-17.0479 239.13 -18.9747 235.16
-16.3714 238.041 -18.2941 234.047
-15.8191 236.732 -17.7475 232.701
-15.4317 235.164 -17.3511 231.104
-15.1609 233.367 -17.0781 229.279
-14.9854 231.36 -16.8642 227.345
-14.8794 229.166 -16.7398 225.16
-14.8346 226.784 -16.6766 222.788
-14.8059 224.227 -16.6097 220.239
-14.7761 221.504 -16.5317 217.527
-14.7262 218.625 -16.435 214.653
-14.6468 215.602 -16.306 211.657
-14.5097 212.46 -16.1247 208.509
-14.3535 209.201 -15.909 205.254
-14.1797 205.87 -15.6704 201.92
-13.9624 202.479 -15.4107 198.55
-13.7391 199.045 -15.1435 195.181
-13.5149 195.572 -14.8822 191.713
-13.2754 192.055 -14.6004 188.213
-13.052 188.5 -14.3423 184.676
-12.8546 184.885 -14.1104 181.063
-12.6751 181.22 -13.8854 177.381
-12.508 177.502 -13.6896 173.689
-12.3412 173.719 -13.4801 169.88
-12.175 169.898 -13.2781 166.05
-12.0183 166.028 -13.0882 162.165
-11.8413 162.134 -12.8963 158.314
-11.6552 158.221 -12.6945 154.401
-11.4666 154.287 -12.4713 150.463
-11.2813 150.32 -12.2454 146.547
-11.0576 146.379 -12.0134 142.663
-10.8152 142.444 -11.7747 138.8
-10.5705 138.518 -11.5267 134.944
-10.334 134.639 -11.2806 131.132
-10.1232 130.786 -11.0189 127.356
-9.91435 127.027 -10.7567 123.638
-9.69615 123.396 -10.4977 120.047
-9.49338 119.914 -10.2629 116.598
-9.31028 116.608 -10.0333 113.312
-9.15133 113.442 -9.83621 110.182
-9.01756 110.482 -9.66749 107.284
-8.88896 107.745 -9.5239 104.602
-8.77427 105.223 -9.40507 102.109
-8.67979 102.918 -9.29624 99.8564
-8.50486 100.813 -9.09257 97.7899
-8.16372 98.9197 -8.75866 95.9857
-7.61852 97.2437 -8.19767 94.3614
-6.85843 95.7252 -7.44003 92.8912
-5.89984 94.3924 -6.4517 91.6068
-4.75983 93.2539 -5.28907 90.5151
-3.45009 92.3488 -3.99558 89.6605
-1.97387 91.6917 -2.54511 89.0423
-0.436803 91.2619 -1.06651 88.6772
1.13807 91.0263 0.491711 88.5343
2.75125 90.882 2.07289 88.4571
4.4317 90.7661 3.74569 88.4214
6.21174 90.6836 5.49679 88.4387
8.08109 90.5785 7.36056 88.4433
10.0766 90.4693 9.3366 88.4471
12.2059 90.3654 11.4607 88.4487
14.4898 90.2903 13.7277 88.4691
16.9105 90.3215 16.1436 88.5649
19.4536 90.4596 18.6834 88.77
22.0457 90.6711 21.269 89.0531
24.6443 90.8953 23.8842 89.3362
27.2078 91.064 26.4847 89.5728
29.7648 91.1301 29.0487 89.6967
32.2877 91.0855 31.577 89.7157
34.8034 90.9378 34.0304 89.6374
37.3251 90.7289 36.5415 89.5386
39.8962 90.5085 39.0694 89.38
42.548 90.29 41.7335 89.2517
45.2446 90.0978 44.3991 89.1539
47.943 89.9036 47.0925 89.0408
50.618 89.6297 49.7526 88.8485
53.2522 89.1856 52.4368 88.4674
55.8142 88.5577 55.013 87.9314
58.3133 87.7916 57.5339 87.2465
60.8055 86.9207 60.0388 86.4538
63.322 85.9941 62.5531 85.5916
65.8337 85.055 65.0481 84.7297
68.4062 84.0808 67.6392 83.8042
70.9986 83.0453 70.2294 82.8211
73.5785 81.8793 72.8575 81.7011
76.1702 80.587 75.4491 80.4721
78.8198 79.2193 78.1111 79.1812
81.4804 77.8427 80.79 77.8623
84.1087 76.4699 83.4191 76.5683
86.6952 75.0553 86.0083 75.2237
89.1889 73.556 88.5292 73.7809
91.573 71.9685 90.9255 72.2469
93.8504 70.2859 93.2256 70.6326
96.0206 68.5214 95.4098 68.936
98.1039 66.7409 97.526 67.2074
100.108 65.034 99.5699 65.5508
101.997 63.4598 101.475 64.0323
103.765 62.0703 103.248 62.6904
105.409 60.801 104.908 61.4665
107.003 59.5303 106.517 60.255
108.59 58.2474 108.116 59.0162
110.135 56.9705 109.666 57.7696
111.717 55.6375 111.271 56.4804
113.353 54.2471 112.922 55.1278
115.078 52.8312 114.671 53.7513
116.904 51.4394 116.514 52.4019
118.837 50.0549 118.464 51.0504
120.854 48.6021 120.504 49.6385
122.938 47.0837 122.62 48.1473
125.093 45.4853 124.809 46.5845
127.33 43.8208 127.083 44.9675
129.638 42.0878 129.409 43.2941
131.967 40.3448 131.754 41.5917
134.298 38.6099 134.094 39.9209
136.622 36.849 136.446 38.2172
138.95 35.1311 138.786 36.5594
141.294 33.4647 141.152 34.9256
143.604 31.7956 143.478 33.3058
145.872 30.1216 145.78 31.676
148.133 28.4182 148.02 30.0437
150.348 26.751 150.273 28.4256
152.506 25.1371 152.431 26.8843
154.521 23.6035 154.464 25.4085
156.41 22.1043 156.366 23.9473
158.103 20.7295 158.081 22.6309
159.606 19.4701 159.604 21.4088
161.034 18.3286 161.04 20.3288
162.527 17.3699 162.542 19.4345
164.102 16.69 164.118 18.805
165.726 16.2312 165.742 18.387
167.465 15.9802 167.462 18.1619
169.275 15.9128 169.287 18.1201
171.157 15.9577 171.186 18.1545
173.099 15.9727 173.133 18.1842
175.12 15.9452 175.145 18.1611
177.167 15.8722 177.148 18.1051
179.305 15.7563 179.288 18.0123
181.477 15.604 181.448 17.8902
183.704 15.412 183.676 17.719
185.981 15.2381 185.933 17.5746
188.281 15.073 188.244 17.431
190.577 14.8968 190.544 17.3005
192.894 14.7146 192.85 17.1786
195.244 14.5102 195.243 17.018
197.633 14.2838 197.661 16.8558
200.09 14.0301 200.11 16.6511
202.592 13.7853 202.581 16.4487
205.105 13.5341 205.108 16.2353
207.641 13.3101 207.641 16.0666
210.149 13.1111 210.141 15.9089
212.697 12.9157 212.684 15.7392
215.225 12.7378 215.207 15.6111
217.808 12.5132 217.785 15.4188
220.389 12.2827 220.367 15.2279
223.038 12.0686 223.009 15.0502
225.7 11.873 225.676 14.9132
228.381 11.6576 228.364 14.7462
231.064 11.4008 231.042 14.5401
233.769 11.1571 233.753 14.3345
236.453 10.9086 236.426 14.1494
239.115 10.6283 239.084 13.9341
241.756 10.391 241.746 13.7278
244.376 10.1777 244.341 13.5518
246.942 9.97703 246.909 13.3943
249.503 9.79641 249.482 13.2507
251.962 9.61674 251.939 13.1054
254.33 9.45256 254.317 12.9891
256.557 9.29718 256.584 12.8836
258.681 9.1404 258.699 12.7744
260.488 8.87072 260.719 12.6389
262.171 8.5582 262.608 12.4294
263.853 8.24605 264.386 12.1585
265.534 7.93431 265.999 11.8432
267.212 7.62322 267.434 11.5182
268.72 7.30983 268.672 11.212
269.769 7.04061 269.72 10.9655
270.655 6.86914 270.608 10.8331
271.433 6.78091 271.393 10.7684
272.188 6.79891 272.171 10.7984
272.94 6.91556 272.93 10.9252
273.674 7.13927 273.663 11.1882
274.435 7.4863 274.409 11.5882
275.206 8.02178 275.162 12.1337
275.841 9.123 275.857 12.9537
276.4 10.4039 276.474 13.9492
276.939 11.6728 276.961 15.1277
277.462 12.928 277.341 16.503
277.969 14.1653 277.74 18.1197
278.402 15.6008 278.096 19.9463
278.676 17.5409 278.306 21.9359
278.887 19.6896 278.475 24.1246
279.05 22.0041 278.574 26.4587
279.153 24.513 278.656 28.9418
279.31 27.1476 278.764 31.5997
279.492 29.9102 278.91 34.3808
279.682 32.7224 279.079 37.1546
279.892 35.6187 279.251 40.0274
280.117 38.588 279.454 42.9613
280.341 41.5631 279.628 45.9248
280.554 44.6028 279.808 48.9649
280.758 47.6692 279.976 52.0137
280.967 50.718 280.137 55.0643
281.19 53.7632 280.32 58.0821
281.388 56.8403 280.497 61.136
281.609 59.9159 280.686 64.1666
281.893 62.9939 280.925 67.1855
282.168 66.0614 281.164 70.2217
282.386 69.1379 281.343 73.2545
282.581 72.2057 281.513 76.262
282.741 75.2604 281.653 79.2946
282.946 78.3005 281.825 82.3266
283.185 81.3228 282.013 85.342
283.442 84.3639 282.214 88.343
283.684 87.3533 282.415 91.3215
283.94 90.3521 282.65 94.3607
284.231 93.3553 282.915 97.3406
284.542 96.3451 283.228 100.324
284.938 99.3206 283.579 103.281
285.395 102.259 283.99 106.236
285.844 105.163 284.42 109.132
286.322 108.054 284.865 112.017
286.794 110.912 285.315 114.864
287.217 113.737 285.708 117.671
287.631 116.519 286.083 120.451
288.059 119.219 286.465 123.164
288.449 121.781 286.807 125.748
288.846 124.281 287.17 128.226
289.285 126.63 287.564 130.567
289.743 128.835 287.994 132.778
290.213 130.821 288.429 134.764
290.684 132.626 288.872 136.587
291.166 134.262 289.326 138.213
291.581 135.833 289.715 139.792
291.962 137.426 290.086 141.394
292.194 139.02 290.281 143.002
292.238 140.604 290.291 144.575
291.762 142.158 290.033 146.162
290.663 143.578 289.541 147.73
289.562 144.965 288.751 149.201
288.468 146.318 287.667 150.55
287.386 147.641 286.303 151.746
286.399 148.976 284.725 152.758
284.572 149.919 282.848 153.686
282.599 150.835 280.871 154.605
280.553 151.805 278.818 155.564
278.418 152.847 276.669 156.581
276.187 153.973 274.462 157.655
273.849 155.202 272.133 158.842
271.423 156.516 269.688 160.107
268.909 157.881 267.168 161.419
266.393 159.279 264.626 162.767
263.832 160.712 262.094 164.171
261.343 162.229 259.598 165.654
258.928 163.839 257.167 167.207
256.568 165.516 254.788 168.839
254.221 167.22 252.402 170.526
251.812 168.915 249.988 172.179
249.343 170.565 247.513 173.762
246.83 172.171 244.975 175.314
244.269 173.728 242.408 176.835
241.688 175.211 239.789 178.276
239.067 176.646 237.144 179.671
236.435 178.028 234.506 180.989
233.829 179.392 231.881 182.305
231.251 180.753 229.312 183.621
228.708 182.113 226.742 184.942
226.215 183.484 224.254 186.255
223.77 184.812 221.787 187.542
221.367 186.107 219.361 188.78
219.059 187.344 217.054 189.977
216.844 188.521 214.822 191.118
214.73 189.612 212.714 192.167
212.762 190.601 210.745 193.123
210.934 191.519 208.915 193.992
209.294 192.365 207.278 194.797
207.831 193.113 205.814 195.516
206.577 193.798 204.55 196.174
205.54 194.396 203.501 196.746
204.73 194.902 202.691 197.228
204.122 195.322 202.059 197.641
203.546 195.745 201.478 198.039
203.043 196.282 200.909 198.466
202.516 196.788 200.334 198.886
201.945 197.326 199.744 199.371
201.195 198 198.972 200.011
200.227 198.809 197.98 200.788
199.077 199.76 196.816 201.705
197.731 200.792 195.454 202.701
196.253 201.872 193.966 203.749
194.624 202.967 192.319 204.814
192.62 204.118 190.509 205.917
190.615 205.269 188.596 206.999
188.612 206.419 186.589 208.105
186.608 207.57 184.505 209.227
184.605 208.72 182.328 210.367
182.452 209.924 180.086 211.546
180.163 211.202 177.781 212.779
177.855 212.474 175.451 214
175.554 213.761 173.136 215.249
173.261 215.032 170.82 216.49
171.007 216.296 168.544 217.709
168.77 217.549 166.283 218.916
166.636 218.726 164.127 220.042
164.64 219.824 162.113 221.103
162.8 220.792 160.245 222.03
161.11 221.618 158.551 222.812
159.51 222.334 156.931 223.497
157.846 222.861 155.282 223.996
156.181 223.203 153.623 224.295
154.511 223.364 151.955 224.4
152.787 223.35 150.245 224.331
150.969 223.245 148.398 224.193
149.048 223.061 146.465 223.978
146.999 222.887 144.399 223.786
144.811 222.709 142.201 223.596
142.452 222.507 139.838 223.37
139.986 222.307 137.386 223.15
137.342 222.163 134.736 222.975
134.569 222.03 131.978 222.806
131.695 221.932 129.097 222.656
128.711 221.803 126.092 222.482
125.647 221.65 123.017 222.298
122.615 221.5 119.967 222.1
119.544 221.309 116.891 221.861
116.511 221.102 113.858 221.614
113.517 220.904 110.861 221.374
110.545 220.708 107.888 221.141
107.636 220.532 104.981 220.916
104.717 220.374 102.071 220.729
101.841 220.219 99.1971 220.538
98.9947 220.067 96.3655 220.373
96.1815 219.895 93.5713 220.177
93.4386 219.686 90.8517 219.944
90.8555 219.501 88.2517 219.725
88.3886 219.326 85.7998 219.495
86.1237 219.158 83.5245 219.286
84.05 219.045 81.4404 219.132
82.1529 219.016 79.527 219.069
80.388 219.115 77.7537 219.148
78.6648 219.366 76.0412 219.363
77.0163 219.796 74.3875 219.751
75.4615 220.446 72.8035 220.334
74.0691 221.411 71.3695 221.264
72.8628 222.604 70.1148 222.448
71.8419 224.015 69.0747 223.821
71.0234 225.7 68.2645 225.445
70.4217 227.54 67.67 227.239
70.0346 229.518 67.2942 229.177
69.8138 231.611 67.0748 231.25
69.6701 233.8 66.9398 233.445
69.6037 236.023 66.8749 235.694
69.5459 238.343 66.7817 238.016
69.4994 240.72 66.6909 240.455
69.4694 243.193 66.6258 242.921
69.3845 245.776 66.5024 245.522
69.2326 248.433 66.3015 248.201
69.0946 251.146 66.1257 250.954
68.951 253.983 65.9226 253.839
68.8119 256.917 65.7366 256.756
68.6506 259.92 65.5623 259.756
68.4622 263.082 65.3816 262.875
68.2886 266.253 65.1887 265.993
68.0966 269.464 64.969 269.168
67.9038 272.683 64.7519 272.372
67.7215 275.872 64.541 275.551
67.5255 279.043 64.3079 278.721
67.3175 282.219 64.0687 281.871
67.1116 285.344 63.8297 284.996
66.9014 288.508 63.5989 288.133
66.6881 291.652 63.3868 291.2
66.4788 294.782 63.158 294.273
66.2892 297.878 62.9543 297.322
66.0781 300.944 62.7251 300.368
65.8263 304.009 62.4553 303.411
65.5736 307.018 62.1909 306.405
65.2747 310.032 61.893 309.371
64.9245 313.031 61.5252 312.338
64.5406 315.995 61.1168 315.285
64.09 318.948 60.6447 318.194
63.6717 321.904 60.2034 321.135
63.3043 324.896 59.8201 324.122
62.9676 327.898 59.4535 327.114
62.6991 330.909 59.1693 330.098
62.5536 333.929 58.956 333.109
62.4023 336.963 58.7343 336.119
62.2666 340.021 58.5401 339.17
62.1165 343.036 58.353 342.173
61.9935 346.033 58.1846 345.177
61.8664 348.989 58.0159 348.14
61.7609 351.858 57.8564 351.02
61.6793 354.612 57.7226 353.773
61.5863 357.261 57.5931 356.407
61.5506 359.777 57.5158 358.904
61.5772 362.146 57.5065 361.282
61.603 364.291 57.5063 363.436
61.6287 366.323 57.5102 365.451
61.6499 368.352 57.4945 367.467
61.6247 370.356 57.4391 369.459
61.5112 372.34 57.2934 371.408
61.2716 374.388 57.0195 373.425
60.9667 376.528 56.6624 375.551
60.6371 378.796 56.2793 377.814
60.3245 381.208 55.923 380.213
60.0656 383.741 55.6249 382.739
59.8848 386.414 55.397 385.41
59.7898 389.196 55.2576 388.185
59.7654 392.107 55.1667 391.114
59.7664 395.121 55.1026 394.151
59.7286 398.269 55.0056 397.309
59.6733 401.493 54.8878 400.499
59.5754 404.695 54.7323 403.678
59.4251 407.917 54.5328 406.876
59.267 411.104 54.3252 410.086
59.0847 414.258 54.1005 413.239
58.9137 417.417 53.8889 416.382
58.7488 420.528 53.6836 419.482
58.5741 423.604 53.4839 422.555
58.4372 426.635 53.3152 425.591
58.2868 429.523 53.1265 428.482
58.1176 432.28 52.9249 431.241
57.9241 434.902 52.6958 433.863
57.6632 437.383 52.4078 436.36
57.3683 439.71 52.1012 438.708
57.0367 441.889 51.7411 440.861
56.6568 443.875 51.3472 442.845
56.3239 445.645 50.9874 444.61
56.1487 447.27 50.7977 446.218
56.6161 448.531 50.8675 447.732
57.3335 449.65 51.1812 449.068
58.0256 450.723 51.8027 450.242
58.6832 451.752 52.6464 451.236
59.3008 452.746 53.6628 451.985
60.0519 453.493 54.795 452.558
61.2321 453.864 56.003 452.918
62.5751 454.072 57.3555 453.117
64.0756 454.194 58.8626 453.239
65.7299 454.238 60.5114 453.286
67.5362 454.32 62.2984 453.37
69.4819 454.414 64.2309 453.488
71.5684 454.518 66.3127 453.625
73.7832 454.637 68.5251 453.79
76.1587 454.79 70.8891 453.987
78.6468 454.943 73.3787 454.198
81.2259 455.116 75.959 454.423
83.9168 455.302 78.6275 454.666
86.702 455.457 81.4043 454.877
89.5264 455.578 84.2458 455.064
92.4124 455.734 87.097 455.282
95.3286 455.895 90.0126 455.508
98.2499 456.054 92.9024 455.724
101.184 456.224 95.8455 455.94
104.093 456.393 98.7695 456.147
106.999 456.526 101.713 456.342
109.897 456.655 104.57 456.515
112.75 456.817 107.382 456.728
115.61 456.966 110.216 456.919
118.4 457.099 113 457.099
121.146 457.259 115.76 457.321
123.877 457.448 118.483 457.553
126.584 457.667 121.19 457.808
129.242 457.973 123.844 458.155
131.877 458.36 126.433 458.598
134.472 458.811 129.015 459.104
137.048 459.328 131.545 459.65
139.579 459.909 134.072 460.28
142.082 460.548 136.572 460.954
144.536 461.24 139.01 461.692
146.935 462.036 141.383 462.521
149.324 462.891 143.751 463.39
151.645 463.79 146.083 464.3
153.954 464.746 148.375 465.263
156.216 465.719 150.615 466.286
158.442 466.755 152.792 467.364
160.611 467.844 154.938 468.497
162.721 468.976 157.026 469.666
164.765 470.136 159.05 470.875
166.772 471.336 161.018 472.105
168.632 472.526 162.862 473.342
170.346 473.697 164.555 474.561
171.909 474.797 166.107 475.693
173.303 475.783 167.506 476.7
174.557 476.625 168.757 477.53
175.657 477.274 169.895 478.184
176.667 477.791 170.917 478.679
177.694 478.199 171.964 479.108
178.769 478.445 173.057 479.364
179.82 478.56 174.138 479.513
180.911 478.532 175.238 479.487
182.069 478.324 176.417 479.274
183.262 477.935 177.621 478.872
184.488 477.285 178.88 478.19
185.759 476.307 180.181 477.19
187.077 475.007 181.523 475.881
188.479 473.465 182.936 474.355
189.954 471.703 184.427 472.604
191.519 469.725 186.012 470.66
193.208 467.608 187.698 468.564
195.017 465.321 189.511 466.306
196.864 462.933 191.354 463.954
198.729 460.523 193.233 461.576
200.614 458.121 195.144 459.189
202.51 455.73 197.041 456.834
204.411 453.358 198.992 454.447
206.322 451.001 200.913 452.117
208.222 448.665 202.824 449.808
210.114 446.338 204.745 447.487
211.977 444.014 206.626 445.197
213.836 441.707 208.49 442.94
215.684 439.421 210.366 440.689
217.556 437.143 212.251 438.471
219.471 434.824 214.195 436.185
221.451 432.447 216.227 433.823
223.467 430.017 218.29 431.437
225.487 427.604 220.35 428.993
227.507 425.191 222.412 426.562
229.526 422.779 224.472 424.162
231.545 420.367 226.508 421.8
233.564 417.955 228.554 419.477
235.559 415.588 230.512 417.256
237.437 413.389 232.4 415.068
238.78 411.507 234.112 413.017
239.938 409.691 235.651 411.117
241.095 407.877 236.986 409.372
242.251 406.068 238.021 407.751
243.408 404.263 238.756 406.126
244.011 402.484 239.147 404.346
244.001 400.839 239.125 402.653
243.617 399.284 238.754 401.053
242.89 397.829 238.039 399.566
241.874 396.462 237.018 398.184
240.632 395.202 235.787 396.897
239.222 394.034 234.401 395.702
237.619 392.958 232.782 394.601
235.793 391.995 230.97 393.629
233.765 391.139 228.914 392.769
231.527 390.408 226.641 392.023
229.102 389.773 224.199 391.343
226.503 389.204 221.635 390.751
223.726 388.759 218.881 390.28
220.798 388.372 215.929 389.848
217.711 387.983 212.87 389.444
214.531 387.607 209.691 389.045
211.282 387.246 206.459 388.666
207.99 386.907 203.173 388.311
204.658 386.595 199.843 387.978
201.287 386.304 196.445 387.665
197.919 386.031 193.09 387.374
194.556 385.786 189.693 387.112
191.207 385.555 186.37 386.87
187.886 385.358 183.054 386.653
184.599 385.188 179.752 386.432
181.348 385.029 176.502 386.242
178.125 384.88 173.257 386.048
174.94 384.732 170.086 385.852
171.787 384.605 166.939 385.671
168.667 384.479 163.833 385.5
165.61 384.376 160.779 385.347
162.652 384.301 157.838 385.236
159.842 384.253 155.031 385.151
157.213 384.244 152.406 385.105
154.758 384.238 149.971 385.06
152.465 384.177 147.675 384.97
150.35 384.033 145.56 384.79
148.463 383.775 143.683 384.504
146.862 383.343 142.076 384.016
145.493 382.652 140.725 383.279
144.343 381.71 139.608 382.304
143.476 380.549 138.777 381.111
142.886 379.215 138.217 379.762
142.513 377.743 137.871 378.286
142.318 376.137 137.698 376.677
142.188 374.396 137.59 374.971
142.147 372.567 137.556 373.16
142.123 370.607 137.546 371.216
142.118 368.495 137.556 369.095
142.131 366.234 137.583 366.85
142.204 363.815 137.677 364.448
142.299 361.231 137.788 361.875
142.415 358.475 137.934 359.141
142.583 355.558 138.15 356.248
142.74 352.539 138.363 353.223
142.892 349.439 138.551 350.121
143.064 346.281 138.771 346.95
143.227 343.091 138.972 343.768
143.425 339.887 139.21 340.552
143.616 336.701 139.445 337.387
143.796 333.502 139.641 334.189
144.006 330.337 139.87 331.018
144.23 327.131 140.092 327.813
144.419 323.896 140.301 324.554
144.587 320.591 140.492 321.266
144.755 317.239 140.688 317.942
144.942 313.833 140.887 314.624
145.157 310.363 141.118 311.202
145.368 306.861 141.331 307.726
145.57 303.322 141.555 304.199
145.78 299.781 141.783 300.648
145.996 296.224 142.02 297.109
146.233 292.724 142.291 293.616
146.467 289.221 142.563 290.17
146.685 285.746 142.829 286.728
146.894 282.281 143.093 283.257
147.104 278.834 143.357 279.833
147.309 275.38 143.632 276.377
147.469 272.015 143.843 273.045
147.644 268.641 144.086 269.668
147.828 265.287 144.333 266.359
148.019 262.011 144.572 263.122
148.192 258.776 144.802 259.891
148.363 255.568 145.012 256.677
148.543 252.485 145.246 253.575
148.699 249.53 145.446 250.597
148.855 246.697 145.667 247.77
149.012 244.06 145.878 245.186
149.178 241.565 146.109 242.733
149.354 239.241 146.315 240.385
149.518 237.141 146.521 238.296
149.688 235.241 146.726 236.395
149.832 233.537 146.897 234.699
149.906 232.005 147.011 233.153
149.839 230.62 146.969 231.747
149.635 229.344 146.782 230.451
149.241 228.15 146.393 229.236
148.716 227.04 145.878 228.107
148.001 226.008 145.17 227.042
147.076 225.049 144.25 226.028
145.938 224.217 143.138 225.128
144.564 223.496 141.807 224.361
143.011 222.964 140.294 223.761
141.317 222.569 138.604 223.307
139.454 222.335 136.793 223.015
137.425 222.166 134.835 222.8
135.206 222.05 132.671 222.628
132.804 221.962 130.325 222.479
130.267 221.919 127.778 222.368
127.509 221.883 125.009 222.228
124.623 221.854 122.108 222.075
121.664 221.83 119.16 221.926
118.657 221.763 116.14 221.765
115.642 221.686 113.162 221.567
112.627 221.57 110.174 221.33
109.674 221.356 107.215 221.092
106.755 221.167 104.329 220.875
103.816 220.977 101.381 220.669
100.934 220.823 98.5142 220.468
98.0755 220.656 95.7064 220.286
95.253 220.488 92.9021 220.076
92.4869 220.344 90.1855 219.857
89.8754 220.223 87.6022 219.659
87.4584 220.103 85.2174 219.472
85.3089 219.94 83.0355 219.289
83.4047 219.815 81.121 219.166
81.8115 219.719 79.4837 219.084
80.3866 219.682 78.0396 219.062
79.0037 219.767 76.6457 219.131
77.6607 220.008 75.2937 219.341
76.3716 220.406 74.0076 219.684
75.1559 220.96 72.8022 220.177
74.011 221.727 71.6407 220.916
72.9235 222.716 70.5236 221.839
71.9789 223.872 69.5498 222.954
71.1845 225.267 68.7773 224.232
70.5597 226.755 68.1473 225.622
70.1064 228.212 67.71 227.078
69.7803 229.717 67.3824 228.574
69.6111 231.274 67.2242 230.101
69.5073 232.885 67.1107 231.702
69.4137 234.509 67.0159 233.301
69.3439 236.145 66.9427 234.905
69.1653 237.775 66.7716 236.495
68.8506 239.377 66.4627 238.055
68.411 240.827 65.9632 239.517
67.7274 242.111 65.1903 240.806
66.8031 243.183 64.2125 241.911
65.7018 244.108 63.074 242.844
64.4482 244.782 61.7943 243.51
63.0808 245.26 60.4132 243.965
61.5807 245.475 58.9031 244.15
60.0219 245.545 57.3503 244.193
58.3736 245.501 55.7001 244.118
56.5578 245.388 53.9349 244.016
54.5757 245.268 51.9755 243.892
52.4223 245.172 49.8543 243.787
50.0879 245.082 47.537 243.659
47.5816 245.009 45.0538 243.529
44.919 244.938 42.4005 243.381
42.1228 244.817 39.5991 243.199
39.1647 244.672 36.6367 242.977
36.0571 244.511 33.5348 242.746
32.8401 244.318 30.3233 242.493
29.5954 244.119 27.0867 242.238
26.356 243.939 23.8309 242.005
23.1363 243.778 20.5937 241.795
19.9239 243.575 17.3875 241.546
16.7717 243.334 14.245 241.251
13.6619 243.083 11.1769 240.973
10.6664 242.818 8.17689 240.663
7.81475 242.555 5.34384 240.367
5.13929 242.325 2.67145 240.09
2.67985 242.119 0.243928 239.855
0.450309 241.931 -1.94006 239.637
-1.52897 241.776 -3.8962 239.456
-3.22882 241.671 -5.5552 239.329
-4.6183 241.633 -6.92625 239.273
-5.72763 241.636 -8.01513 239.26
-6.59491 241.676 -8.86572 239.29
-7.31606 241.736 -9.55518 239.342
-7.99983 241.825 -10.2318 239.43
-8.66843 241.972 -10.912 239.572
-9.31047 242.16 -11.5571 239.759
-10.0403 242.49 -12.2826 240.086
-10.9006 242.987 -13.1575 240.562
-11.7888 243.697 -14.0548 241.249
-12.6057 244.63 -14.8839 242.164
-13.3252 245.805 -15.6194 243.341
-13.8761 247.212 -16.1907 244.812
-14.2623 248.904 -16.583 246.508
-14.4567 250.843 -16.7822 248.443
-14.5344 252.994 -16.8702 250.578
-14.597 255.35 -16.9473 252.918
-14.6671 257.911 -17.0432 255.446
-14.736 260.65 -17.1533 258.181
-14.8495 263.576 -17.3047 261.082
-14.9575 266.73 -17.4652 264.222
-15.0596 270.016 -17.6362 267.499
-15.1827 273.477 -17.8492 270.976
-15.3032 277.021 -18.0731 274.524
-15.4402 280.659 -18.2856 278.155
-15.5906 284.352 -18.5203 281.831
-15.7645 288.068 -18.7596 285.522
-15.9468 291.812 -19.0376 289.265
-16.0999 295.543 -19.2736 292.985
-16.2601 299.308 -19.5067 296.763
-16.4253 303.106 -19.7506 300.567
-16.5901 306.893 -19.9997 304.332
-16.7567 310.706 -20.2456 308.138
-16.9102 314.536 -20.484 311.965
-17.0622 318.372 -20.7346 315.78
-17.2117 322.183 -20.9986 319.637
-17.3596 325.996 -21.2439 323.46
-17.5032 329.778 -21.4902 327.249
-17.653 333.538 -21.7194 330.96
-17.8035 337.274 -21.9468 334.677
-17.9655 340.928 -22.1709 338.274
-18.139 344.467 -22.4051 341.801
-18.3096 347.827 -22.6405 345.152
-18.4984 351.069 -22.8991 348.412
-18.6578 354.178 -23.127 351.516
-18.7793 357.114 -23.2957 354.468
-18.8702 359.864 -23.4071 357.216
-18.9462 362.402 -23.5293 359.728
-18.9909 364.711 -23.6293 362.019
-19.0506 366.784 -23.7239 364.061
-19.1508 368.6 -23.856 365.863
-19.2886 370.233 -24.0408 367.471
-19.6008 371.746 -24.3788 368.953
-20.1811 373.134 -24.9686 370.298
-21.0462 374.353 -25.835 371.456
-22.1278 375.354 -26.9233 372.393
-23.457 376.098 -28.2597 373.077
-24.9345 376.557 -29.7292 373.48
-26.555 376.67 -31.3596 373.526
-28.2768 376.522 -33.0592 373.323
-30.0563 376.232 -34.838 372.974
-31.976 375.882 -36.7749 372.604
-34.0416 375.539 -38.8179 372.243
-36.3124 375.175 -41.0523 371.846
-38.7407 374.815 -43.4536 371.45
-41.3495 374.513 -46.0638 371.123
-44.0978 374.261 -48.816 370.886
-47.0114 374.041 -51.7268 370.679
-50.0401 373.824 -54.734 370.438
-53.1857 373.619 -57.8721 370.201
-56.4063 373.422 -61.0833 369.962
-59.6534 373.251 -64.3182 369.749
-62.9431 373.084 -67.5826 369.521
-66.2196 372.909 -70.8366 369.296
-69.4869 372.732 -74.1074 369.043
-72.7261 372.533 -77.3043 368.794
-75.95 372.349 -80.5334 368.61
-79.1324 372.199 -83.7229 368.405
-82.2767 372.086 -86.8825 368.232
-85.3184 372.021 -89.925 368.132
-88.2029 371.999 -92.7844 368.058
-90.9275 371.99 -95.4953 368.01
-93.5555 371.975 -98.1159 367.961
-96.1693 371.894 -100.7 367.857
-98.7352 371.699 -103.242 367.615
-101.336 371.406 -105.835 367.28
-104.006 371.09 -108.489 366.942
-106.771 370.792 -111.265 366.603
-109.682 370.478 -114.18 366.256
-112.739 370.228 -117.242 365.948
-115.932 370.036 -120.418 365.692
-119.287 369.829 -123.757 365.466
-122.729 369.725 -127.186 365.307
-126.289 369.671 -130.732 365.198
-129.84 369.662 -134.257 365.121
-133.386 369.651 -137.814 365.076
-136.894 369.634 -141.317 365.031
-140.398 369.514 -144.817 364.877
-143.862 369.341 -148.295 364.662
-147.328 369.166 -151.768 364.441
-150.737 368.971 -155.168 364.183
-154.159 368.782 -158.581 363.945
-157.534 368.539 -161.951 363.661
-160.863 368.282 -165.247 363.341
-164.186 368.025 -168.53 363.048
-167.433 367.749 -171.798 362.716
-170.642 367.488 -175.023 362.409
-173.841 367.227 -178.171 362.106
-177.024 366.951 -181.326 361.794
-180.245 366.73 -184.522 361.495
-183.474 366.581 -187.726 361.288
-186.745 366.472 -191.003 361.121
-190.033 366.367 -194.268 360.931
-193.355 366.25 -197.578 360.738
-196.717 366.189 -200.928 360.594
-200.121 366.183 -204.331 360.528
-203.54 366.2 -207.737 360.472
-206.953 366.228 -211.145 360.434
-210.348 366.285 -214.509 360.416
-213.706 366.366 -217.873 360.419
-217.01 366.482 -221.169 360.466
-220.18 366.655 -224.348 360.573
-223.191 366.879 -227.379 360.745
-226.097 367.115 -230.285 360.917
-228.815 367.345 -233.006 361.09
-231.386 367.584 -235.582 361.286
-233.713 367.888 -237.906 361.542
-235.782 368.276 -239.98 361.889
-237.675 368.738 -241.876 362.327
-239.369 369.206 -243.585 362.763
-240.924 369.618 -245.143 363.157
-242.344 369.947 -246.558 363.45
-243.618 370.201 -247.829 363.675
-244.859 370.341 -249.061 363.779
-246.077 370.392 -250.279 363.805
-247.268 370.38 -251.465 363.762
-248.493 370.334 -252.693 363.692
-249.784 370.307 -253.988 363.642
-251.079 370.299 -255.274 363.607
-252.358 370.35 -256.552 363.628
-253.632 370.436 -257.827 363.692
-254.851 370.582 -259.052 363.819
-255.941 370.73 -260.128 363.936
-256.916 370.896 -261.088 364.091
-257.88 371.027 -262.079 364.213
-258.825 371.075 -262.989 364.233
-259.79 371.037 -263.971 364.171
-260.854 370.865 -265.023 363.957
-261.981 370.526 -266.138 363.574
-263.15 369.955 -267.293 362.982
-264.334 369.129 -268.46 362.132
-265.453 367.984 -269.559 360.979
-266.451 366.525 -270.538 359.509
-267.252 364.724 -271.354 357.742
-267.949 362.709 -272.026 355.665
-268.507 360.485 -272.555 353.466
-268.941 358.027 -272.948 350.994
-269.22 355.349 -273.199 348.338
-269.449 352.477 -273.379 345.462
-269.718 349.407 -273.591 342.417
-269.986 346.178 -273.783 339.143
-270.258 342.841 -273.969 335.845
-270.518 339.409 -274.121 332.468
-270.754 335.851 -274.269 328.944
-270.956 332.279 -274.415 325.371
-271.101 328.7 -274.507 321.807
-271.205 325.126 -274.541 318.249
-271.268 321.587 -274.504 314.728
-271.275 318.07 -274.442 311.216
-271.223 314.582 -274.335 307.724
-271.12 311.121 -274.159 304.249
-270.978 307.684 -273.95 300.829
-270.783 304.266 -273.676 297.412
-270.529 300.853 -273.355 294.008
-270.242 297.429 -273.008 290.591
-269.92 293.99 -272.638 287.146
-269.545 290.529 -272.201 283.717
-269.142 287.042 -271.741 280.261
-268.688 283.528 -271.228 276.784
-268.189 279.998 -270.669 273.26
-267.645 276.438 -270.055 269.71
-267.061 272.865 -269.414 266.139
-266.416 269.268 -268.7 262.584
-265.704 265.66 -267.924 259.035
-264.934 262.029 -267.101 255.436
-264.084 258.356 -266.193 251.833
-263.199 254.695 -265.225 248.113
-262.25 251.044 -264.229 244.565
-261.237 247.43 -263.174 241.02
-260.189 243.84 -262.08 237.464
-259.094 240.246 -260.934 233.918
-257.956 236.666 -259.734 230.362
-256.773 233.105 -258.497 226.829
-255.531 229.548 -257.2 223.297
-254.248 226.028 -255.863 219.796
-252.919 222.544 -254.477 216.348
-251.575 219.08 -253.083 212.928
-250.209 215.634 -251.675 209.526
-248.824 212.212 -250.241 206.141
-247.396 208.816 -248.77 202.787
-245.925 205.438 -247.253 199.424
-244.408 202.096 -245.688 196.127
-242.865 198.762 -244.112 192.846
-241.279 195.474 -242.483 189.598
-239.649 192.236 -240.806 186.408
-237.983 189.035 -239.093 183.243
-236.299 185.859 -237.346 180.087
-234.588 182.703 -235.585 176.985
-232.836 179.59 -233.777 173.88
-231.009 176.491 -231.891 170.809
-229.112 173.246 -229.994 167.732
-227.176 170.022 -228.072 164.671
-225.177 166.838 -226.053 161.596
-223.121 163.678 -223.963 158.532
-221.022 160.583 -221.836 155.499
-218.907 157.528 -219.694 152.507
-216.758 154.516 -217.496 149.544
-214.599 151.542 -215.265 146.577
-212.419 148.613 -213.055 143.714
-210.228 145.723 -210.809 140.841
-207.984 142.875 -208.531 138.051
-205.709 140.045 -206.226 135.273
-203.368 137.253 -203.868 132.543
-200.987 134.476 -201.472 129.843
-198.545 131.71 -199.018 127.107
-196.059 128.939 -196.5 124.377
-193.51 126.197 -193.923 121.703
-190.897 123.469 -191.251 119.006
-188.227 120.762 -188.539 116.336
-185.497 118.077 -185.811 113.691
-182.724 115.415 -183.01 111.04
-179.875 112.756 -180.128 108.424
-176.964 110.13 -177.233 105.87
-174.023 107.479 -174.244 103.268
-171.063 104.83 -171.258 100.698
-168.072 102.205 -168.25 98.1383
-165.064 99.5721 -165.218 95.5381
-162.094 96.9252 -162.216 92.948
-159.158 94.2456 -159.244 90.3118
-156.222 91.5912 -156.291 87.7163
-153.303 88.949 -153.33 85.1312
-150.416 86.291 -150.407 82.5346
-147.526 83.6167 -147.525 79.9507
-144.617 80.9679 -144.588 77.3585
-141.68 78.334 -141.637 74.7711
-138.745 75.7019 -138.663 72.1938
-135.803 73.0668 -135.696 69.6042
-132.864 70.4346 -132.728 67.0246
-129.933 67.7967 -129.77 64.4442
-127.009 65.1655 -126.785 61.8353
-124.094 62.5652 -123.821 59.286
-121.186 59.9618 -120.882 56.7301
-118.276 57.3582 -117.936 54.1719
-115.383 54.7465 -114.996 51.6078
-112.487 52.1329 -112.081 49.0697
-109.563 49.5078 -109.114 46.484
-106.649 46.8823 -106.163 43.9147
-103.717 44.2406 -103.194 41.3166
-100.777 41.6077 -100.238 38.7443
-97.816 38.956 -97.261 36.1608
-94.8632 36.2994 -94.1893 33.5128
-91.8844 33.6431 -91.1774 30.922
-88.9097 30.9898 -88.2069 28.3722
-85.9175 28.3227 -85.2063 25.753
-82.929 25.6684 -82.1976 23.1362
-79.942 23.038 -79.1975 20.574
-76.9627 20.4216 -76.2246 18.0208
-74.0075 17.8235 -73.239 15.4471
-71.0924 15.2269 -70.3222 12.8974
-68.2092 12.6345 -67.4533 10.3439
-65.3542 10.052 -64.6147 7.81126
-62.5424 7.48136 -61.7578 5.25907
-59.754 4.92705 -58.9667 2.75145
-57.0092 2.42219 -56.1921 0.288602
-54.3401 0.00982846 -53.532 -2.05621
-51.767 -2.29638 -50.9492 -4.32264
-49.2609 -4.52664 -48.4355 -6.51255
-46.8538 -6.6778 -46.0251 -8.62956
-44.5697 -8.68522 -43.7079 -10.6125
-42.4043 -10.5283 -41.5383 -12.4164
-40.3642 -12.1987 -39.4825 -14.0616
-38.3898 -13.6954 -37.5137 -15.5243
-36.4232 -15.0037 -35.5469 -16.8067
-34.4232 -16.0979 -33.5632 -17.8671
-32.3647 -16.9138 -31.5021 -18.6509
-30.2651 -17.4117 -29.4158 -19.1201
-28.1634 -17.6049 -27.3371 -19.2894
-26.1106 -17.46 -25.2879 -19.1264
-24.1434 -16.9872 -23.3391 -18.6462
-22.297 -16.2178 -21.5 -17.8677
-20.6047 -15.2314 -19.8344 -16.8481
-19.0089 -14.1536 -18.2529 -15.7609
-17.4272 -13.0901 -16.6887 -14.6949
-15.8746 -12.0693 -15.144 -13.6406
-14.3636 -11.1069 -13.6367 -12.6533
-12.9227 -10.2426 -12.1953 -11.7772
-11.5748 -9.46682 -10.8462 -10.9649
-10.3179 -8.78875 -9.58908 -10.2655
-9.18823 -8.1931 -8.46056 -9.64302
-8.21101 -7.71674 -7.49566 -9.13591
-7.42666 -7.33542 -6.70062 -8.72913
-6.73295 -7.00438 -6.01844 -8.3768
-6.08118 -6.62441 -5.37724 -8.00491
-5.48908 -6.23397 -4.79149 -7.61144
-4.93498 -5.80227 -4.24179 -7.17455
-4.33996 -5.28522 -3.66219 -6.63971
-3.69787 -4.59291 -3.0366 -5.92613
-3.03768 -3.76929 -2.38188 -5.09148
-2.40814 -2.79091 -1.77317 -4.11049
-1.80172 -1.62517 -1.18434 -2.93489
-1.26963 -0.215074 -0.686777 -1.50748
-0.812186 1.41715 -0.254896 0.112557
-0.577413 3.30455 -4.25018e-05 1.94878
-0.470925 5.42611 0.109068 3.99111
-0.476637 7.69449 0.0954892 6.20656
-0.570738 10.1199 -0.0268024 8.58563
-0.648451 12.6868 -0.1517 11.1278
-0.748385 15.3785 -0.293638 13.7935
-0.860824 18.1917 -0.457849 16.6247
-0.998219 21.0844 -0.6402 19.5408
-1.17624 24.1005 -0.863816 22.5879
-1.39597 27.2247 -1.126 25.7151
-1.64074 30.4209 -1.41304 28.9091
-1.87932 33.6647 -1.70207 32.1889
-2.15018 36.9236 -2.01424 35.435
-2.39739 40.249 -2.32227 38.7576
-2.63886 43.5943 -2.62291 42.0958
-2.84828 46.9626 -2.89741 45.4524
-3.04137 50.357 -3.15389 48.8346
-3.21265 53.8204 -3.39283 52.2571
-3.38099 57.3074 -3.62305 55.7346
-3.56761 60.8348 -3.86093 59.25
-3.7866 64.3857 -4.12812 62.7862
-3.9819 67.9735 -4.39057 66.3741
-4.17396 71.5659 -4.64443 69.9603
-4.39679 75.1065 -4.88527 73.439
-4.594 78.6237 -5.11854 76.9269
-4.80083 82.1364 -5.33985 80.4181
-5.0164 85.5973 -5.57976 83.897
-5.21455 89.0082 -5.80799 87.3113
-5.36965 92.4355 -6.00948 90.7394
-5.52401 95.8276 -6.19955 94.1317
