0 7.73585e-05 0.00915756 100 13.5135
0 6.77468e-05 0.00720347 200 13.6054
0 5.66638e-05 0.0124716 300 14.0845
10 6.25306e-05 0.00975612 100 13.5135
10 5.34888e-05 0.00746536 200 13.6986
10 5.22109e-05 0.0118866 300 14.1509
20 6.83595e-05 0.00681209 100 13.5135
20 6.20044e-05 0.00999047 200 13.6986
20 5.35386e-05 0.0124716 300 14.2857
30 6.47779e-05 0.00807973 100 13.5135
30 5.73084e-05 0.0111559 200 13.7931
30 4.45741e-05 0.0129776 300 14.3541
40 4.88282e-05 0.00882775 100 13.3333
40 5.81345e-05 0.00980417 200 13.8889
40 4.88014e-05 0.0129329 300 14.4928
50 5.65227e-05 0.00782095 100 13.3333
50 5.98024e-05 0.0107811 200 13.986
50 5.06396e-05 0.0127132 300 14.5631
60 5.07437e-05 0.00870403 100 13.3333
60 5.17903e-05 0.0111478 200 13.986
60 5.15213e-05 0.0125354 300 14.6341
70 4.97952e-05 0.00662162 100 13.3333
70 5.24763e-05 0.0132197 200 14.1844
80 5.34886e-05 0.0039407 100 13.5135
80 6.08889e-05 0.0121824 200 14.2857
90 5.6943e-05 0.00875639 100 13.5135
90 5.03311e-05 0.0128894 200 14.4928
100 6.99114e-05 0.0135672 100 13.6986
100 5.98522e-05 0.0138479 200 14.7059
110 7.85816e-05 0.0118435 100 14.0845
110 5.31534e-05 0.0131094 200 14.8148
120 7.62722e-05 0.015781 100 14.2857
120 4.7904e-05 0.0135383 200 15.0376
130 6.25306e-05 0.0151464 100 14.4928
130 4.96154e-05 0.0141265 200 15.1515
140 5.81855e-05 0.0163886 100 14.7059
140 5.17903e-05 0.012602 200 15.3846
150 5.6943e-05 0.0204154 100 14.9254
160 6.83595e-05 0.0184382 100 15.1515
170 4.14321e-05 0.0145045 100 15.3846
180 5.16749e-05 0.0144931 100 15.3846
190 5.05083e-05 0.0116 100 15.625
200 4.83374e-05 0.0111105 100 15.625
