0 4.42158e-05 0.00362847 100 7.63359
0 6.59636e-05 0.00216895 200 7.7821
0 4.56023e-05 0.00403341 300 7.77202
0 4.14864e-05 0.00394227 400 8.14664
0 3.85346e-05 0.00479183 500 8.05153
0 4.00843e-05 0.00726034 600 7.95756
0 4.38806e-05 0.00926247 700 8.50547
0 3.50791e-05 0.00796141 800 8.52878
10 2.58374e-05 0.0045952 100 8.13008
10 6.00014e-05 0.000603266 200 8
10 3.74351e-05 0.00353928 300 7.93651
10 3.98933e-05 0.00293074 400 8.28157
10 3.51431e-05 0.00328162 500 8.06452
10 3.84654e-05 0.00524822 600 8.0429
10 4.03264e-05 0.00718263 700 8.59951
10 3.63928e-05 0.00598264 800 8.59291
20 1.69146e-05 0.00422566 100 8.54701
20 6.70837e-05 0.00111315 200 8.16327
20 4.03635e-05 0.00348452 300 8.06452
20 3.6885e-05 0.00280345 400 8.40336
20 3.71613e-05 0.00308711 500 7.97448
20 3.79976e-05 0.0044539 600 8.13008
20 4.07585e-05 0.00653937 700 8.6741
20 3.70975e-05 0.00508571 800 8.65801
30 3.12653e-05 0.00284888 100 8.92857
30 6.61441e-05 0.00159242 200 8.23045
30 5.09526e-05 0.00382261 300 8.15217
30 4.09805e-05 0.00331527 400 8.47458
30 3.84231e-05 0.00431081 500 7.89889
30 3.82582e-05 0.00556991 600 8.19672
30 4.20051e-05 0.00752866 700 8.75
30 3.36867e-05 0.00570875 800 8.68621
40 1.89111e-05 0.00107446 100 9.00901
40 5.85941e-05 0.00191149 200 8.23045
40 5.14441e-05 0.00371556 300 8.17439
40 4.5051e-05 0.00350247 400 8.52878
40 3.99085e-05 0.00503227 500 7.86164
40 4.0528e-05 0.00619296 600 8.24176
40 4.38417e-05 0.00819954 700 8.79397
40 3.35148e-05 0.00584255 800 8.62999
50 2.80496e-05 0.00109542 100 9.09091
50 6.32889e-05 0.00190447 200 8.19672
50 4.47816e-05 0.00392489 300 8.19672
50 4.53477e-05 0.00355556 400 8.54701
50 3.9355e-05 0.00452309 500 7.86164
50 4.09588e-05 0.00544041 600 8.28729
50 4.25118e-05 0.00739928 700 8.81612
50 3.213e-05 0.004702 800 8.33333
60 5.54582e-05 0.00270189 100 9.17431
60 6.64139e-05 0.00270671 200 8.16327
60 5.26404e-05 0.00435164 300 8.21918
60 5.02577e-05 0.00424639 400 8.54701
60 3.88673e-05 0.00508469 500 7.86164
60 4.0315e-05 0.00580464 600 8.33333
60 4.48405e-05 0.00741233 700 8.80503
60 3.22919e-05 0.00463068 800 8.28157
70 6.17633e-05 0.00440548 100 9.17431
70 7.31207e-05 0.0035206 200 8.16327
70 5.71989e-05 0.00388458 300 8.26446
70 4.96461e-05 0.00372848 400 8.52878
70 3.93308e-05 0.00558747 500 7.88644
70 4.36669e-05 0.00690552 600 8.39161
70 4.6135e-05 0.00902991 700 8.73908
70 3.20777e-05 0.00504415 800 8.28157
80 7.59589e-05 0.00385302 100 9.17431
80 7.77817e-05 0.00367791 200 8.13008
80 5.259e-05 0.00457795 300 8.28729
80 4.87678e-05 0.00409593 400 8.49257
80 3.90509e-05 0.00578638 500 7.91139
80 4.49303e-05 0.00725445 600 8.43882
80 4.33056e-05 0.00875216 700 8.69565
80 3.38136e-05 0.00505157 800 8.29016
90 7.53285e-05 0.00398252 100 8.92857
90 8.58331e-05 0.00418238 200 8.03213
90 6.29116e-05 0.00484764 300 8.26446
90 4.81837e-05 0.00442405 400 8.43882
90 4.58475e-05 0.00636521 500 7.92393
90 4.72161e-05 0.00835875 600 8.47458
90 4.60822e-05 0.00907786 700 8.66337
90 2.95949e-05 0.00547259 800 8.28157
100 0.000141181 0.00468689 100 8.69565
100 8.69371e-05 0.00406349 200 7.93651
100 6.87663e-05 0.00484265 300 8.26446
100 5.33221e-05 0.00430717 400 8.3682
100 4.66006e-05 0.00633873 500 7.93651
100 4.947e-05 0.00847042 600 8.52273
100 4.84101e-05 0.00855158 700 8.64198
100 2.97769e-05 0.00518932 800 8.27301
110 0.000149387 0.00698394 100 8.40336
110 8.57636e-05 0.00358415 200 7.87402
110 6.35609e-05 0.00456568 300 8.26446
110 5.06564e-05 0.00515229 400 8.31601
110 4.93539e-05 0.00780328 500 7.94913
110 5.11292e-05 0.0103782 600 8.5592
110 4.74301e-05 0.00982356 700 8.64198
110 3.34313e-05 0.00573887 800 8.27301
120 0.000138797 0.00499103 100 8.06452
120 6.65932e-05 0.00438716 200 7.84314
120 4.95823e-05 0.00479093 300 8.26446
120 4.72468e-05 0.00426999 400 8.26446
120 4.39353e-05 0.00569116 500 7.97448
120 4.67509e-05 0.00766922 600 8.60832
120 4.06449e-05 0.0067374 700 8.64198
120 3.00385e-05 0.00359245 800 8.27301
130 0.000106643 0.00479825 100 7.8125
130 5.43181e-05 0.00427475 200 7.7821
130 4.89911e-05 0.00446554 300 8.28729
130 4.27077e-05 0.00472126 400 8.11359
130 4.37613e-05 0.0062118 500 8
130 4.68429e-05 0.00823219 600 8.65801
130 3.84864e-05 0.00658942 700 8.65266
130 3.17039e-05 0.00324867 800 8.25593
140 0.000121778 0.00486989 100 7.57576
140 6.71725e-05 0.00610958 200 7.7821
140 4.96891e-05 0.00536432 300 8.31025
140 4.59354e-05 0.0050791 400 7.67754
140 4.43459e-05 0.0054131 500 8.03859
140 4.67367e-05 0.00724098 600 8.69565
140 3.81754e-05 0.00514443 700 8.64198
140 2.89135e-05 0.00271859 800 8.18833
150 0.000108965 0.00362174 100 7.46269
150 7.0252e-05 0.00568162 200 7.75194
150 5.95586e-05 0.00479097 300 8.33333
150 4.68509e-05 0.00544106 400 7.60456
150 4.53034e-05 0.00608792 500 8.09062
150 4.70756e-05 0.00806417 600 8.73362
150 3.72463e-05 0.00528512 700 8.53659
150 2.95949e-05 0.00314785 800 7.66284
160 0.000106754 0.00365824 100 7.35294
160 5.71522e-05 0.00584121 200 7.7821
160 5.72683e-05 0.00460255 300 8.35655
160 4.52984e-05 0.00614827 400 7.57576
160 4.57746e-05 0.0071866 500 8.13008
160 4.97238e-05 0.00910022 600 8.75912
160 3.50034e-05 0.00566849 700 8.20633
170 7.90354e-05 0.00278933 100 7.29927
170 7.27939e-05 0.00422751 200 7.8125
170 5.87525e-05 0.00412042 300 8.33333
170 4.40982e-05 0.00649086 400 7.57576
170 4.63235e-05 0.00777021 500 8.18331
170 4.92217e-05 0.00987225 600 8.70827
170 3.42729e-05 0.00537669 700 8.15851
180 0.000101605 0.00469521 100 7.24638
180 7.01246e-05 0.00546584 200 7.84314
180 5.39821e-05 0.00440424 300 8.28729
180 4.25329e-05 0.0061605 400 7.60456
180 4.56599e-05 0.00714481 500 8.23723
180 4.64096e-05 0.00898482 600 8.63309
180 3.39949e-05 0.00455468 700 8.14901
190 9.02993e-05 0.005371 100 7.19424
190 7.40119e-05 0.00522702 200 7.87402
190 5.81406e-05 0.00436187 300 8.26446
190 4.37079e-05 0.0068814 400 7.63359
190 4.9102e-05 0.00862928 500 8.30565
190 4.84007e-05 0.00983873 600 8.59599
190 3.08349e-05 0.00525621 700 8.15851
200 9.59324e-05 0.00586414 100 7.19424
200 6.15703e-05 0.0053114 200 7.90514
200 4.99549e-05 0.0047855 300 8.26446
200 4.51666e-05 0.00752679 400 7.67754
200 4.83386e-05 0.00950107 500 8.37521
200 4.88841e-05 0.00980133 600 8.59599
200 2.9816e-05 0.00520114 700 8.17757
210 6.97407e-05 0.00480236 100 7.24638
210 4.34681e-05 0.00492383 200 7.96813
210 4.71167e-05 0.00537806 300 8.24176
210 4.5249e-05 0.0081028 400 7.72201
210 4.57016e-05 0.00999061 500 8.44595
210 4.77324e-05 0.0092409 600 8.60832
210 2.98812e-05 0.00444144 700 8.19672
220 7.09271e-05 0.00470912 100 7.29927
220 4.63226e-05 0.00455719 200 8.06452
220 3.77171e-05 0.00588272 300 8.24176
220 4.32279e-05 0.00878715 400 7.76699
220 4.97964e-05 0.0104984 500 8.51789
220 4.4945e-05 0.00916277 600 8.63309
220 2.96031e-05 0.00450722 700 8.22562
230 8.58323e-05 0.00655938 100 7.35294
230 5.71522e-05 0.00521207 200 8.16327
230 3.83095e-05 0.00711257 300 8.26446
230 4.5838e-05 0.0102379 400 7.82779
230 5.08014e-05 0.0117524 500 8.59107
230 4.52827e-05 0.00977887 600 8.67052
230 2.98649e-05 0.00527768 700 8.24499
240 7.59589e-05 0.00431743 100 7.46269
240 4.88893e-05 0.0051594 200 8.29876
240 4.42759e-05 0.00760697 300 8.28729
240 4.7889e-05 0.00998129 400 7.90514
240 5.15377e-05 0.0112169 500 8.68056
240 4.66516e-05 0.00858191 600 8.72093
240 3.11646e-05 0.00374163 700 8.27423
250 4.83374e-05 0.00644033 100 7.63359
250 3.56312e-05 0.00437996 200 8.43882
250 3.76116e-05 0.00597319 300 8.28729
250 4.17906e-05 0.00810396 400 7.98403
250 4.80814e-05 0.00950593 500 8.77193
250 4.34769e-05 0.00702638 600 8.77193
250 2.92558e-05 0.00302068 700 8.30368
260 3.62119e-05 0.00797155 100 7.75194
260 4.09983e-05 0.00464324 200 8.54701
260 3.85851e-05 0.00577999 300 8.02139
260 4.43509e-05 0.00757387 400 8.06452
260 4.88977e-05 0.00907867 500 8.84956
260 4.27083e-05 0.00631087 600 8.81057
260 2.41841e-05 0.00273042 700 8.31354
270 2.58374e-05 0.00918343 100 7.87402
270 3.14554e-05 0.00542675 200 8.65801
270 3.67206e-05 0.00615683 300 7.69231
270 3.88909e-05 0.00696808 400 8.13008
270 4.67334e-05 0.0082934 500 8.92857
270 4.05444e-05 0.00470412 600 8.82353
270 2.56487e-05 0.00189654 700 8.26446
280 3.16443e-05 0.0091724 100 7.93651
280 4.37415e-05 0.00567933 200 8.77193
280 4.2754e-05 0.00634716 300 7.61421
280 4.1933e-05 0.00685532 400 8.21355
280 4.89269e-05 0.00832901 500 9.00901
280 3.85686e-05 0.00441849 600 8.78477
280 2.77273e-05 0.00202713 700 7.80379
290 4.55439e-05 0.00859392 100 8.06452
290 4.83376e-05 0.00539969 200 8.84956
290 4.18142e-05 0.00723844 300 7.61421
290 4.35542e-05 0.00781264 400 8.28157
290 5.02824e-05 0.00914332 500 9.05797
290 3.49563e-05 0.0046455 600 8.40336
300 6.00011e-05 0.00636702 100 8.19672
300 5.13279e-05 0.00594235 200 8.92857
300 4.2723e-05 0.00775889 300 7.63359
300 4.425e-05 0.00813837 400 8.3682
300 5.07262e-05 0.00950518 500 9.07441
300 3.56318e-05 0.00393282 600 8.32178
310 3.75056e-05 0.00671795 100 8.33333
310 4.73408e-05 0.00586828 200 8.88889
310 4.07879e-05 0.00749213 300 7.67263
310 4.35542e-05 0.00767582 400 8.45666
310 5.09514e-05 0.00889699 500 9.00901
310 3.19778e-05 0.00301125 600 8.31025
320 5.07437e-05 0.00666375 100 8.47458
320 5.61526e-05 0.00597402 200 8.84956
320 4.57184e-05 0.00792192 300 7.73196
320 4.81064e-05 0.0084385 400 8.54701
320 5.03109e-05 0.00962442 500 8.94454
320 3.57617e-05 0.00314681 600 8.32178
330 7.2094e-05 0.00731202 100 8.62069
330 5.03903e-05 0.00593404 200 8.84956
330 4.63228e-05 0.00729551 300 7.77202
330 4.79201e-05 0.00857736 400 8.62069
330 5.21173e-05 0.00887267 500 8.91266
330 3.35545e-05 0.00291554 600 8.33333
340 4.50173e-05 0.00765565 100 8.69565
340 4.30548e-05 0.0067077 200 8.84956
340 4.9769e-05 0.0081541 300 7.8329
340 4.73413e-05 0.00909536 400 8.7146
340 5.21539e-05 0.0080498 500 8.91266
340 3.0363e-05 0.00244136 600 8.35655
350 3.78221e-05 0.00944338 100 8.84956
350 4.68345e-05 0.0078625 200 8.77193
350 4.5863e-05 0.00792129 300 7.89474
350 4.5838e-05 0.00851025 400 8.81057
350 5.22179e-05 0.00676462 500 8.92857
350 2.97571e-05 0.00121645 600 8.3682
360 3.75056e-05 0.0107158 100 8.92857
360 3.3741e-05 0.00896305 200 8.77193
360 4.99019e-05 0.00812895 300 7.93651
360 4.44348e-05 0.00860645 400 8.88889
360 4.87903e-05 0.00643005 500 8.96057
360 2.92859e-05 0.000952335 600 8.39161
370 2.84715e-05 0.011047 100 9.09091
370 4.67708e-05 0.00945497 200 8.73362
370 4.37947e-05 0.00860392 300 8
370 4.88289e-05 0.00893571 400 8.98876
370 4.99971e-05 0.00604521 500 8.97666
370 2.79316e-05 0.00120873 600 8.40336
380 4.20036e-05 0.0104287 100 9.25926
380 4.30548e-05 0.00879816 200 8.62069
380 4.52524e-05 0.00883042 300 8.08625
380 5.14735e-05 0.00965592 400 9.07029
380 4.5482e-05 0.00659075 500 9.00901
380 2.93988e-05 0.00228805 600 8.41515
390 5.839e-05 0.0111956 100 9.43396
390 4.3193e-05 0.00981728 200 7.84314
390 4.77866e-05 0.0103401 300 8.15217
390 5.41953e-05 0.0110426 400 9.17431
390 4.6241e-05 0.007096 500 9.02527
390 2.60674e-05 0.00312662 600 8.37989
400 3.12653e-05 0.0136063 100 9.61539
400 4.79662e-05 0.0106382 200 7.46269
400 4.43955e-05 0.0095583 300 8.24176
400 5.08032e-05 0.00993984 400 9.23787
400 4.38049e-05 0.00498089 500 9.00901
400 2.6695e-05 0.00175418 600 8.24176
410 6.55099e-05 0.0141866 100 9.70874
410 5.77229e-05 0.0116661 200 7.38007
410 4.7285e-05 0.010183 300 8.31025
410 5.51764e-05 0.0105841 400 9.30233
410 3.89531e-05 0.00475674 500 8.65052
420 4.60644e-05 0.0101562 100 9.61539
420 4.70883e-05 0.0095315 200 7.35294
420 4.07879e-05 0.00806879 300 8.37989
420 5.01686e-05 0.00831479 400 9.28074
420 3.32035e-05 0.00263245 500 8.31947
430 5.839e-05 0.00637228 100 9.34579
430 4.43505e-05 0.00815186 200 7.35294
430 4.1719e-05 0.00718347 300 8.47458
430 5.15314e-05 0.00781632 400 9.13242
430 3.19296e-05 0.00260954 500 8.27815
440 5.41531e-05 0.00695956 100 9.09091
440 5.48097e-05 0.00817256 200 7.38007
440 4.89369e-05 0.00767705 300 8.54701
440 5.47561e-05 0.00783153 400 9.00901
440 3.60805e-05 0.00159419 500 8.26446
450 6.23397e-05 0.00603986 100 8.92857
450 5.01531e-05 0.00726797 200 7.40741
450 4.89911e-05 0.00764929 300 8.64553
450 5.82251e-05 0.00669068 400 8.94855
450 3.27553e-05 0.00172087 500 8.26446
460 7.50114e-05 0.00535967 100 8.69565
460 5.55121e-05 0.00685715 200 7.43494
460 5.00609e-05 0.00764202 300 8.74636
460 5.98906e-05 0.00591701 400 8.92857
460 3.14329e-05 0.00215938 500 8.26446
470 4.44846e-05 0.00612845 100 8.47458
470 6.02492e-05 0.00689716 200 7.46269
470 4.98487e-05 0.00750011 300 8.82353
470 5.37813e-05 0.0050843 400 8.92857
470 2.94271e-05 0.00271204 500 8.26446
480 7.2094e-05 0.00691651 100 8.19672
480 5.47008e-05 0.00725115 200 7.5188
480 5.54109e-05 0.00770335 300 8.92857
480 5.59008e-05 0.00463061 400 8.92857
480 2.88378e-05 0.00304617 500 8.25082
490 6.73051e-05 0.00623465 100 7.57576
490 5.53508e-05 0.00690457 200 7.57576
490 5.7083e-05 0.00743213 300 9.00901
490 4.81528e-05 0.00400216 400 8.90869
490 2.64576e-05 0.0032493 500 8.22368
500 9.00349e-05 0.00735692 100 6.17284
500 5.46463e-05 0.00676656 200 7.63359
500 5.83453e-05 0.00757489 300 9.09091
500 4.79357e-05 0.00297223 400 8.86918
500 2.98294e-05 0.00341903 500 8.07754
510 8.66616e-05 0.00785081 100 5.91716
510 4.17189e-05 0.00540013 200 7.69231
510 5.35881e-05 0.00565979 300 9.14634
510 4.05601e-05 0.00181327 400 8.54701
520 0.000102888 0.00835956 100 5.88235
520 4.99149e-05 0.00531834 200 7.8125
520 5.67805e-05 0.00576541 300 9.14634
520 3.89674e-05 0.00200021 400 8.04829
530 9.51839e-05 0.00840754 100 5.95238
530 4.46852e-05 0.00475734 200 7.96813
530 5.68038e-05 0.00494555 300 9.09091
530 3.86795e-05 0.00308403 400 8.01603
540 9.63045e-05 0.00873863 100 6.06061
540 5.62587e-05 0.00512486 200 8.13008
540 5.56733e-05 0.00583659 300 8.98204
540 3.71266e-05 0.00305232 400 8.03213
550 5.07437e-05 0.00898741 100 6.13497
550 4.23569e-05 0.00593852 200 8.29876
550 5.03248e-05 0.00448568 300 8.92857
550 2.89388e-05 0.00440088 400 8.06452
560 4.20036e-05 0.00949436 100 6.25
560 4.80283e-05 0.00716806 200 8.43882
560 5.55303e-05 0.00491738 300 8.92857
560 2.71591e-05 0.00495674 400 8.08081
570 5.21342e-05 0.0103395 100 6.41026
570 5.92013e-05 0.00850963 200 8.65801
570 5.8436e-05 0.00559966 300 8.95522
570 2.81028e-05 0.00548759 400 8.13008
580 6.01994e-05 0.0121535 100 6.53595
580 6.17636e-05 0.0101514 200 8.84956
580 5.65467e-05 0.00676635 300 9.00901
580 2.71316e-05 0.00637335 400 8.16327
590 6.21482e-05 0.015094 100 6.66667
590 6.85775e-05 0.0126544 200 9.04977
590 4.28159e-05 0.00897976 300 9.06344
590 1.28609e-05 0.00673315 400 8.19672
600 7.02516e-05 0.013862 100 6.84932
600 7.39717e-05 0.0112432 200 9.25926
600 5.34148e-05 0.00735351 300 9.14634
600 2.28047e-05 0.00666719 400 8.23045
610 4.85834e-05 0.0127282 100 7.0922
610 6.69948e-05 0.00989639 200 9.52381
610 4.74249e-05 0.0065034 300 9.25926
610 2.07879e-05 0.00647524 400 8.28157
620 6.36642e-05 0.0125716 100 7.46269
620 7.74746e-05 0.00994938 200 9.85222
620 4.61222e-05 0.00626547 300 9.40439
620 2.25418e-05 0.00658134 400 8.3682
630 6.17633e-05 0.0120623 100 7.93651
630 7.12629e-05 0.00944502 200 10.2564
630 4.68347e-05 0.00604155 300 9.6463
630 1.69146e-05 0.00637361 400 8.49257
640 6.25306e-05 0.0120783 100 8.54701
640 7.34866e-05 0.0100136 200 10.7527
640 4.38551e-05 0.00634929 300 9.90099
640 1.56327e-05 0.00617932 400 8.62069
650 5.75676e-05 0.0113662 100 9.17431
650 7.82021e-05 0.00956501 200 11.236
650 4.62656e-05 0.00578928 300 10.1351
650 1.70899e-05 0.00606694 400 8.7146
660 5.75676e-05 0.00989026 100 9.80392
660 7.43735e-05 0.00857309 200 11.7647
660 4.41561e-05 0.00523071 300 10.3448
660 1.5916e-05 0.00606 400 8.73362
670 6.97407e-05 0.00671806 100 10.4167
670 6.87078e-05 0.00671867 200 12.1951
670 4.08852e-05 0.00406141 300 10.3806
670 1.70025e-05 0.00585156 400 8.49257
680 8.31515e-05 0.00856778 100 10.989
680 8.40081e-05 0.00802136 200 12.5
680 3.13922e-05 0.00580463 300 9.67742
690 8.65239e-05 0.00845167 100 11.4943
690 8.64558e-05 0.00770315 200 12.5786
690 2.87953e-05 0.00625256 300 9.09091
700 8.81618e-05 0.00799485 100 11.9048
700 8.06043e-05 0.00772813 200 12.0482
700 2.76214e-05 0.00615858 300 9.00901
710 8.70733e-05 0.00774362 100 12.3457
710 6.41774e-05 0.00615991 200 11.4943
710 2.64455e-05 0.00593447 300 8.95522
720 6.58729e-05 0.00503124 100 12.8205
720 6.69057e-05 0.00265212 200 11.236
720 2.75734e-05 0.0068771 300 8.90208
730 6.97407e-05 0.00583731 100 13.3333
730 6.35708e-05 0.00303953 200 11.0497
730 2.37541e-05 0.00703858 300 8.87574
740 8.70733e-05 0.00620685 100 13.6986
740 6.18119e-05 0.00368639 200 10.929
740 1.36175e-05 0.00726569 300 8.82353
750 9.46816e-05 0.00536477 100 14.0845
750 5.54584e-05 0.00381907 200 10.8108
750 1.54408e-05 0.007693 300 8.74636
760 9.23875e-05 0.0034719 100 14.2857
760 5.44825e-05 0.00482952 200 10.582
760 1.75299e-05 0.00818918 300 8.42697
770 9.23875e-05 0.000849894 100 14.0845
770 4.2777e-05 0.00703081 200 8.92857
780 9.2129e-05 0.00185468 100 12.5
780 4.05598e-05 0.00943711 200 8.03213
790 7.99353e-05 0.00270808 100 10.4167
790 3.71865e-05 0.0103717 200 7.8125
800 0.000134078 0.00687019 100 9.52381
800 4.7717e-05 0.0119145 200 7.63359
810 0.000151526 0.00710299 100 9.00901
810 5.34888e-05 0.0122274 200 7.46269
820 0.000131112 0.00864692 100 8.62069
820 5.37667e-05 0.0119493 200 7.27273
830 0.000124393 0.0112525 100 8.13008
830 6.05945e-05 0.0120631 200 6.82594
840 0.000106978 0.012433 100 6.21118
850 0.000115343 0.0165903 100 5.81395
860 0.000109728 0.0169217 100 5.88235
870 0.000111131 0.0151886 100 6.0241
880 6.05942e-05 0.0134982 100 6.13497
890 8.15593e-05 0.0120844 100 6.21118
900 7.4373e-05 0.0102994 100 6.28931
910 9.80222e-05 0.0117218 100 6.32911
920 8.4432e-05 0.0115882 100 6.32911
930 7.45331e-05 0.0116096 100 6.28931
940 9.31585e-05 0.0110601 100 6.17284
950 4.88282e-05 0.00859949 100 5.88235
960 6.157e-05 0.00627893 100 5.12821
970 4.73407e-05 0.00613653 100 4.40529
