0 5.12114e-05 0.00461366 100 13.5135
0 5.2985e-05 0.00129295 200 13.6054
0 4.76478e-05 0.00409699 300 14.0845
10 4.08526e-05 0.00435962 100 13.5135
10 4.38776e-05 0.00149676 200 13.6986
10 4.30011e-05 0.00373384 300 14.1509
20 5.07437e-05 0.00288204 100 13.5135
20 5.23626e-05 0.00207893 200 13.6986
20 4.38551e-05 0.00475415 300 14.2857
30 3.96682e-05 0.00340738 100 13.5135
30 4.63226e-05 0.00187923 200 13.7931
30 3.9835e-05 0.00452955 300 14.3541
40 4.63225e-05 0.00413622 100 13.3333
40 4.90719e-05 0.00218912 200 13.8889
40 4.26299e-05 0.00484845 300 14.4928
50 3.99676e-05 0.00308616 100 13.3333
50 4.53473e-05 0.00206887 200 13.986
50 4.36128e-05 0.00449504 300 14.5631
60 5.73601e-05 0.00306287 100 13.3333
60 4.53473e-05 0.00333705 200 13.986
60 4.85292e-05 0.00511661 300 14.6341
70 4.75918e-05 0.00225535 100 13.3333
70 4.83376e-05 0.00329517 200 14.1844
80 5.65227e-05 0.00223088 100 13.5135
80 5.28159e-05 0.00366443 200 14.2857
90 5.52428e-05 0.00193144 100 13.5135
90 4.36733e-05 0.00392494 200 14.4928
100 6.01994e-05 0.00417645 100 13.6986
100 4.6707e-05 0.00396282 200 14.7059
110 6.36642e-05 0.00380508 100 14.0845
110 4.63869e-05 0.00373391 200 14.8148
120 5.56727e-05 0.00508755 100 14.2857
120 4.07065e-05 0.00403626 200 15.0376
130 5.02717e-05 0.00373604 100 14.4928
130 4.94952e-05 0.0039742 200 15.1515
140 4.65791e-05 0.00296654 100 14.7059
140 4.83376e-05 0.00335725 200 15.3846
150 5.3041e-05 0.00273333 100 14.9254
160 4.08526e-05 0.00385338 100 15.1515
170 3.04932e-05 0.00323404 100 15.3846
180 4.78416e-05 0.00464333 100 15.3846
190 5.34886e-05 0.00452213 100 15.625
200 5.07437e-05 0.0022659 100 15.625
