0 5.09781e-05 0.00416015 100 12.1951
0 7.05906e-05 0.00146448 200 15.3846
0 7.1152e-05 0.00553694 300 17.5439
0 7.9349e-05 0.00990972 400 19.1388
0 8.45001e-05 0.0144856 500 20.3252
0 7.92435e-05 0.0191514 600 21.1268
0 7.34294e-05 0.0225854 700 21.8069
0 6.44968e-05 0.0252648 800 22.2841
10 6.97407e-05 0.00376672 100 12.987
10 7.36891e-05 0.00260783 200 16.129
10 7.81098e-05 0.00650632 300 18.1818
10 8.20909e-05 0.0108969 400 19.7044
10 8.94896e-05 0.0157764 500 20.8333
10 8.03272e-05 0.0201773 600 21.5827
10 7.49938e-05 0.0234393 700 22.2222
10 6.67654e-05 0.0260397 800 22.6629
20 6.80098e-05 0.00390286 100 13.8889
20 7.52103e-05 0.00228846 200 16.9492
20 8.17881e-05 0.006322 300 18.8679
20 7.28674e-05 0.0109147 400 20.3046
20 8.7162e-05 0.015806 500 21.3675
20 8.21177e-05 0.0196751 600 22.1402
20 7.44433e-05 0.0230823 700 22.6537
20 6.46757e-05 0.0254351 800 23.1214
30 8.49949e-05 0.00230703 100 14.9254
30 8.52757e-05 0.00486208 200 17.8571
30 8.16098e-05 0.009257 300 19.6078
30 7.97145e-05 0.0137992 400 21.0526
30 9.8638e-05 0.018513 500 22.0264
30 8.31759e-05 0.0226655 600 22.6415
30 7.77256e-05 0.0258363 700 23.1788
30 6.76252e-05 0.028234 800 23.5294
40 0.000106754 0.00390579 100 16.129
40 0.000102628 0.00769471 200 18.8679
40 9.80253e-05 0.0120973 300 20.4082
40 8.75383e-05 0.0165997 400 21.7391
40 9.86041e-05 0.0214104 500 22.6244
40 8.76819e-05 0.0253248 600 23.166
40 7.92729e-05 0.0283385 700 23.6486
40 6.76059e-05 0.0305253 800 23.9521
50 0.000120597 0.00472867 100 17.2414
50 0.000108198 0.00855923 200 19.802
50 9.89668e-05 0.0127163 300 21.2766
50 9.27948e-05 0.0171318 400 22.4719
50 9.53427e-05 0.0221056 500 23.1481
50 8.69802e-05 0.0257126 600 23.7154
50 7.68152e-05 0.0287827 700 24.055
50 6.66257e-05 0.0308085 800 24.3161
60 0.000113886 0.00510949 100 18.5185
60 0.000109567 0.00968437 200 20.6186
60 9.74697e-05 0.0134896 300 21.8978
60 9.25536e-05 0.0178716 400 22.9885
60 9.37688e-05 0.0224035 500 23.6967
60 8.72995e-05 0.0262505 600 24.0964
60 7.64181e-05 0.0288299 700 24.4755
60 6.60019e-05 0.0306339 800 24.6914
70 0.000111239 0.00282797 100 19.2308
70 9.23239e-05 0.00642808 200 21.2766
70 9.6774e-05 0.0105434 300 22.5564
70 8.96746e-05 0.0150236 400 23.5294
70 9.38196e-05 0.019673 500 24.1546
70 8.16646e-05 0.0233173 600 24.4898
70 6.88307e-05 0.0257834 700 24.8227
70 6.2349e-05 0.0274824 800 25
80 7.2094e-05 0.00159242 100 20.4082
80 7.41326e-05 0.00408312 200 21.978
80 8.41354e-05 0.00827488 300 23.2558
80 8.94083e-05 0.0130368 400 24.0964
80 8.21184e-05 0.0176461 500 24.5098
80 7.49645e-05 0.020785 600 24.8963
80 6.49297e-05 0.0231437 700 25.0896
80 6.11723e-05 0.0246536 800 25.3165
90 9.64282e-05 0.00319069 100 21.2766
90 9.83572e-05 0.00675071 200 22.4719
90 8.02678e-05 0.0108345 300 23.8095
90 9.86193e-05 0.0156926 400 24.5399
90 8.85142e-05 0.0195633 500 24.8756
90 7.67376e-05 0.0224159 600 25.2101
90 6.62984e-05 0.0245122 700 25.3623
90 6.08272e-05 0.0259866 800 25.4777
100 0.000118604 0.00380398 100 21.7391
100 9.97713e-05 0.00810071 200 23.2558
100 7.81098e-05 0.0125867 300 24.3902
100 0.000101391 0.0177895 400 24.8447
100 8.33807e-05 0.0212112 500 25.2525
100 7.80516e-05 0.024071 600 25.4237
100 6.55601e-05 0.0259008 700 25.5474
100 6.33364e-05 0.027172 800 25.7235
110 8.41491e-05 0.00343034 100 22.2222
110 9.73521e-05 0.00683892 200 23.8095
110 8.87033e-05 0.0114268 300 24.7934
110 9.26743e-05 0.0166561 400 25.1572
110 8.50515e-05 0.0199357 500 25.5102
110 7.12491e-05 0.0223425 600 25.641
110 6.1626e-05 0.0237505 700 25.8303
110 6.21754e-05 0.0252189 800 25.89
120 7.53285e-05 0.0013438 100 22.7273
120 9.25818e-05 0.00493413 200 24.0964
120 8.64188e-05 0.0101278 300 25.2101
120 9.12235e-05 0.0148483 400 25.4777
120 7.76892e-05 0.0177349 500 25.7732
120 6.45309e-05 0.0200111 600 25.8621
120 5.9623e-05 0.0214723 700 25.9259
120 5.83282e-05 0.0231337 800 25.974
130 8.78909e-05 0.00233761 100 23.2558
130 8.26489e-05 0.0047695 200 24.6914
130 9.86047e-05 0.0109452 300 25.4237
130 8.09482e-05 0.0150216 400 25.641
130 7.58565e-05 0.017528 500 25.9067
130 6.36628e-05 0.0192666 600 25.974
130 5.79548e-05 0.0205158 700 26.1194
130 5.70949e-05 0.02224 800 26.1438
140 9.39231e-05 0.0029259 100 23.8095
140 7.95622e-05 0.00828635 200 25
140 0.000111778 0.0138329 300 25.641
140 8.66055e-05 0.0168676 400 25.974
140 7.75786e-05 0.0191905 500 26.0417
140 6.54634e-05 0.0207817 600 26.087
140 6.06348e-05 0.0220682 700 26.2172
140 6.01773e-05 0.023691 800 26.2295
150 9.95906e-05 0.0025874 100 23.8095
150 8.08258e-05 0.00767638 200 25.641
150 8.85538e-05 0.0129941 300 25.8621
150 7.87741e-05 0.0153463 400 26.1438
150 6.85299e-05 0.0172136 500 26.178
150 6.0109e-05 0.0187801 600 26.2009
150 5.9312e-05 0.0203038 700 26.3158
150 5.9633e-05 0.0222698 800 26.3158
160 0.000104611 0.00294575 100 25
160 9.60577e-05 0.00990433 200 25.974
160 9.51868e-05 0.013861 300 26.087
160 7.66258e-05 0.0162157 400 26.3158
160 6.48837e-05 0.0176334 500 26.3158
160 6.01696e-05 0.0187913 600 26.3158
160 5.85147e-05 0.0201982 700 26.4151
160 5.82963e-05 0.0222879 800 26.4026
170 0.000104497 0.00378796 100 25.641
170 0.00010484 0.0112903 200 26.3158
170 8.76819e-05 0.0145024 300 26.3158
170 8.00317e-05 0.0160091 400 26.3158
170 6.34867e-05 0.0169428 500 26.455
170 5.88337e-05 0.0180607 600 26.4317
170 5.92668e-05 0.0196903 700 26.4151
170 5.73326e-05 0.0218533 800 26.4901
180 6.69499e-05 0.00753848 100 25.641
180 9.79929e-05 0.0140969 200 26.3158
180 8.17233e-05 0.0139822 300 26.5487
180 7.08663e-05 0.0146333 400 26.4901
180 5.96525e-05 0.0154655 500 26.455
180 5.81599e-05 0.0167161 600 26.5487
180 5.84232e-05 0.018347 700 26.5152
180 6.07413e-05 0.0210335 800 26.4901
190 7.61157e-05 0.0109379 100 26.3158
190 9.03992e-05 0.0143518 200 26.3158
190 7.65856e-05 0.0139264 300 26.5487
190 6.47566e-05 0.0138362 400 26.4901
190 5.69616e-05 0.0146425 500 26.455
190 5.72936e-05 0.0160519 600 26.5487
190 5.77655e-05 0.0180002 700 26.5152
190 6.69772e-05 0.023628 800 26.4901
200 7.65841e-05 0.01449 100 26.3158
200 7.90361e-05 0.0144818 200 26.3158
200 7.77529e-05 0.0138158 300 26.5487
200 5.96537e-05 0.0128228 400 26.4901
200 5.70285e-05 0.0138102 500 26.455
200 5.86081e-05 0.0161054 600 26.4317
200 5.76643e-05 0.0185661 700 26.5152
200 7.47935e-05 0.0288322 800 26.4026
210 0.000134434 0.0218437 100 25.641
210 7.95997e-05 0.0160473 200 26.3158
210 7.37304e-05 0.013664 300 26.3158
210 5.84933e-05 0.0127165 400 26.4901
210 5.56059e-05 0.0136056 500 26.455
210 5.65722e-05 0.0153405 600 26.4317
210 5.62501e-05 0.0182117 700 26.4151
210 7.72887e-05 0.03979 800 26.4026
220 0.000187085 0.0189586 100 25.641
220 9.37654e-05 0.015627 200 26.3158
220 8.37408e-05 0.0147431 300 26.3158
220 6.33608e-05 0.0145622 400 26.3158
220 6.25864e-05 0.0156575 500 26.455
220 6.27721e-05 0.0172026 600 26.4317
220 6.53556e-05 0.0202017 700 26.4151
220 8.25728e-05 0.0467562 800 26.3158
230 0.000105632 0.0176056 100 25.641
230 8.0345e-05 0.0133912 200 26.3158
230 5.99797e-05 0.010385 300 26.3158
230 5.54995e-05 0.010715 400 26.3158
230 5.74368e-05 0.0127401 500 26.455
230 5.89124e-05 0.015133 600 26.4317
230 7.29872e-05 0.0244168 700 26.4151
230 8.29287e-05 0.046172 800 26.3158
240 7.81252e-05 0.0135569 100 25.641
240 6.07909e-05 0.00994034 200 25.974
240 5.06658e-05 0.00765243 300 26.3158
240 5.47153e-05 0.00886439 400 26.3158
240 5.55973e-05 0.0119865 500 26.3158
240 5.62964e-05 0.0150536 600 26.4317
240 7.67804e-05 0.0307568 700 26.3158
240 7.95186e-05 0.0458969 800 26.2295
250 5.67332e-05 0.0118597 100 25.641
250 5.01531e-05 0.00786001 200 25.974
250 5.27912e-05 0.00841454 300 26.3158
250 5.97286e-05 0.0115777 400 26.3158
250 5.69532e-05 0.0148139 500 26.3158
250 6.31351e-05 0.0183775 600 26.3158
250 8.2144e-05 0.0484846 700 26.3158
250 7.83783e-05 0.0468677 800 26.2295
260 4.78416e-05 0.00933651 100 25.641
260 5.06263e-05 0.00651509 200 25.974
260 5.73608e-05 0.00835251 300 26.3158
260 5.93406e-05 0.0123758 400 26.3158
260 6.01779e-05 0.0152353 500 26.3158
260 6.77607e-05 0.0202158 600 26.3158
260 8.14058e-05 0.0495023 700 26.3158
260 7.6732e-05 0.0466349 800 26.1438
270 5.73601e-05 0.00998288 100 25.641
270 5.38221e-05 0.00512804 200 25.974
270 6.07696e-05 0.0080303 300 26.3158
270 5.8097e-05 0.0119117 400 26.3158
270 5.93238e-05 0.0149542 500 26.3158
270 7.69918e-05 0.0263453 600 26.3158
270 8.43373e-05 0.0495288 700 26.2172
270 7.73971e-05 0.0466588 800 26.1438
280 5.9201e-05 0.00633898 100 25.641
280 6.14734e-05 0.00583763 200 25.974
280 6.24466e-05 0.00953333 300 26.3158
280 6.5261e-05 0.0134126 400 26.3158
280 6.54763e-05 0.0167016 500 26.3158
280 8.50116e-05 0.0366557 600 26.3158
280 8.33093e-05 0.0497142 700 26.2172
280 7.78845e-05 0.0473979 800 26.0586
290 4.60644e-05 0.00639058 100 25.641
290 6.15703e-05 0.00887815 200 25.974
290 6.86506e-05 0.0131141 300 26.3158
290 6.61343e-05 0.0163922 400 26.3158
290 7.18127e-05 0.0198365 500 26.3158
290 8.79385e-05 0.0552993 600 26.2009
290 8.08297e-05 0.0504664 700 26.1194
290 7.83521e-05 0.0484302 800 26.0586
300 5.16749e-05 0.0032543 100 25.641
300 7.143e-05 0.00751919 200 25.974
300 6.49626e-05 0.011889 300 26.3158
300 6.22335e-05 0.0147832 400 26.3158
300 7.60261e-05 0.0214764 500 26.3158
300 8.69382e-05 0.0547353 600 26.2009
300 8.04675e-05 0.0497408 700 26.1194
300 7.89823e-05 0.047791 800 26.0586
310 7.87332e-05 0.00856786 100 25.641
310 8.48904e-05 0.0124143 200 25.974
310 7.87685e-05 0.0162496 300 26.087
310 6.8165e-05 0.0188747 400 26.3158
310 8.4036e-05 0.0312848 500 26.178
310 8.90243e-05 0.0559471 600 26.2009
310 8.17073e-05 0.0513556 700 26.0223
310 7.94576e-05 0.0491814 800 26.0586
320 8.52749e-05 0.00859648 100 25.641
320 7.89983e-05 0.0129234 200 25.974
320 7.00639e-05 0.0164566 300 26.087
320 7.10028e-05 0.0192818 400 26.3158
320 9.35549e-05 0.0474769 500 26.178
320 8.89573e-05 0.0559662 600 26.087
320 8.2605e-05 0.051675 700 26.0223
320 8.0497e-05 0.049543 800 26.0586
330 9.58081e-05 0.0100273 100 25.641
330 8.1157e-05 0.0150249 200 25.974
330 7.25531e-05 0.0172367 300 26.087
330 7.51728e-05 0.0207601 400 26.1438
330 9.66397e-05 0.063848 500 26.178
330 8.70182e-05 0.05605 600 26.087
330 8.15821e-05 0.0520626 700 26.0223
330 8.09703e-05 0.0500257 800 26.0586
340 8.78909e-05 0.0103246 100 25.641
340 7.24244e-05 0.0141966 200 25.974
340 6.75418e-05 0.0160443 300 26.087
340 8.68718e-05 0.0275224 400 26.1438
340 9.68912e-05 0.0640575 500 26.178
340 8.6652e-05 0.0555616 600 25.974
340 8.19898e-05 0.051607 700 26.0223
340 8.14134e-05 0.049545 800 26.0586
350 0.000100306 0.0103187 100 25.641
350 6.87512e-05 0.0133693 200 25.974
350 6.85927e-05 0.0153955 300 26.087
350 9.39045e-05 0.0361701 400 26.1438
350 9.82406e-05 0.0634899 500 26.0417
350 8.61228e-05 0.0554672 600 25.974
350 8.32859e-05 0.0512755 700 25.9259
350 8.22947e-05 0.0493112 800 26.1438
360 7.27524e-05 0.0127765 100 25.641
360 6.6772e-05 0.0141383 200 25.974
360 6.97798e-05 0.0167924 300 26.087
360 0.000100372 0.0621802 400 26.1438
360 9.59313e-05 0.0630824 500 26.0417
360 8.66673e-05 0.0557183 600 25.8621
360 8.41003e-05 0.0514764 700 26.0223
360 8.29692e-05 0.0496295 800 26.1438
370 7.30794e-05 0.0141215 100 25.641
370 6.26737e-05 0.0136682 200 25.974
370 7.40888e-05 0.017392 300 26.087
370 0.000103198 0.0761835 400 25.974
370 9.28023e-05 0.062783 500 25.9067
370 8.88679e-05 0.0560117 600 25.8621
370 8.63285e-05 0.0519263 700 26.0223
370 8.47167e-05 0.0502362 800 26.1438
380 6.60536e-05 0.0127771 100 25.641
380 6.39914e-05 0.0116995 200 25.974
380 9.64861e-05 0.0343966 300 26.087
380 0.000112969 0.0760401 400 25.974
380 9.45691e-05 0.0626935 500 25.9067
380 8.89945e-05 0.055925 600 25.8621
380 8.79543e-05 0.0519797 700 26.0223
380 8.49386e-05 0.0509561 800 26.1438
390 6.71277e-05 0.0113815 100 25.641
390 6.17636e-05 0.0134408 200 25.974
390 0.00011025 0.0487559 300 26.087
390 0.000110992 0.0755977 400 25.974
390 9.51625e-05 0.0630235 500 25.7732
390 9.07675e-05 0.0559626 600 25.8621
390 8.85859e-05 0.0523688 700 26.0223
390 8.44235e-05 0.0514105 800 26.1438
400 6.09864e-05 0.0114567 100 25.641
400 7.23833e-05 0.0141904 200 25.974
400 0.000117397 0.093952 300 25.8621
400 0.000107076 0.0745414 400 25.8065
400 9.64421e-05 0.0624704 500 25.7732
400 9.05482e-05 0.0555645 600 25.8621
400 8.8926e-05 0.0520668 700 26.1194
400 8.30567e-05 0.0511965 800 26.2295
410 6.97407e-05 0.0111866 100 25.641
410 8.49255e-05 0.019373 200 25.974
410 0.000117589 0.0972328 300 25.8621
410 0.000102568 0.0742585 400 25.8065
410 9.55676e-05 0.0629408 500 25.7732
410 9.14801e-05 0.0562275 600 25.974
410 8.99007e-05 0.0529734 700 26.1194
410 8.49035e-05 0.0522455 800 26.2295
420 7.34049e-05 0.0123677 100 25.641
420 0.000118731 0.050048 200 25.641
420 0.000130724 0.0972829 300 25.8621
420 0.000104511 0.0748259 400 25.641
420 9.61101e-05 0.0631337 500 25.7732
420 9.4041e-05 0.0566807 600 25.974
420 9.01981e-05 0.054043 700 26.1194
420 8.60961e-05 0.0532796 800 26.1438
430 6.25306e-05 0.0124442 100 25.641
430 0.000136417 0.0842701 200 25.641
430 0.000132035 0.0969004 300 25.641
430 0.00010658 0.0748039 400 25.641
430 0.000100687 0.0632369 500 25.7732
430 9.60316e-05 0.0569653 600 25.974
430 8.92348e-05 0.0543602 700 26.1194
430 8.89019e-05 0.0533679 800 26.1438
440 9.80222e-05 0.0174926 100 25.641
440 0.000153329 0.142668 200 25.641
440 0.000124303 0.0971314 300 25.641
440 0.000107312 0.0754592 400 25.641
440 9.94615e-05 0.0638462 500 25.7732
440 9.47779e-05 0.05742 600 26.087
440 8.77077e-05 0.054863 700 26.1194
440 8.63684e-05 0.053551 800 26.1438
450 0.000139653 0.0473672 100 25
450 0.000152921 0.142607 200 25.641
450 0.000121326 0.0960684 300 25.641
450 0.000105194 0.0755689 400 25.641
450 0.000101051 0.0640707 500 25.7732
450 9.60454e-05 0.0580858 600 26.087
450 8.9898e-05 0.0557191 700 26.1194
450 8.47848e-05 0.0543994 800 26.0586
460 0.000173187 0.0893839 100 25
460 0.000170155 0.140346 200 25.3165
460 0.000120284 0.0950538 300 25.4237
460 0.000108321 0.0742282 400 25.641
460 0.000103283 0.0632078 500 25.9067
460 9.51582e-05 0.0579664 600 26.087
460 9.25139e-05 0.055746 700 26.1194
460 8.42798e-05 0.054408 800 25.974
470 0.00023691 0.176415 100 25
470 0.000180211 0.138863 200 25.3165
470 0.000131734 0.095061 300 25.4237
470 0.000115797 0.0748071 400 25.641
470 0.000110396 0.0644239 500 25.9067
470 9.78905e-05 0.059424 600 26.087
470 9.44953e-05 0.0571168 700 26.1194
470 8.57642e-05 0.0571696 800 25.89
480 0.000224083 0.267307 100 25
480 0.000154665 0.134294 200 25.3165
480 0.000120954 0.0927486 300 25.4237
480 0.000112042 0.0726004 400 25.641
480 0.00010089 0.0621041 500 26.0417
480 9.68219e-05 0.0576299 600 26.087
480 8.9567e-05 0.0545288 700 26.1194
480 8.05942e-05 0.0553612 800 25.8065
490 0.000234685 0.234064 100 25
490 0.000137549 0.116032 200 25.3165
490 0.000110094 0.080605 300 25.4237
490 0.000104682 0.0632599 400 25.8065
490 9.91781e-05 0.0552885 500 26.0417
490 9.05519e-05 0.0514684 600 26.2009
490 8.04524e-05 0.0497242 700 26.0223
490 7.52432e-05 0.0502682 800 25.7235
500 0.000193476 0.188642 100 25
500 0.000100782 0.093996 200 25
500 9.35726e-05 0.064342 300 25.4237
500 8.91244e-05 0.0508018 400 25.8065
500 8.20603e-05 0.0450638 500 26.0417
500 8.30124e-05 0.0423422 600 26.2009
500 7.46262e-05 0.0414087 700 25.9259
500 7.08655e-05 0.0434108 800 25.5591
510 0.000180733 0.0887566 100 25
510 9.60887e-05 0.0456827 200 25
510 8.80287e-05 0.0325526 300 25.4237
510 8.5025e-05 0.0272438 400 25.974
510 7.478e-05 0.0265848 500 26.178
510 7.81194e-05 0.0275362 600 26.087
510 6.76646e-05 0.0302005 700 25.8303
510 6.9197e-05 0.0348164 800 25.3968
520 0.000120003 0.0014518 100 24.3902
520 8.48553e-05 0.00464976 200 25
520 7.97047e-05 0.00677496 300 25.641
520 8.08008e-05 0.0100733 400 25.974
520 7.03568e-05 0.0136413 500 26.178
520 7.3636e-05 0.0171656 600 26.087
520 6.121e-05 0.0211331 700 25.7353
520 6.6718e-05 0.02795 800 25.2366
530 4.78416e-05 0.00824961 100 24.3902
530 5.08612e-05 0.00931722 200 25
530 5.98913e-05 0.00935386 300 25.641
530 6.11343e-05 0.00972482 400 25.974
530 6.17966e-05 0.0119505 500 26.178
530 5.63375e-05 0.0140537 600 26.087
530 5.30531e-05 0.0176611 700 25.641
530 6.39513e-05 0.0252571 800 25.0784
540 5.89993e-05 0.0120922 100 24.3902
540 4.86449e-05 0.0114606 200 25.3165
540 5.87976e-05 0.0107312 300 25.8621
540 5.95662e-05 0.010852 400 26.1438
540 6.64811e-05 0.0124085 500 26.178
540 5.48059e-05 0.014578 600 25.974
540 5.69894e-05 0.0185622 700 25.4545
540 6.40561e-05 0.0254416 800 24.8447
550 5.77743e-05 0.0135407 100 24.3902
550 6.23878e-05 0.0119416 200 25.3165
550 6.80888e-05 0.0112649 300 26.087
550 6.0841e-05 0.0120016 400 26.3158
550 6.47291e-05 0.0136734 500 26.178
550 5.98772e-05 0.0171495 600 25.8621
550 6.04056e-05 0.0232105 700 25.3623
550 6.44101e-05 0.0273914 800 24.4648
560 6.44088e-05 0.0126881 100 24.3902
560 6.88811e-05 0.0105275 200 25.641
560 7.34423e-05 0.0103669 300 26.087
560 6.28293e-05 0.0117462 400 26.3158
560 6.96071e-05 0.0137391 500 26.178
560 5.84723e-05 0.0177906 600 25.7511
560 6.42591e-05 0.0263739 700 25.1799
560 6.6771e-05 0.0278428 800 24.024
570 6.83595e-05 0.0107937 100 25
570 7.37295e-05 0.0088702 200 25.974
570 6.98177e-05 0.00880839 300 26.3158
570 6.60215e-05 0.0116495 400 26.3158
570 6.34191e-05 0.0139606 500 26.178
570 5.71199e-05 0.0177955 600 25.641
570 6.84939e-05 0.0265544 700 25
570 7.19797e-05 0.02789 800 23.5988
580 7.22592e-05 0.00741775 100 25
580 8.01593e-05 0.00724923 200 25.974
580 6.87278e-05 0.00893065 300 26.3158
580 8.26518e-05 0.0118868 400 26.4901
580 6.35018e-05 0.0151005 500 26.0417
580 6.33916e-05 0.0193725 600 25.5319
580 7.19596e-05 0.0274184 700 24.735
580 7.35827e-05 0.0273954 800 23.0548
590 7.75124e-05 0.00873692 100 25.641
590 8.08258e-05 0.00785134 200 26.3158
590 6.5914e-05 0.00897124 300 26.5487
590 7.42452e-05 0.011067 400 26.3158
590 6.16188e-05 0.0151449 500 26.0417
590 6.28459e-05 0.0233414 600 25.3165
590 6.57381e-05 0.0268693 700 24.3056
590 7.0755e-05 0.025152 800 22.6629
600 8.22868e-05 0.0107185 100 25.641
600 8.52058e-05 0.00861742 200 26.3158
600 6.82442e-05 0.0103308 300 26.5487
600 6.88394e-05 0.0112999 400 26.3158
600 5.74285e-05 0.0158528 500 25.7732
600 6.57059e-05 0.0262282 600 25.1046
600 6.67155e-05 0.0268518 700 23.8095
600 7.1946e-05 0.0230656 800 22.2222
610 8.95037e-05 0.00819442 100 25.641
610 7.46135e-05 0.00708057 200 26.6667
610 7.49244e-05 0.00984657 300 26.5487
610 6.1183e-05 0.0116386 400 26.1438
610 5.50542e-05 0.015585 500 25.641
610 7.0909e-05 0.0264691 600 24.7934
610 7.10816e-05 0.0266755 700 23.1788
610 7.32221e-05 0.0204208 800 21.7984
620 7.58018e-05 0.00906523 100 26.3158
620 6.64588e-05 0.00842239 200 26.6667
620 7.84989e-05 0.00991562 300 26.5487
620 6.01141e-05 0.0127967 400 25.974
620 6.08634e-05 0.0192487 500 25.3807
620 7.12119e-05 0.0270475 600 24.3902
620 6.92431e-05 0.0255377 700 22.6537
620 6.91161e-05 0.0184017 800 21.5054
630 8.24316e-05 0.0091829 100 26.3158
630 5.82881e-05 0.00902377 200 26.6667
630 6.33313e-05 0.00890234 300 26.3158
630 5.26754e-05 0.0135259 400 25.8065
630 6.34266e-05 0.0249172 500 25
630 6.76825e-05 0.0266864 600 23.9044
630 7.01719e-05 0.0232895 700 22.082
630 7.05228e-05 0.0159918 800 21.164
640 9.48074e-05 0.0080525 100 26.3158
640 6.80978e-05 0.0103504 200 26.6667
640 7.63257e-05 0.00954483 300 26.087
640 5.22351e-05 0.0148311 400 25.4777
640 6.58757e-05 0.0277079 500 24.7525
640 6.69493e-05 0.026996 600 23.166
640 7.25659e-05 0.0212796 700 21.5385
640 7.3689e-05 0.0139183 800 20.7254
650 6.80098e-05 0.0121992 100 26.3158
650 6.36645e-05 0.0122065 200 26.3158
650 5.38347e-05 0.011704 300 25.8621
650 5.28167e-05 0.0161906 400 25.1572
650 6.82789e-05 0.0284525 500 24.2718
650 7.07406e-05 0.0265675 600 22.4719
650 6.56565e-05 0.0195397 700 21.0843
650 7.44514e-05 0.0141228 800 20.3046
660 5.16749e-05 0.00989714 100 26.3158
660 6.68166e-05 0.00918241 200 25.974
660 5.13668e-05 0.0127829 300 25.641
660 5.72313e-05 0.021866 400 24.8447
660 6.58612e-05 0.0282337 500 23.8095
660 6.88806e-05 0.0245924 600 21.8182
660 6.81341e-05 0.0172741 700 20.7715
660 7.44739e-05 0.0139301 800 19.8511
670 5.94021e-05 0.0130242 100 25.641
670 6.11331e-05 0.00928102 200 25.974
670 5.26656e-05 0.0159025 300 25.2101
670 6.50437e-05 0.0305079 400 24.3902
670 6.5367e-05 0.0281974 500 23.0415
670 7.08342e-05 0.0229765 600 21.2014
670 7.05316e-05 0.0159775 700 20.3488
670 7.18812e-05 0.0152338 800 19.4175
680 5.25896e-05 0.0160815 100 25.641
680 4.75919e-05 0.0118699 200 25.641
680 5.45436e-05 0.0168478 300 24.7934
680 6.47796e-05 0.0321219 400 23.9521
680 6.59047e-05 0.0283447 500 22.2222
680 6.6974e-05 0.0215269 600 20.6897
680 7.06695e-05 0.0157239 700 19.8864
680 6.34188e-05 0.016859 800 19.0931
690 8.96368e-05 0.0115171 100 25.641
690 5.48097e-05 0.00890532 200 25.3165
690 5.55065e-05 0.0186829 300 24.3902
690 7.27548e-05 0.031606 400 23.5294
690 7.04042e-05 0.0267247 500 21.4592
690 7.04262e-05 0.0185045 600 20.202
690 8.30605e-05 0.0138577 700 19.4444
700 9.92309e-05 0.00735206 100 25
700 5.54046e-05 0.0147299 200 24.6914
700 6.3394e-05 0.0272732 300 24
700 7.09188e-05 0.0315733 400 22.8571
700 7.85501e-05 0.0252827 500 20.8333
700 7.29127e-05 0.0166691 600 19.8675
700 8.37929e-05 0.0143631 700 18.9702
710 9.76566e-05 0.00436736 100 25
710 5.20772e-05 0.0159292 200 24.3902
710 6.72076e-05 0.0365771 300 23.622
710 7.07084e-05 0.0305369 400 21.978
710 7.63578e-05 0.0226237 500 20.1613
710 7.85381e-05 0.014499 600 19.4175
710 7.80225e-05 0.0152871 700 18.5676
720 4.08526e-05 0.00791534 100 24.3902
720 5.05084e-05 0.0166373 200 23.8095
720 7.01961e-05 0.0369666 300 23.0769
720 7.44756e-05 0.0302921 400 21.164
720 7.17795e-05 0.0210505 500 19.6078
720 7.90678e-05 0.0150926 600 18.9873
730 0.00010335 0.017384 100 23.8095
730 7.0252e-05 0.0258199 200 23.5294
730 7.12822e-05 0.0392713 300 22.5564
730 6.77923e-05 0.0310603 400 20.3046
730 6.50158e-05 0.0225457 500 19.2308
730 7.58475e-05 0.018399 600 18.5185
740 7.1095e-05 0.024898 100 23.8095
740 6.67273e-05 0.0438194 200 22.9885
740 6.91122e-05 0.0387319 300 21.7391
740 7.29594e-05 0.0291522 400 19.7044
740 7.46715e-05 0.0201549 500 18.8679
740 8.58569e-05 0.0181189 600 18.0723
750 0.000111667 0.0297063 100 23.2558
750 8.82977e-05 0.0541706 200 22.4719
750 7.01206e-05 0.0391536 300 20.8333
750 7.32346e-05 0.0284227 400 19.0476
750 7.46842e-05 0.0200677 500 18.5185
750 7.23288e-05 0.0196447 600 17.7515
760 6.71277e-05 0.0250773 100 22.7273
760 8.79257e-05 0.0511055 200 21.978
760 8.51993e-05 0.0366628 300 20
760 8.11872e-05 0.0235921 400 18.6047
760 9.13988e-05 0.016412 500 18.0505
770 7.02516e-05 0.0308246 100 22.2222
770 9.59646e-05 0.0489816 200 21.5054
770 8.91056e-05 0.0330755 300 19.2308
770 8.9208e-05 0.0196325 400 18.1818
770 0.00010177 0.0150232 500 17.6056
780 7.96365e-05 0.0569948 100 21.7391
780 8.83652e-05 0.0460694 200 20.8333
780 9.71156e-05 0.0288844 300 18.5185
780 9.43716e-05 0.0162686 400 17.8571
780 0.000106869 0.0148488 500 17.2414
790 9.83863e-05 0.0783221 100 21.2766
790 0.000104613 0.043206 200 19.802
790 0.000105473 0.024787 300 17.9641
790 0.000105815 0.0135498 400 17.5439
790 0.000103102 0.0154436 500 16.8919
800 0.000146323 0.0789062 100 20.8333
800 0.000121388 0.0430182 200 18.8679
800 0.00011584 0.0216004 300 17.4419
800 0.000114685 0.0115394 400 17.1674
800 0.000100824 0.0162575 500 16.6667
810 0.000149865 0.0707537 100 20.4082
810 0.000137874 0.0371717 200 18.018
810 0.000103238 0.0173126 300 17.1429
810 0.00012474 0.0115101 400 16.8067
820 0.000125062 0.0479123 100 19.6078
820 0.000115783 0.0228912 200 17.2414
820 0.00010329 0.0102221 300 16.8539
820 0.000114385 0.0098654 400 16.3934
830 9.18699e-05 0.0217998 100 18.5185
830 0.000127472 0.00785737 200 16.6667
830 0.000113682 0.00421385 300 16.5746
830 0.00011383 0.00725329 400 16.129
840 0.000130656 0.00903095 100 17.2414
840 0.000122463 0.00552422 200 16.129
840 0.000121936 0.00974434 300 16.3043
840 0.000115249 0.00634848 400 15.873
850 0.000120696 0.00743153 100 16.3934
850 0.000105209 0.00368004 200 15.873
850 0.000119699 0.00900401 300 15.9574
860 0.000125062 0.00407488 100 15.625
860 8.7552e-05 0.00541401 200 15.625
860 0.000118027 0.0100089 300 15.625
870 0.000124966 0.0013742 100 14.9254
870 9.38607e-05 0.00649579 200 15.5039
870 0.000127658 0.0094401 300 15.3846
880 0.000168229 0.00358932 100 14.7059
880 0.000122585 0.00915369 200 15.5039
880 0.000126982 0.00880961 300 15.3061
890 0.000138194 0.00327658 100 14.7059
890 0.000124179 0.00866171 200 15.625
890 0.000118285 0.00676086 300 15.3061
900 0.000150658 0.00568305 100 14.9254
900 0.000118631 0.0101216 200 15.625
900 0.000105334 0.00544021 300 15.3061
910 9.0957e-05 0.00446145 100 14.9254
910 0.000113021 0.00778175 200 15.5039
920 3.93665e-05 0.00340261 100 15.3846
920 0.000119657 0.0067622 200 15.5039
930 3.65396e-05 0.00209201 100 15.625
930 0.000117114 0.00472218 200 15.5039
940 7.17626e-05 0.00251507 100 15.873
940 0.000127308 0.00172798 200 15.3846
950 0.000111986 0.0048033 100 16.129
950 0.000116399 0.00141279 200 15.3846
960 0.000121287 0.00615133 100 16.129
960 9.9532e-05 0.0026641 200 15.3846
970 0.000132468 0.00712051 100 15.873
970 9.83875e-05 0.00380139 200 15.3846
980 0.000150183 0.00713072 100 15.625
990 0.000209396 0.00736597 100 15.1515
1000 0.000159797 0.00526179 100 14.7059
1010 0.000125917 0.00846439 100 14.4928
1020 9.56836e-05 0.0099949 100 14.4928
1030 6.47779e-05 0.00858657 100 14.7059
