0 0.000138968 0.00928476 100 11.6279
0 0.000124635 0.0123134 200 12.0482
0 9.13519e-05 0.0148544 300 10.274
0 5.28167e-05 0.00674966 400 10.2828
0 2.76043e-05 0.00243311 500 10.3306
0 2.13925e-05 0.000603784 600 10.772
0 2.74451e-05 0.000571853 700 11.1288
0 2.66611e-05 0.000372485 800 10.7962
10 6.05942e-05 0.00329628 100 11.6279
10 6.48702e-05 0.00163853 200 12.0482
10 6.11173e-05 0.00414892 300 9.77199
10 3.09782e-05 0.00123158 400 10.3359
10 1.93843e-05 0.000260614 500 10.3093
10 6.90534e-06 0.000414374 600 10.7914
10 1.8626e-05 0.0016707 700 11.1465
10 1.34278e-05 0.00156227 800 10.7962
20 7.59589e-05 0.00574419 100 11.7647
20 6.57827e-05 0.00214308 200 11.9048
20 7.10962e-05 0.00291362 300 9.61539
20 3.15973e-05 0.00153016 400 10.3627
20 1.95801e-05 0.000303552 500 10.3306
20 1.6337e-05 0.00080937 600 10.8303
20 2.01204e-05 0.0023512 700 11.1643
20 1.32603e-05 0.00186706 800 10.8108
30 0.000108746 0.00302265 100 11.7647
30 6.91402e-05 0.00247563 200 11.4943
30 7.46055e-05 0.00348805 300 9.61539
30 3.25727e-05 0.00092423 400 10.4167
30 1.53479e-05 0.000230083 500 10.3734
30 1.19604e-05 0.000906883 600 10.8499
30 2.07397e-05 0.00217003 700 11.1643
30 1.37296e-05 0.00148983 800 10.8254
40 5.56727e-05 0.00591098 100 11.9048
40 7.30799e-05 0.00194001 200 11.0497
40 5.13152e-05 0.00151914 300 9.61539
40 2.11785e-05 0.00122825 400 10.4439
40 1.60466e-05 0.000222758 500 10.4167
40 2.27866e-05 0.00169158 600 10.8893
40 2.52857e-05 0.0033469 700 11.1643
40 1.88422e-05 0.00196097 800 10.8548
50 6.05942e-05 0.00775729 100 11.9048
50 4.37415e-05 0.00366196 200 10.7527
50 2.83316e-05 0.00286859 300 9.6463
50 1.1772e-05 0.00159401 400 10.4167
50 8.51348e-06 0.00042643 500 10.4384
50 2.69665e-05 0.00245712 600 10.9091
50 3.02212e-05 0.00424036 700 11.0935
50 2.12314e-05 0.00212385 800 10.8844
60 7.50114e-05 0.00326029 100 12.0482
60 6.42238e-05 0.00300825 200 10.5263
60 3.65398e-05 0.00145046 300 9.70874
60 1.48505e-05 0.000575676 400 10.2828
60 8.28641e-06 0.000413054 500 10.4822
60 2.79316e-05 0.00198344 600 10.9489
60 3.05336e-05 0.00336191 700 10.8696
60 1.97024e-05 0.00143055 800 10.9141
70 0.000116985 0.00218109 100 12.0482
70 9.1806e-05 0.0039079 200 10.3093
70 3.16444e-05 0.00153627 300 9.74026
70 8.80262e-06 0.000365266 400 10.1266
70 1.05179e-05 0.000523438 500 10.5263
70 2.99014e-05 0.00205838 600 10.9689
70 2.82575e-05 0.00285637 700 10.7198
70 1.87629e-05 0.00108007 800 10.9439
80 0.000169851 0.00385538 100 12.1951
80 8.32955e-05 0.00620232 200 9.90099
80 3.69364e-05 0.00214448 300 9.80392
80 1.20844e-05 0.000472919 400 10.0251
80 1.19604e-05 0.000508752 500 10.5708
80 2.86457e-05 0.0019598 600 11.0092
80 2.55156e-05 0.00244742 700 10.6545
80 1.72419e-05 0.000798099 800 10.9739
90 0.000133365 0.00430605 100 12.1951
90 7.24244e-05 0.00679265 200 9.17431
90 3.31969e-05 0.00179922 300 9.86842
90 1.14512e-05 0.000580157 400 10
90 1.65152e-05 0.000988484 500 10.5932
90 3.18637e-05 0.00253945 600 11.0294
90 2.51119e-05 0.00266314 700 10.6545
90 1.56327e-05 0.000801605 800 11.0041
100 8.91033e-05 0.00384566 100 12.0482
100 9.87504e-05 0.00508115 200 8.81057
100 3.19775e-05 0.00118582 300 9.93377
100 1.1772e-05 0.000897279 400 10
100 2.38211e-05 0.00189164 500 10.6157
100 3.36432e-05 0.0036704 600 11.0497
100 2.41035e-05 0.00326614 700 10.6545
100 1.37567e-05 0.00104579 800 11.0193
110 7.2424e-05 0.00253048 100 11.3636
110 8.11937e-05 0.00228174 200 8.73362
110 1.47386e-05 0.000597581 300 9.96678
110 1.39716e-05 0.00176056 400 10.0251
110 3.10052e-05 0.0034198 500 10.6383
110 3.74091e-05 0.00552105 600 11.0497
110 2.74628e-05 0.00426227 700 10.6707
110 1.48506e-05 0.00160627 800 11.0345
120 8.54146e-05 0.00287853 100 10.4167
120 5.2703e-05 0.00165771 200 8.73362
120 1.39063e-05 0.000278768 300 10
120 2.08951e-05 0.00255999 400 10.0503
120 4.2747e-05 0.00481504 500 10.661
120 3.92748e-05 0.00702711 600 11.0294
120 2.74805e-05 0.00477475 700 10.7034
120 1.48255e-05 0.00181588 800 11.0497
130 6.157e-05 0.00376804 100 9.80392
130 2.79432e-05 0.0019244 200 8.77193
130 1.70705e-05 0.00058594 300 9.96678
130 2.57219e-05 0.00360706 400 10.0756
130 4.28807e-05 0.0063454 500 10.6838
130 4.41721e-05 0.00864086 600 10.9689
130 3.09373e-05 0.00522087 700 10.7198
130 1.521e-05 0.00199312 800 11.0497
140 5.43728e-05 0.00263015 100 9.34579
140 2.36703e-05 0.00106252 200 8.77193
140 1.6438e-05 0.00096139 300 9.80392
140 2.05355e-05 0.00325797 400 10.1266
140 4.4249e-05 0.00583075 500 10.7066
140 4.32248e-05 0.00769904 600 10.7335
140 2.97506e-05 0.00410652 700 10.7527
140 1.10371e-05 0.00146203 800 11.065
150 4.47518e-05 0.00539655 100 8.92857
150 1.79406e-05 0.00114546 200 8.81057
150 3.10954e-05 0.00232971 300 9.58466
150 3.61916e-05 0.00550754 400 10.1523
150 5.33026e-05 0.00872345 500 10.7296
150 4.61951e-05 0.010072 600 10.5079
150 3.18518e-05 0.00534733 700 10.7692
150 1.29763e-05 0.00211237 800 11.065
160 2.48976e-05 0.00662361 100 8.26446
160 2.80497e-05 0.000858742 200 8.84956
160 4.51645e-05 0.00366535 300 9.40439
160 4.67394e-05 0.00694326 400 10.1781
160 5.48546e-05 0.0103473 500 10.7527
160 4.39842e-05 0.010572 600 10.4167
160 3.40521e-05 0.00555063 700 10.8025
160 1.41965e-05 0.0022608 800 11.065
170 2.39208e-05 0.00435639 100 7.29927
170 2.31612e-05 0.000298011 200 8.92857
170 3.89268e-05 0.00422077 300 9.375
170 4.74042e-05 0.00721414 400 10.2041
170 5.66088e-05 0.0104043 500 10.7759
170 4.19731e-05 0.00962377 600 10.3986
170 3.03177e-05 0.00478073 700 10.8192
170 9.053e-06 0.00200966 800 11.0803
180 9.29022e-05 0.00287264 100 6.89655
180 1.63775e-05 0.000650433 200 9.04977
180 3.66845e-05 0.0043982 300 9.40439
180 4.9345e-05 0.00708765 400 10.2564
180 5.37747e-05 0.0100449 500 10.8225
180 3.77177e-05 0.00853537 600 10.4167
180 2.14887e-05 0.00397829 700 10.8527
180 1.31474e-05 0.00161354 800 11.0803
190 0.000117086 0.00204428 100 6.89655
190 1.98341e-05 0.00138455 200 9.17431
190 3.55103e-05 0.00506382 300 9.49367
190 5.58075e-05 0.00765847 400 10.3627
190 5.43042e-05 0.010504 500 10.8932
190 3.81715e-05 0.00827366 600 10.4712
190 2.349e-05 0.00386449 700 10.9204
190 1.3204e-05 0.00148667 800 11.0957
200 0.000100662 0.00141129 100 7.0922
200 1.95313e-05 0.00203645 200 9.38967
200 3.78923e-05 0.00583273 300 9.6463
200 6.1644e-05 0.0085899 400 10.4712
200 5.55114e-05 0.0112999 500 10.989
200 3.84568e-05 0.00839128 600 10.5634
200 2.33446e-05 0.00389785 700 10.989
200 1.64683e-05 0.0014634 800 11.1421
210 6.01994e-05 0.00120042 100 7.29927
210 3.16443e-05 0.00359268 200 9.61539
210 4.72009e-05 0.00781639 300 9.80392
210 6.66618e-05 0.010823 400 10.6101
210 5.80973e-05 0.0135672 500 11.0865
210 4.07237e-05 0.0096126 600 10.6762
210 2.46129e-05 0.00457846 700 11.0759
210 1.56446e-05 0.00179444 800 11.2045
220 4.55439e-05 0.00228004 100 7.57576
220 4.63869e-05 0.00519412 200 9.80392
220 6.35401e-05 0.00969723 300 9.96678
220 7.52025e-05 0.013094 400 10.7527
220 6.19584e-05 0.0158348 500 11.1607
220 4.53266e-05 0.0106254 600 10.772
220 2.70162e-05 0.0051774 700 11.1643
220 2.0077e-05 0.0020333 800 11.2676
230 5.25896e-05 0.00160015 100 7.8125
230 5.75678e-05 0.00626772 200 10
230 6.4881e-05 0.0106046 300 10.1351
230 7.18479e-05 0.0140238 400 10.8992
230 6.27006e-05 0.0166307 500 11.2108
230 4.27858e-05 0.0105831 600 10.8696
230 2.49564e-05 0.00511829 700 11.236
230 1.29907e-05 0.0019364 800 11.3154
240 4.36732e-05 0.00207173 100 8.06452
240 5.03903e-05 0.00541738 200 10.0503
240 4.04946e-05 0.00891003 300 10.274
240 6.43179e-05 0.0119873 400 11.0193
240 5.90014e-05 0.0142637 500 11.1359
240 3.98856e-05 0.00833541 600 10.9489
240 1.67121e-05 0.00383786 700 11.3086
240 9.37642e-06 0.00124771 800 11.3636
250 4.65791e-05 0.00354826 100 8.33333
250 5.35445e-05 0.006409 200 10
250 6.27429e-05 0.00970596 300 10.4167
250 6.57161e-05 0.0127974 400 11.1421
250 6.02491e-05 0.0145183 500 10.9649
250 4.01669e-05 0.00814442 600 11.0294
250 2.21026e-05 0.00375493 700 11.3636
250 7.17002e-06 0.00126119 800 11.4286
260 7.48523e-05 0.00561194 100 8.62069
260 6.6369e-05 0.00893987 200 9.85222
260 5.87074e-05 0.012159 300 10.5634
260 7.2055e-05 0.0153447 400 11.2676
260 5.90822e-05 0.0162384 500 10.846
260 4.14731e-05 0.00915894 600 11.1317
260 2.0845e-05 0.00439796 700 11.4379
260 1.01766e-05 0.00158541 800 11.4943
270 8.6386e-05 0.00750007 100 8.92857
270 7.79348e-05 0.0104387 200 9.90099
270 7.46588e-05 0.0134371 300 10.7527
270 7.3041e-05 0.0166877 400 11.396
270 5.52099e-05 0.0165636 500 10.8696
270 4.1513e-05 0.00927694 600 11.236
270 2.31247e-05 0.00445553 700 11.5132
270 1.17245e-05 0.00165802 800 11.5774
280 7.59589e-05 0.00751184 100 9.43396
280 7.82782e-05 0.0105284 200 10.0503
280 6.75418e-05 0.0132587 300 10.989
280 7.12438e-05 0.0164215 400 11.5942
280 5.43656e-05 0.0156648 500 10.9649
280 4.10315e-05 0.00858727 600 11.3422
280 1.85606e-05 0.00415948 700 11.6086
280 8.39096e-06 0.00145443 800 11.6788
290 6.73051e-05 0.00700148 100 10.101
290 7.00821e-05 0.0100765 200 10.3093
290 6.31008e-05 0.0126501 300 11.236
290 7.14631e-05 0.0156855 400 11.8343
290 5.24093e-05 0.0144557 500 11.0865
290 4.3682e-05 0.00778792 600 11.4943
290 1.62695e-05 0.00373197 700 11.7253
290 7.76852e-06 0.00123279 800 11.782
300 5.56727e-05 0.00672365 100 10.8696
300 6.65484e-05 0.0102149 200 10.6383
300 6.35192e-05 0.0128285 300 11.5385
300 7.06767e-05 0.0158407 400 12.0482
300 5.16763e-05 0.0140864 500 11.236
300 3.72583e-05 0.00746049 600 11.6505
300 1.61494e-05 0.0035757 700 11.8644
300 1.01399e-05 0.00110402 800 11.9048
310 5.32653e-05 0.00620991 100 11.7647
310 6.55558e-05 0.00977577 200 10.989
310 6.56926e-05 0.0122811 300 11.8577
310 6.9185e-05 0.0152968 400 12.3077
310 4.95083e-05 0.0132083 500 11.3895
310 3.45657e-05 0.00683243 600 11.811
310 1.56754e-05 0.00320325 700 11.9863
310 1.49505e-06 0.000911839 800 12.0301
320 7.04211e-05 0.0101631 100 12.5
320 8.39371e-05 0.0143462 200 11.2994
320 8.58189e-05 0.0168101 300 12.0968
320 7.9208e-05 0.0196895 400 12.5
320 5.48633e-05 0.0161331 500 11.5207
320 3.91227e-05 0.00859858 600 11.9284
320 2.52376e-05 0.00428049 700 12.069
320 8.52311e-06 0.00142634 800 12.1212
330 0.000117999 0.0143252 100 13.1579
330 0.000102337 0.0185859 200 11.4943
330 0.000102349 0.020794 300 12.2951
330 8.65796e-05 0.0235265 400 12.6183
330 6.08634e-05 0.0182508 500 11.6279
330 3.87228e-05 0.00987139 600 12.024
330 3.37219e-05 0.00486366 700 12.1107
330 1.18037e-05 0.00173121 800 12.1951
340 0.000115961 0.0143663 100 13.6986
340 0.000100456 0.0183935 200 11.6959
340 0.000107031 0.0207646 300 12.3967
340 8.22813e-05 0.0231711 400 12.6582
340 5.70787e-05 0.0166266 500 11.6822
340 3.9165e-05 0.00879857 600 12.0724
340 3.10864e-05 0.00410952 700 12.1107
340 6.1944e-06 0.00133596 800 12.2324
350 0.000112517 0.0138273 100 13.6986
350 0.000111588 0.0172855 200 11.7647
350 9.61836e-05 0.0198049 300 12.4481
350 7.78415e-05 0.0218346 400 12.6183
350 5.53135e-05 0.0141917 500 11.7096
350 3.37709e-05 0.00712797 600 12.0724
350 2.55442e-05 0.00304473 700 12.069
350 1.23285e-05 0.000772137 800 12.2324
360 9.27738e-05 0.0100762 100 13.3333
360 6.24832e-05 0.0129764 200 11.8343
360 7.97877e-05 0.015643 300 12.4481
360 7.00413e-05 0.0172525 400 12.3839
360 4.67028e-05 0.0099715 500 11.7647
360 2.19577e-05 0.00451361 600 12.0724
360 1.07838e-05 0.0015817 700 12.0482
360 2.5895e-06 0.000176338 800 12.2137
370 6.13761e-05 0.00660203 100 12.0482
370 6.01006e-05 0.00955243 200 11.8343
370 7.65683e-05 0.0123097 300 12.5
370 6.77483e-05 0.0132675 400 11.7994
370 3.82614e-05 0.00676743 500 11.7647
370 2.00501e-05 0.00266022 600 12.0724
370 3.41726e-06 0.000668962 700 12.0482
370 5.21485e-06 0.000179405 800 12.0664
380 9.23875e-05 0.00861201 100 10.8696
380 8.39371e-05 0.0110872 200 11.8343
380 8.26421e-05 0.0140829 300 12.4481
380 5.92527e-05 0.0133848 400 11.4286
380 4.14443e-05 0.00664228 500 11.7925
380 1.78482e-05 0.00254164 600 12.0482
380 5.62379e-06 0.000540692 700 12.0482
380 3.81165e-06 0.000339424 800 11.9225
390 8.12664e-05 0.00880059 100 10.3093
390 7.18875e-05 0.0106328 200 11.8343
390 7.87012e-05 0.0135114 300 12.4481
390 5.37813e-05 0.0114211 400 11.2994
390 3.86211e-05 0.00521881 500 11.7925
390 1.04218e-05 0.00194815 600 12
390 3.27178e-06 0.000227146 700 12.0482
390 4.60806e-06 0.000383822 800 11.8168
400 0.000100425 0.0117452 100 10.101
400 9.43042e-05 0.013216 200 11.7647
400 8.57726e-05 0.0157723 300 12.3967
400 5.47017e-05 0.0118523 400 11.236
400 2.81855e-05 0.0051265 500 11.7647
400 1.63977e-05 0.00190304 600 11.9522
400 2.70158e-06 0.000160706 700 12.0275
400 6.51678e-06 0.000563408 800 11.713
410 8.77552e-05 0.0107572 100 10
410 9.54351e-05 0.0120071 200 11.7647
410 8.60348e-05 0.0144031 300 12.2951
410 5.56872e-05 0.00959619 400 11.236
410 3.10052e-05 0.00375964 500 11.7647
410 1.26598e-05 0.00105718 600 11.8577
410 9.64028e-06 0.000134822 700 12.0275
410 9.66981e-06 0.000415212 800 11.5774
420 5.85938e-05 0.00924521 100 10.101
420 0.000101665 0.0111532 200 11.7647
420 8.42927e-05 0.0130214 300 12.2449
420 5.30138e-05 0.00758485 400 11.2676
420 2.65476e-05 0.00257147 500 11.7647
420 1.16803e-05 0.000422085 600 11.811
420 8.79572e-06 0.000122641 700 12.0275
430 7.09271e-05 0.00875924 100 10.3093
430 9.84784e-05 0.010894 200 11.9048
430 8.50125e-05 0.0124859 300 12.0968
430 5.24344e-05 0.00630668 400 11.3314
430 2.28817e-05 0.0018088 500 11.7925
430 7.72041e-06 9.79945e-05 600 11.811
430 1.08737e-05 0.000341899 700 12.0275
440 5.6943e-05 0.00809239 100 10.7527
440 0.000104755 0.0105515 200 12.1951
440 8.38673e-05 0.0117379 300 11.9048
440 5.11977e-05 0.00533138 400 11.4613
440 1.91367e-05 0.00137932 500 11.8765
440 5.81171e-06 0.000229234 600 11.8812
440 1.39858e-05 0.000414476 700 12.0275
450 0.000106978 0.00695597 100 11.3636
450 0.00010795 0.00960016 200 12.5
450 8.33762e-05 0.0102719 300 11.6279
450 5.1154e-05 0.00430332 400 11.6279
450 1.94579e-05 0.000934945 500 12.0192
450 8.339e-06 0.000287363 600 11.976
450 1.64035e-05 0.000395773 700 12.0482
460 7.72042e-05 0.00702364 100 12.0482
460 0.000106056 0.00960501 200 12.9032
460 7.81437e-05 0.00948581 300 11.583
460 4.60974e-05 0.00377935 400 11.7994
460 1.51604e-05 0.000752506 500 12.1359
460 8.37861e-06 0.000300838 600 12.0968
460 1.36691e-05 0.000539669 700 12.0482
470 0.000106082 0.0058466 100 12.8205
470 0.000105209 0.00907733 200 13.3333
470 7.3856e-05 0.00856676 300 11.583
470 4.57729e-05 0.00310455 400 11.976
470 1.36719e-05 0.000427357 500 12.2549
470 9.1711e-06 0.000329424 600 12.22
470 1.07159e-05 0.000665486 700 12.069
480 0.000104269 0.00611479 100 13.3333
480 0.000107424 0.00902929 200 13.6054
480 7.00072e-05 0.0075059 300 11.583
480 4.3844e-05 0.00249055 400 12.1212
480 1.23527e-05 0.000288241 500 12.3457
480 7.14109e-06 0.000467724 600 12.3203
480 1.47313e-05 0.000798332 700 12.0482
490 0.000122169 0.006071 100 13.6986
490 0.00010759 0.00891012 200 13.7931
490 7.03281e-05 0.00667249 300 11.6279
490 3.7783e-05 0.00174278 400 12.1951
490 1.07422e-05 0.000137968 500 12.3762
490 2.08118e-05 0.000542991 600 12.3711
490 1.56288e-05 0.000912149 700 12.0069
500 0.000144519 0.00637139 100 13.8889
500 0.000112041 0.00947316 200 13.7931
500 7.18191e-05 0.00628349 300 11.6279
500 3.64991e-05 0.00126241 400 12.2324
500 9.76563e-06 0.000191705 500 12.3457
500 2.22424e-05 0.000575992 600 12.3967
500 2.39414e-05 0.000888423 700 11.925
510 0.000148265 0.00610112 100 13.8889
510 0.000101342 0.00845509 200 13.6986
510 5.82089e-05 0.00462519 300 11.6279
510 2.44142e-05 0.000473777 400 12.2324
510 4.97951e-06 0.000502017 500 12.2549
510 2.60674e-05 0.000448078 600 12.3967
520 0.00015441 0.00541217 100 13.8889
520 0.000101342 0.00741396 200 13.4228
520 5.9157e-05 0.00350111 300 11.6279
520 2.36074e-05 0.00048026 400 12.1951
520 1.07865e-05 0.000448444 500 12.1655
520 2.39625e-05 0.000857736 600 12.3711
530 0.00014286 0.00628274 100 13.6986
530 9.21624e-05 0.00743491 200 12.6582
530 5.26907e-05 0.00241542 300 11.6279
530 2.21752e-05 0.000423021 400 12.1581
530 2.03445e-05 0.000595498 500 12.1065
530 2.594e-05 0.000796761 600 12.2699
540 0.000133276 0.00734497 100 13.6986
540 8.21788e-05 0.00698078 200 11.3636
540 3.8344e-05 0.00174251 300 11.6732
540 1.53925e-05 0.000512113 400 12.1212
540 1.50657e-05 0.000671141 500 12.0773
540 2.63202e-05 0.00127478 600 12.0482
550 0.000120003 0.00539369 100 13.6986
550 6.39448e-05 0.00419625 200 10.8696
550 2.78126e-05 0.000563519 300 11.6732
550 1.37024e-05 0.00043716 400 12.0846
550 2.61859e-05 0.000783278 500 12.0773
550 2.67074e-05 0.00245606 600 11.8812
560 0.000110594 0.00671249 100 13.6986
560 5.30412e-05 0.00367317 200 10.6952
560 1.74541e-05 0.000121362 300 11.6732
560 2.94745e-05 0.000616788 400 12.0482
560 2.90191e-05 0.00118754 500 12.1065
560 2.71013e-05 0.0027358 600 11.7417
570 9.37961e-05 0.00406297 100 13.5135
570 4.62582e-05 0.00163835 200 10.6383
570 1.57802e-05 0.000552622 300 11.7188
570 2.64643e-05 0.000894211 400 11.976
570 4.33783e-05 0.00244733 500 12.1065
570 4.58424e-05 0.00450821 600 11.6279
580 9.66751e-05 0.00231165 100 13.3333
580 5.09783e-05 0.00120773 200 10.6383
580 2.79551e-05 0.000415698 300 11.6732
580 2.8758e-05 0.00146548 400 11.8694
580 5.36859e-05 0.00375609 500 12.1065
590 5.73601e-05 0.00261769 100 12.987
590 3.79795e-05 0.000586006 200 10.6952
590 3.01877e-05 0.000933529 300 11.6732
590 3.51684e-05 0.00130593 400 11.7647
590 4.27359e-05 0.00353002 500 12.0773
600 5.3041e-05 0.00351566 100 11.7647
600 1.38107e-05 0.000435575 200 10.7527
600 4.21298e-05 0.00164006 300 11.6279
600 4.93299e-05 0.00170083 400 11.6959
600 5.04907e-05 0.00325131 500 11.9904
610 4.05597e-05 0.00126135 100 9.80392
610 2.36703e-05 0.00096428 200 10.7527
610 5.01666e-05 0.00190548 300 11.6279
610 5.36009e-05 0.00242339 400 11.6959
610 5.18237e-05 0.00443411 500 11.7647
620 4.20036e-05 0.00107609 100 8.92857
620 2.11432e-05 0.00141449 200 10.8108
620 5.15727e-05 0.00183456 300 11.583
620 5.66818e-05 0.00262571 400 11.6959
620 5.00924e-05 0.004818 500 11.5473
630 4.42158e-05 0.00119986 100 8.69565
630 3.14554e-05 0.00210754 200 10.8108
630 6.05949e-05 0.00270642 300 11.5385
630 5.69572e-05 0.0041092 400 11.6959
630 5.32489e-05 0.00631281 500 11.4155
640 5.77743e-05 0.00164775 100 8.69565
640 4.35366e-05 0.00258038 200 10.8696
640 6.16353e-05 0.00329675 300 11.4943
640 7.15465e-05 0.00514733 400 11.7302
640 6.42781e-05 0.00744131 500 11.3122
650 6.30999e-05 0.00231554 100 8.77193
650 6.76147e-05 0.00272238 200 10.929
650 5.80266e-05 0.003675 300 11.4068
650 6.78473e-05 0.005784 400 11.7647
650 5.56144e-05 0.0081472 500 11.1857
660 5.07437e-05 0.0032681 100 8.84956
660 6.3383e-05 0.00387325 200 10.989
660 6.59341e-05 0.00454077 300 11.3636
660 6.90556e-05 0.00649537 400 11.7994
670 5.73601e-05 0.0039488 100 9.09091
670 6.35708e-05 0.00439033 200 11.1111
670 6.87856e-05 0.00486977 300 11.3636
670 7.05501e-05 0.00669382 400 11.8694
680 5.63114e-05 0.00348207 100 9.52381
680 7.68178e-05 0.00402407 200 11.3636
680 7.77529e-05 0.00467332 300 11.5385
680 7.23028e-05 0.00683328 400 11.9403
690 6.64136e-05 0.00213903 100 10.101
690 8.67312e-05 0.00327535 200 11.7647
690 7.65856e-05 0.00483018 300 11.7647
690 7.71299e-05 0.00753351 400 12.0846
700 8.99024e-05 0.00105203 100 10.8696
700 8.85e-05 0.00263739 200 12.1951
700 8.98016e-05 0.00469532 300 12.0968
700 7.98359e-05 0.00772047 400 12.2324
710 7.70497e-05 0.000725257 100 11.6279
710 9.38607e-05 0.00233393 200 12.6582
710 8.38199e-05 0.00410743 300 12.3967
710 7.35595e-05 0.00711927 400 12.3457
720 5.3041e-05 0.00270343 100 12.5
720 8.90372e-05 0.00295237 200 13.0719
720 7.32617e-05 0.00336108 300 12.6582
720 6.4503e-05 0.00574512 400 12.4224
730 3.27549e-05 0.00599582 100 13.3333
730 7.51706e-05 0.00518035 200 13.4228
730 7.27173e-05 0.00395204 300 12.931
730 5.79558e-05 0.00440331 400 12.3839
740 6.25306e-05 0.00543625 100 13.8889
740 8.68342e-05 0.00363419 200 13.6054
740 7.64644e-05 0.00316475 300 13.1004
740 5.60606e-05 0.00447396 400 12.3457
750 6.32886e-05 0.00795816 100 14.0845
750 7.99359e-05 0.00428882 200 13.6054
750 7.72229e-05 0.00305721 300 13.2159
750 5.81867e-05 0.00357716 400 12.2324
760 7.22592e-05 0.00717651 100 14.2857
760 8.236e-05 0.00350361 200 13.4228
760 8.23852e-05 0.00261938 300 13.2159
760 5.98159e-05 0.00411696 400 12.0482
770 8.49949e-05 0.00672247 100 14.0845
770 8.18518e-05 0.00365866 200 13.0719
770 7.88861e-05 0.00334185 300 13.1579
780 9.86284e-05 0.00686902 100 13.8889
780 8.84663e-05 0.00427631 200 12.8205
780 7.75311e-05 0.00408007 300 13.0435
790 0.00012168 0.00655921 100 13.6986
790 0.000105436 0.0046375 200 12.6582
790 8.49189e-05 0.00470806 300 12.7119
800 0.000125062 0.00550182 100 13.3333
800 9.46827e-05 0.00364684 200 12.6582
800 7.25714e-05 0.00463374 300 12.1951
810 0.000137676 0.00295687 100 13.1579
810 0.000103524 0.00448854 200 12.6582
810 7.56108e-05 0.0073422 300 11.8577
820 0.000104497 0.00279203 100 12.8205
820 9.2839e-05 0.00378793 200 12.6582
820 7.17453e-05 0.00624994 300 11.6279
830 9.00349e-05 0.00296956 100 12.3457
830 8.82977e-05 0.00248131 200 12.6582
830 6.23617e-05 0.004175 300 11.3636
840 8.27203e-05 0.00139962 100 12.0482
840 8.53456e-05 0.00266257 200 12.6582
850 7.54866e-05 0.00375426 100 11.7647
850 7.59202e-05 0.00207334 200 12.5786
860 7.3729e-05 0.00737598 100 11.6279
860 6.28637e-05 0.0046839 200 12.2699
870 8.28643e-05 0.00423625 100 11.7647
870 5.36557e-05 0.0021828 200 11.7647
880 7.70497e-05 0.00197256 100 11.9048
880 5.66809e-05 0.00293567 200 11.3636
890 7.04211e-05 0.00383291 100 12.0482
890 5.03311e-05 0.00241079 200 11.1111
900 0.000142358 0.00207091 100 12.3457
900 0.000100723 0.00422945 200 10.989
910 0.000113151 0.00321139 100 12.6582
910 7.51706e-05 0.0046518 200 10.8108
920 0.000128448 0.0052973 100 12.987
930 9.59324e-05 0.00272712 100 13.3333
940 9.58081e-05 0.00313273 100 13.1579
950 5.839e-05 0.00330329 100 12.0482
960 2.80496e-05 0.00289027 100 10.989
970 6.09864e-05 0.00320425 100 10.2041
980 3.08816e-05 0.00739774 100 9.70874
990 3.87561e-05 0.00634987 100 9.09091
