1.11022e-16 -2.22045e-16 0 0
0.28792 2.98669 0.258591 3.00105
0.971569 5.88765 0.923208 5.91963
2.0505 8.64624 1.96581 8.67554
3.48307 11.2156 3.44614 11.3261
5.25212 13.5306 5.23528 13.651
7.31598 15.5548 7.26614 15.696
9.6175 17.2484 9.55868 17.3882
12.1384 18.6054 12.0663 18.7539
14.8457 19.6556 14.7938 19.8087
17.711 20.4429 17.6537 20.6263
20.7087 20.9589 20.673 21.1534
23.8536 21.2147 23.8699 21.4178
27.1272 21.2156 27.14 21.4294
30.5029 21.0296 30.56 21.2676
33.9423 20.7186 33.9885 20.9502
37.5268 20.2789 37.5887 20.5148
41.3055 19.7465 41.4134 20.0127
45.2814 19.1375 45.3733 19.4247
49.442 18.4732 49.5816 18.7842
53.7841 17.7682 53.9197 18.0499
58.3197 17.047 58.4596 17.355
63.0456 16.3148 63.1683 16.6141
67.9336 15.5643 68.0273 15.903
72.9496 14.8071 73.102 15.1289
78.1121 14.0377 78.2425 14.34
83.4032 13.2493 83.5528 13.5512
88.8275 12.4284 88.9881 12.6882
94.3842 11.5694 94.6019 11.8302
100.053 10.6399 100.252 10.8954
105.791 9.61162 105.983 9.84898
111.621 8.48663 111.833 8.70794
117.518 7.24693 117.683 7.42902
123.482 5.88325 123.657 6.05576
129.5 4.40228 129.663 4.53523
135.584 2.80695 135.71 2.92538
141.73 1.13215 141.836 1.27546
147.93 -0.644931 148.029 -0.531274
154.181 -2.53318 154.267 -2.43902
160.474 -4.52532 160.521 -4.47798
166.826 -6.6147 166.917 -6.62309
173.225 -8.80609 173.364 -8.86797
179.671 -11.0856 179.707 -11.1781
186.17 -13.448 186.196 -13.5936
192.709 -15.9088 192.721 -16.1004
199.296 -18.4748 199.286 -18.713
205.877 -21.1272 205.83 -21.4041
212.474 -23.879 212.427 -24.2128
219.085 -26.6951 219.036 -27.1215
225.674 -29.5663 225.62 -30.0579
232.258 -32.5114 232.194 -33.0565
238.827 -35.5155 238.707 -36.1593
245.357 -38.5911 245.232 -39.3193
251.842 -41.7463 251.71 -42.5367
258.295 -44.9778 258.091 -45.8488
264.734 -48.3001 264.538 -49.3063
271.174 -51.7204 270.931 -52.7958
277.658 -55.2531 277.337 -56.39
284.189 -58.8925 283.823 -60.1462
290.77 -62.6493 290.348 -63.9939
297.421 -66.5052 296.943 -67.9558
304.114 -70.4517 303.634 -72.053
310.871 -74.5125 310.328 -76.2004
317.638 -78.7299 317.018 -80.5375
324.412 -83.1001 323.706 -85.029
331.148 -87.5705 330.282 -89.6096
337.839 -92.1515 336.92 -94.3636
344.489 -96.8362 343.499 -99.19
351.109 -101.591 350.065 -104.135
357.681 -106.441 356.554 -109.119
364.205 -111.363 363.106 -114.23
370.654 -116.349 369.56 -119.491
377.044 -121.373 375.759 -124.56
383.353 -126.498 382.495 -130.2
389.649 -131.627 389.058 -135.785
395.839 -136.824 395.174 -141.164
401.978 -142.069 401.368 -146.662
408.064 -147.386 407.355 -152.115
414.12 -152.726 413.418 -157.735
420.14 -158.07 419.396 -163.283
426.136 -163.442 425.29 -168.857
432.096 -168.831 431.21 -174.456
438.042 -174.203 437.089 -180.117
444.039 -179.52 443.028 -185.67
450.064 -184.792 448.941 -191.144
456.158 -189.992 454.928 -196.599
462.246 -195.183 460.828 -201.984
468.351 -200.338 466.779 -207.325
474.468 -205.479 472.771 -212.651
480.606 -210.589 478.803 -218.029
486.758 -215.677 484.792 -223.287
492.917 -220.758 490.807 -228.498
499.072 -225.827 496.895 -233.823
505.239 -230.914 503.17 -239.322
511.394 -235.997 509.159 -244.582
517.549 -241.076 515.139 -249.833
523.711 -246.156 521.153 -255.147
529.865 -251.223 527.119 -260.39
536.038 -256.293 533.115 -265.681
542.214 -261.366 539.139 -270.998
548.376 -266.437 545.102 -276.256
554.549 -271.525 551.186 -281.634
560.72 -276.615 557.116 -286.887
566.896 -281.702 563.245 -292.323
573.077 -286.787 569.056 -297.466
579.254 -291.853 574.977 -302.757
585.438 -296.914 580.998 -308.031
591.611 -301.938 587.023 -313.273
597.803 -306.949 592.941 -318.486
604.002 -311.952 599.03 -323.713
610.204 -316.964 604.867 -328.894
616.401 -321.978 610.741 -334.03
622.607 -326.989 616.77 -339.22
628.814 -331.994 622.738 -344.381
635.032 -337 628.66 -349.502
641.237 -341.989 634.828 -354.7
647.445 -346.969 640.857 -359.804
653.662 -351.935 646.931 -364.911
659.878 -356.881 653.042 -370.039
666.112 -361.829 659.19 -375.154
672.351 -366.77 665.258 -380.251
678.588 -371.72 671.313 -385.318
684.82 -376.684 677.403 -390.47
691.041 -381.649 683.41 -395.515
697.271 -386.614 689.464 -400.582
703.506 -391.569 695.542 -405.659
709.744 -396.518 701.744 -410.717
715.984 -401.434 707.942 -415.799
722.23 -406.33 714.133 -420.796
728.498 -411.208 720.347 -425.865
734.766 -416.073 726.567 -430.856
741.048 -420.934 732.757 -435.86
747.329 -425.792 739.073 -440.968
753.612 -430.654 745.272 -445.96
759.909 -435.498 751.478 -450.892
766.235 -440.329 757.781 -455.917
772.573 -445.14 764.025 -460.835
778.918 -449.932 770.399 -465.819
785.271 -454.711 776.453 -470.573
791.604 -459.488 782.7 -475.439
797.914 -464.271 788.928 -480.331
804.203 -469.045 795.078 -485.176
810.49 -473.82 801.254 -490.081
816.792 -478.591 807.511 -494.953
823.116 -483.34 813.737 -499.859
829.464 -488.061 820.01 -504.699
835.854 -492.776 826.283 -509.51
842.262 -497.485 832.627 -514.359
848.683 -502.196 838.846 -519.207
855.115 -506.914 845.213 -524.105
861.557 -511.637 851.499 -528.865
868.012 -516.355 858.05 -533.929
874.442 -521.049 864.419 -538.669
880.882 -525.706 870.758 -543.464
887.324 -530.308 877.224 -548.326
893.755 -534.862 883.793 -553.119
900.174 -539.374 890.07 -557.727
906.591 -543.848 896.434 -562.363
912.99 -548.292 902.806 -566.958
919.401 -552.731 909.38 -571.701
925.807 -557.126 916.149 -576.539
932.226 -561.535 924.316 -582.417
938.633 -565.933 932.587 -588.332
945.057 -570.322 940.571 -594.017
951.508 -574.71 948.815 -599.878
957.98 -579.075 956.825 -605.498
964.464 -583.425 964.793 -611.032
970.963 -587.758 972.987 -616.686
977.455 -592.093 981.323 -622.412
983.962 -596.421 989.768 -628.285
990.462 -600.766 998.637 -634.428
996.966 -605.096 1009.9 -642.181
1003.47 -609.408 1019.73 -648.995
1009.97 -613.695 1026.78 -653.907
1016.46 -617.959 1033.2 -658.294
1022.92 -622.217 1039.54 -662.686
1029.37 -626.453 1045.74 -667.001
1035.8 -630.642 1052.09 -671.372
1042.23 -634.799 1058.34 -675.678
1048.66 -638.946 1064.61 -680.053
1055.08 -643.052 1070.9 -684.366
1061.53 -647.144 1077.03 -688.554
1067.97 -651.185 1083.24 -692.74
1074.4 -655.235 1089.33 -696.871
1080.84 -659.293 1095.57 -701.067
1087.27 -663.328 1101.84 -705.268
1093.72 -667.347 1108.12 -709.438
1100.19 -671.341 1114.29 -713.509
1106.67 -675.317 1120.59 -717.604
1113.16 -679.272 1126.92 -721.697
1119.66 -683.201 1133.28 -725.758
1126.2 -687.132 1139.69 -729.803
1132.75 -691.046 1146.13 -733.861
1139.34 -694.955 1152.54 -737.874
1145.95 -698.852 1159 -741.901
1152.58 -702.741 1165.5 -745.938
1159.23 -706.638 1171.92 -749.914
1165.89 -710.538 1178.42 -754.049
1172.56 -714.459 1184.99 -758.186
1179.27 -718.394 1191.51 -762.323
1186.02 -722.345 1198.15 -766.445
1192.78 -726.295 1204.68 -770.528
1199.58 -730.258 1211.25 -774.633
1206.42 -734.213 1217.92 -778.74
1213.28 -738.159 1224.55 -782.841
1220.17 -742.105 1231.16 -786.932
1227.1 -746.028 1237.95 -791.05
1234.07 -749.929 1244.76 -795.14
1241.08 -753.823 1251.61 -799.228
1248.12 -757.718 1258.52 -803.321
1255.21 -761.612 1265.4 -807.46
1262.32 -765.502 1272.33 -811.566
1269.47 -769.393 1279.29 -815.651
1276.67 -773.287 1286.25 -819.778
1283.89 -777.171 1293.18 -823.82
1291.1 -781.041 1300.26 -827.936
1298.33 -784.899 1307.23 -832.008
1305.56 -788.742 1314.2 -836.1
1312.79 -792.571 1321.19 -840.151
1320.03 -796.385 1328.28 -844.221
1327.29 -800.172 1335.38 -848.284
1334.54 -803.95 1342.39 -852.29
1341.8 -807.723 1349.44 -856.315
1349.06 -811.482 1356.53 -860.317
1356.32 -815.233 1363.65 -864.433
1363.57 -818.961 1370.61 -868.434
1370.8 -822.664 1377.75 -872.46
1378.01 -826.342 1384.68 -876.369
1385.24 -830.003 1391.78 -880.385
1392.47 -833.64 1398.9 -884.278
1399.71 -837.259 1405.83 -888.137
1406.94 -840.856 1412.93 -891.995
1414.15 -844.42 1419.97 -895.825
1421.34 -847.959 1427 -899.568
1428.54 -851.474 1433.99 -903.359
1435.73 -854.975 1441.14 -907.122
1442.94 -858.462 1448.21 -910.873
1450.12 -861.923 1455.32 -914.723
1457.29 -865.354 1462.33 -918.422
1464.43 -868.758 1469.39 -922.212
1471.55 -872.135 1476.37 -925.88
1478.64 -875.485 1483.27 -929.482
1485.7 -878.797 1490.2 -933.126
1492.71 -882.085 1496.97 -936.649
1499.69 -885.346 1503.63 -940.167
1506.61 -888.579 1510.35 -943.644
1513.51 -891.787 1516.88 -947.086
1520.39 -894.966 1523.6 -950.585
1527.24 -898.117 1530.37 -954.077
1534.07 -901.24 1537.06 -957.561
1540.87 -904.335 1544.09 -961.15
1547.64 -907.394 1550.41 -964.337
1554.37 -910.425 1556.99 -967.681
1561.07 -913.426 1563.6 -970.99
1567.72 -916.424 1569.99 -974.237
1574.33 -919.426 1576.66 -977.614
1580.91 -922.432 1582.99 -980.833
1587.48 -925.449 1589.4 -984.127
1594 -928.484 1595.75 -987.435
1600.46 -931.552 1602.33 -990.902
1606.85 -934.654 1608.53 -994.231
1613.18 -937.795 1614.82 -997.717
1619.45 -940.961 1620.94 -1001.12
1625.64 -944.139 1627.24 -1004.67
1631.78 -947.302 1633.17 -1008.13
1637.88 -950.462 1639.06 -1011.42
1643.92 -953.598 1644.57 -1014.65
1649.93 -956.703 1650.74 -1018.05
1655.91 -959.743 1656.4 -1021.2
1661.86 -962.732 1662.08 -1024.31
1667.83 -965.652 1668.14 -1027.55
1673.79 -968.517 1674.05 -1030.65
1679.74 -971.331 1679.99 -1033.74
1685.68 -974.129 1685.98 -1036.85
1691.58 -976.911 1691.84 -1039.89
1697.46 -979.679 1697.67 -1042.93
1703.32 -982.431 1703.56 -1046
1709.14 -985.145 1709.48 -1049.07
1714.95 -987.831 1717.32 -1053.1
1720.75 -990.467 1726.52 -1057.76
1726.53 -993.063 1735.47 -1062.28
1732.26 -995.616 1745.48 -1067.39
1737.92 -998.126 1756.73 -1072.98
1743.47 -1000.59 1772.36 -1080.89
1748.97 -1002.99 1787.96 -1088.83
1754.39 -1005.38 1803.64 -1096.92
1759.75 -1007.75 1821.35 -1106.17
1765 -1010.12 1843.51 -1117.93
1770.11 -1012.47 1867.38 -1130.57
1775.1 -1014.78 1890.04 -1142.62
1779.95 -1017.08 1911.48 -1154.21
1784.65 -1019.35 1932.72 -1165.6
1789.18 -1021.6 1955.03 -1177.81
1793.51 -1023.88 1979.09 -1191.3
1797.65 -1026.27 2003.84 -1205.38
1801.57 -1028.81 2025.48 -1218.54
1805.3 -1031.53 2040.31 -1228.12
1808.82 -1034.44 2047.94 -1234
1812.12 -1037.56 2052.06 -1238.27
1815.17 -1040.92 2054.71 -1242.03
1817.93 -1044.48 2056.93 -1245.73
1820.33 -1048.21 2058.78 -1249.61
1822.46 -1052.15 2060.33 -1253.77
1824.26 -1056.26 2061.5 -1257.85
1825.69 -1060.49 2062.27 -1262.13
1826.76 -1064.82 2062.64 -1266.42
1827.46 -1069.23 2062.73 -1270.73
1827.81 -1073.69 2062.38 -1275.08
1827.81 -1078.17 2061.74 -1279.43
1827.47 -1082.64 2060.74 -1283.74
1826.7 -1087.07 2059.39 -1287.95
1825.63 -1091.49 2057.67 -1292.16
1824.18 -1095.81 2055.58 -1296.16
1822.36 -1099.99 2053.17 -1300.06
1820.14 -1103.99 2050.44 -1303.7
1817.59 -1107.8 2047.41 -1307.06
1814.72 -1111.35 2043.96 -1310.31
1811.55 -1114.63 2040.37 -1313.15
1808.09 -1117.61 2036.51 -1315.64
1804.28 -1120.25 2032.42 -1317.86
1800.31 -1122.62 2028.17 -1319.72
1796.12 -1124.69 2023.81 -1321.21
1791.74 -1126.47 2019.13 -1322.49
1787.19 -1127.95 2014.57 -1323.37
1782.51 -1129.18 2009.82 -1324.02
1777.7 -1130.19 2004.89 -1324.47
1772.8 -1131.04 2000.08 -1324.74
1767.8 -1131.74 1995.02 -1324.86
1762.74 -1132.35 1990.01 -1324.9
1757.66 -1132.89 1984.94 -1324.86
1752.56 -1133.37 1979.94 -1324.76
1747.46 -1133.82 1974.9 -1324.64
1742.34 -1134.25 1969.81 -1324.48
1737.22 -1134.67 1964.8 -1324.31
1732.11 -1135.06 1959.68 -1324.12
1727.07 -1135.44 1954.71 -1323.9
1722.08 -1135.79 1949.76 -1323.66
1717.16 -1136.09 1944.85 -1323.38
1712.34 -1136.27 1940.06 -1322.96
1707.61 -1136.29 1935.37 -1322.42
1703.03 -1136.08 1930.86 -1321.64
1698.59 -1135.61 1926.52 -1320.65
1694.24 -1134.79 1922.36 -1319.32
1689.99 -1133.67 1918.45 -1317.72
1685.87 -1132.17 1914.66 -1315.72
1681.96 -1130.28 1911.11 -1313.33
1678.31 -1128 1907.87 -1310.64
1674.83 -1125.27 1904.99 -1307.61
1671.79 -1122.27 1902.5 -1304.3
1669.1 -1118.97 1900.42 -1300.77
1666.78 -1115.41 1898.73 -1297.06
1664.82 -1111.61 1897.42 -1293.12
1663.21 -1107.64 1896.52 -1289.11
1661.96 -1103.51 1895.9 -1284.7
1661.11 -1099.28 1895.79 -1280.95
1660.72 -1094.94 1896.14 -1276.5
1660.67 -1090.52 1896.84 -1272.46
1661.14 -1086.16 1897.99 -1268.33
1662.05 -1081.84 1899.59 -1264.24
1663.37 -1077.56 1901.49 -1260.36
1665.06 -1073.32 1903.8 -1256.47
1667.04 -1069.13 1906.35 -1252.75
1669.23 -1064.99 1909.22 -1248.86
1671.64 -1060.84 1912.23 -1245.13
1674.14 -1056.68 1915.29 -1241.42
1676.72 -1052.45 1918.47 -1237.64
1679.38 -1048.15 1921.74 -1233.77
