0 5.50266e-05 0.00433285 100 5.78035
0 3.33858e-05 0.00519094 200 6.36943
0 1.94633e-05 0.00440164 300 6.72646
0 1.9146e-05 0.00324799 400 6.90846
0 2.29857e-05 0.00354136 500 6.29723
0 3.08821e-05 0.00165101 600 6.74157
10 3.96682e-05 0.00246781 100 6.09756
10 1.56326e-05 0.00315281 200 6.45161
10 1.33225e-05 0.00255936 300 6.84932
10 1.2207e-05 0.0025916 400 7.01754
10 2.33969e-05 0.00318812 500 6.36943
10 3.09142e-05 0.00128794 600 6.80272
20 3.27549e-05 0.00249167 100 6.36943
20 2.88871e-05 0.00300072 200 6.49351
20 1.56114e-05 0.00274849 300 6.96056
20 1.63775e-05 0.002903 400 7.11744
20 2.42575e-05 0.00338202 500 6.43501
20 3.17909e-05 0.00148132 600 6.85714
30 6.85337e-05 0.00235562 100 6.62252
30 4.39455e-05 0.00447339 200 6.53595
30 1.92581e-05 0.00370461 300 7.04225
30 2.10373e-05 0.00297485 400 7.20721
30 2.27354e-05 0.00331404 500 6.50195
30 3.0166e-05 0.00185107 600 6.88863
40 5.23624e-05 0.00253027 100 6.84932
40 4.04126e-05 0.00453478 200 6.57895
40 2.31898e-05 0.00364496 300 7.07547
40 2.34808e-05 0.00306676 400 7.29927
40 2.36805e-05 0.00327857 500 6.56168
40 3.12021e-05 0.00173847 600 6.91244
50 4.70882e-05 0.00328743 100 7.04225
50 4.04126e-05 0.0052098 200 6.60066
50 3.26335e-05 0.00414354 300 7.05882
50 3.12655e-05 0.00359225 400 7.36648
50 2.84382e-05 0.00354267 500 6.60502
50 3.25017e-05 0.00172466 600 6.89655
60 5.48095e-05 0.00395845 100 7.0922
60 3.62942e-05 0.00550695 200 6.62252
60 3.35935e-05 0.00391619 300 6.99301
60 3.13606e-05 0.00367901 400 7.40741
60 2.90355e-05 0.00347353 500 6.64011
60 3.41318e-05 0.00171233 600 6.88073
70 6.80098e-05 0.00477909 100 7.14286
70 1.70899e-05 0.00577352 200 6.64452
70 2.60925e-05 0.00331789 300 6.94444
70 2.78899e-05 0.00343887 400 7.42115
70 2.81686e-05 0.00307583 500 6.66667
70 3.51358e-05 0.00156124 600 6.87285
80 7.65841e-05 0.00609069 100 7.14286
80 2.98012e-05 0.0061489 200 6.68896
80 2.84715e-05 0.00328638 300 6.92841
80 2.94745e-05 0.0036434 400 7.43494
80 2.9973e-05 0.00300044 500 6.68449
80 3.85084e-05 0.00147508 600 6.86499
90 7.14295e-05 0.00725072 100 7.14286
90 2.87838e-05 0.00609617 200 6.71141
90 2.40313e-05 0.00309943 300 6.94444
90 2.56639e-05 0.00324821 400 7.43494
90 2.93297e-05 0.00258392 500 6.71141
90 3.99934e-05 0.00143746 600 6.85714
100 5.34886e-05 0.00727949 100 7.0922
100 2.96005e-05 0.00502646 200 6.75676
100 3.3117e-05 0.00248443 300 6.96056
100 2.33854e-05 0.00324693 400 7.29927
100 2.98773e-05 0.00237503 500 6.72948
100 1.73017e-05 0.00127493 600 6.83371
110 5.77743e-05 0.00922956 100 7.0922
110 3.79795e-05 0.00517258 200 6.80272
110 3.75764e-05 0.00266269 300 6.99301
110 3.03709e-05 0.00489834 400 6.22084
110 3.32609e-05 0.00246354 500 6.75676
110 6.30369e-06 0.00117463 600 6.81044
120 7.34049e-05 0.0113102 100 7.14286
120 4.53473e-05 0.00558391 200 6.87285
120 4.06252e-05 0.00303134 300 7.02576
120 3.76051e-05 0.00523584 400 6.21118
120 3.48296e-05 0.00248734 500 6.79348
120 5.27404e-06 0.00102377 600 6.77966
130 8.41491e-05 0.0128363 100 7.35294
130 5.32095e-05 0.00641928 200 6.99301
130 4.56894e-05 0.0034326 300 7.0922
130 4.04313e-05 0.00537661 400 6.25
130 3.61333e-05 0.00272152 500 6.83995
130 7.32422e-06 0.00122942 600 6.72646
140 7.90354e-05 0.0122717 100 7.57576
140 4.83992e-05 0.00587007 200 7.14286
140 4.68347e-05 0.00352502 300 7.17703
140 4.21987e-05 0.00534329 400 6.29921
140 3.77469e-05 0.00257473 500 6.89655
140 5.51948e-06 0.0011129 600 6.66667
150 6.13761e-05 0.00985756 100 7.75194
150 3.18321e-05 0.0046774 200 7.24638
150 4.06578e-05 0.00322461 300 7.26392
150 3.82923e-05 0.00494963 400 6.33914
150 3.79737e-05 0.0020736 500 6.93481
150 7.09457e-06 0.000672711 600 6.59341
160 6.93979e-05 0.00705848 100 7.69231
160 2.67443e-05 0.00503687 200 7.29927
160 3.3117e-05 0.0038519 300 7.31707
160 4.10531e-05 0.00455182 400 6.37959
160 4.39353e-05 0.00150373 500 6.96379
160 8.61248e-06 0.00082915 600 6.53595
170 7.04211e-05 0.00365101 100 7.14286
170 3.25725e-05 0.00353778 200 7.27273
170 2.94323e-05 0.00377593 300 7.35294
170 3.95934e-05 0.00442367 400 6.42055
170 4.41951e-05 0.00124713 500 6.96379
180 9.13494e-05 0.00441397 100 6.36943
180 3.18321e-05 0.00509186 200 7.22022
180 3.92657e-05 0.00438341 300 7.40741
180 4.36396e-05 0.00396184 400 6.45161
180 4.84961e-05 0.00183855 500 6.92521
190 8.31515e-05 0.00586902 100 6.17284
190 3.4613e-05 0.00599322 200 7.06714
190 4.92607e-05 0.00478379 300 7.44417
190 4.74042e-05 0.00373734 400 6.49351
190 4.84863e-05 0.00207797 500 6.86813
200 4.68343e-05 0.00512195 100 6.13497
200 3.01986e-05 0.00408987 200 6.87285
200 3.65035e-05 0.00399575 300 7.4813
200 4.04129e-05 0.00323247 400 6.51466
200 4.61791e-05 0.00189925 500 6.82128
210 7.76661e-05 0.00761816 100 6.17284
210 3.48703e-05 0.00605328 200 6.80272
210 5.79123e-05 0.00503838 300 7.5
210 5.23206e-05 0.00298906 400 6.54664
210 5.6016e-05 0.00259523 500 6.80272
220 4.60644e-05 0.00578532 100 6.21118
220 2.5017e-05 0.00402426 200 6.80272
220 3.07528e-05 0.00432611 300 7.5188
220 4.43677e-05 0.00286548 400 6.56814
220 5.11196e-05 0.00205844 500 6.79348
230 5.23624e-05 0.006638 100 6.28931
230 2.94997e-05 0.00421645 200 6.82594
230 3.55103e-05 0.00410967 300 7.5188
230 4.89965e-05 0.00219208 400 6.60066
230 5.48546e-05 0.00233397 500 6.78426
240 2.29024e-05 0.00440944 100 6.41026
240 2.34172e-05 0.00238799 200 6.87285
240 2.43598e-05 0.00303712 300 7.33496
240 3.77633e-05 0.00223626 400 6.6335
240 2.0785e-05 0.00190895 500 6.7659
250 3.45267e-05 0.00472378 100 6.49351
250 2.96005e-05 0.00316518 200 6.92042
250 2.87953e-05 0.00548063 300 5.96421
250 4.04313e-05 0.00264241 400 6.66667
250 1.13045e-05 0.00181824 500 6.74764
260 2.12837e-05 0.00610976 100 6.57895
260 3.4699e-05 0.00383784 200 6.94444
260 4.19723e-05 0.00554283 300 5.92885
260 4.65317e-05 0.00261858 400 6.70017
260 2.06238e-05 0.00215806 500 6.69344
270 2.34172e-05 0.00548448 100 6.66667
270 3.05908e-05 0.00369066 200 6.96864
270 3.92319e-05 0.00534873 300 5.94059
270 4.43005e-05 0.00279062 400 6.72269
270 1.41518e-05 0.00198399 500 6.51042
280 1.89111e-05 0.00594302 100 6.75676
280 2.83666e-05 0.00368941 200 7.01754
280 3.69364e-05 0.00506249 300 5.9761
280 4.3827e-05 0.00299058 400 6.75676
280 1.27328e-05 0.00188752 500 6.37755
290 1.69146e-05 0.00675866 100 6.84932
290 1.85932e-05 0.00335308 200 7.11744
290 3.40245e-05 0.00455139 300 6.0241
290 4.18263e-05 0.00316848 400 6.79117
290 1.17999e-05 0.00142254 500 6.32111
300 1.46484e-05 0.00590758 100 7.0922
300 1.40248e-05 0.00286301 200 7.24638
300 3.38684e-05 0.00387538 300 6.10998
300 4.33828e-05 0.00318438 400 6.83761
310 2.84715e-05 0.00512073 100 7.40741
310 1.09183e-05 0.00264766 200 7.46269
310 3.22661e-05 0.00366331 300 6.19835
310 4.32624e-05 0.00323056 400 6.90846
320 3.52105e-05 0.00354137 100 7.75194
320 7.7204e-06 0.00181821 200 7.69231
320 3.67927e-05 0.00292238 300 6.31579
320 4.6065e-05 0.00294318 400 6.99301
330 4.42158e-05 0.00281191 100 8.13008
330 1.42357e-05 0.00140242 200 7.90514
330 3.73997e-05 0.0022276 300 6.41026
330 4.46022e-05 0.00278613 400 7.05467
340 3.23889e-05 0.00223047 100 8.26446
340 2.14233e-05 0.00171853 200 8.09717
340 4.2443e-05 0.00205799 300 6.50759
340 4.65797e-05 0.00297263 400 7.07965
350 3.00997e-05 0.00276839 100 8.13008
350 3.45268e-05 0.00224959 200 8.23045
350 4.18775e-05 0.00266894 300 6.57895
350 4.39967e-05 0.00312474 400 7.04225
360 2.18366e-05 0.00366175 100 7.75194
360 3.29364e-05 0.00289497 200 8.33333
360 4.33692e-05 0.00295985 300 6.62252
360 4.91635e-05 0.00302155 400 6.99301
370 4.47518e-05 0.00614132 100 7.5188
370 4.13602e-05 0.00553397 200 8.3682
370 4.35824e-05 0.00527905 300 6.65188
370 5.09789e-05 0.00425852 400 6.96864
380 1.29187e-05 0.00485468 100 7.40741
380 3.9893e-05 0.00511766 200 8.33333
380 4.88286e-05 0.0051069 300 6.66667
380 5.62066e-05 0.00473979 400 6.93241
390 3.87561e-05 0.00386198 100 7.35294
390 3.43537e-05 0.00369227 200 8.19672
390 5.05873e-05 0.00407212 300 6.68151
390 5.01835e-05 0.00406315 400 6.88468
400 4.08526e-05 0.00326305 100 7.29927
400 3.81361e-05 0.00511675 200 5.74713
400 5.15727e-05 0.00322777 300 6.69643
400 1.63775e-05 0.00329759 400 6.81431
410 4.88282e-05 0.00313485 100 7.24638
410 5.3433e-05 0.0052099 200 5.61798
410 5.76832e-05 0.00332151 300 6.71141
410 3.0248e-05 0.00314704 400 6.70017
420 6.05942e-05 0.00245505 100 7.19424
420 5.56194e-05 0.0050262 200 5.61798
420 6.15708e-05 0.00313769 300 6.72646
420 2.44751e-05 0.00313392 400 6.4
430 4.47518e-05 0.00417069 100 7.24638
430 5.58866e-05 0.006383 200 5.6338
430 6.14631e-05 0.004141 300 6.72646
430 9.3764e-06 0.00269187 400 6.23053
440 4.42158e-05 0.00476967 100 7.35294
440 5.91005e-05 0.00598955 200 5.69801
440 6.27851e-05 0.00435404 300 6.74157
450 5.34886e-05 0.00423754 100 7.57576
450 6.45478e-05 0.00522898 200 5.76369
450 6.7581e-05 0.00558741 300 6.74157
460 5.94021e-05 0.00308331 100 7.87402
460 6.5692e-05 0.00386946 200 5.8651
460 6.56724e-05 0.0049325 300 6.72646
470 7.2094e-05 0.00234111 100 8.19672
470 7.24244e-05 0.00264626 200 5.95238
470 6.70102e-05 0.0050095 300 6.72646
480 9.70444e-05 0.00227816 100 8.62069
480 7.5881e-05 0.00229613 200 6.06061
480 7.07413e-05 0.00533906 300 6.74157
490 6.07906e-05 0.0024464 100 8.92857
490 6.3477e-05 0.00281372 200 6.17284
490 6.53894e-05 0.0040365 300 6.75676
500 6.56916e-05 0.00156795 100 9.25926
500 6.81853e-05 0.00218739 200 6.25
500 6.82054e-05 0.0039086 300 6.78733
510 5.94021e-05 0.00297675 100 9.43396
510 6.99118e-05 0.00336258 200 6.30915
510 7.13008e-05 0.0039295 300 6.78733
520 6.17633e-05 0.00340692 100 9.34579
520 7.74746e-05 0.0041099 200 6.34921
520 8.12193e-05 0.00492764 300 6.74157
530 6.62338e-05 0.00141894 100 8.19672
530 8.00477e-05 0.00215744 200 6.36943
530 3.73288e-05 0.00402131 300 6.68151
540 7.50114e-05 0.00645469 100 4.60829
540 7.88851e-05 0.00207909 200 6.41026
540 3.91643e-05 0.00338339 300 6.59341
550 8.0233e-05 0.00566724 100 4.56621
550 8.45738e-05 0.0030133 200 6.45161
550 5.873e-05 0.00306722 300 6.41026
560 0.000101605 0.00570956 100 4.56621
560 9.58714e-05 0.00447424 200 6.47249
560 4.49882e-05 0.00391986 300 6.07287
570 9.18699e-05 0.00607702 100 4.58716
570 8.30088e-05 0.00356858 200 6.47249
570 3.18945e-05 0.00252614 300 5.87084
580 9.44295e-05 0.00526449 100 4.62963
580 8.30805e-05 0.0046815 200 6.34921
590 8.65239e-05 0.00432138 100 4.65116
590 6.73939e-05 0.00315169 200 6.15385
600 9.161e-05 0.00387492 100 4.6729
600 7.58417e-05 0.00313189 200 5.98802
610 0.000103696 0.00343499 100 4.69484
610 8.39726e-05 0.0034419 200 5.93472
620 0.000105519 0.00274631 100 4.73934
620 8.52058e-05 0.00340862 200 5.8997
630 0.000100306 0.00319466 100 4.80769
630 6.93984e-05 0.00309058 200 5.8997
640 9.82651e-05 0.00323337 100 4.9505
640 3.54635e-05 0.00246479 200 5.95238
650 0.000101135 0.00303185 100 5.15464
650 2.51358e-05 0.00230229 200 6.07903
660 9.76566e-05 0.00341593 100 5.40541
660 2.11432e-05 0.0022264 200 6.23053
670 9.32863e-05 0.00371317 100 5.71429
670 1.79406e-05 0.00203314 200 6.43087
680 8.85665e-05 0.00367292 100 6.06061
680 1.60094e-05 0.00185874 200 6.64452
690 8.5135e-05 0.00406283 100 6.45161
690 1.31474e-05 0.00201085 200 6.87285
700 8.5971e-05 0.00414583 100 6.89655
700 1.29187e-05 0.00223492 200 7.11744
710 8.35805e-05 0.0047152 100 7.40741
710 9.45553e-06 0.00244113 200 7.38007
720 7.96365e-05 0.0032834 100 8
720 2.16997e-05 0.00225681 200 7.63359
730 7.90354e-05 0.00256084 100 8.69565
730 2.15619e-05 0.00268078 200 7.93651
740 8.08251e-05 0.00232897 100 9.34579
740 2.0716e-05 0.00281514 200 8.16327
750 8.72101e-05 0.00203025 100 10.101
750 4.05598e-05 0.00276221 200 8.33333
760 0.000106866 0.00401445 100 10.5263
760 7.65457e-05 0.0036687 200 8.33333
770 0.000100544 0.00517477 100 10.8696
770 7.97119e-05 0.00385092 200 7.84314
780 0.000103119 0.00599579 100 10.8696
780 6.5191e-05 0.0044755 200 7.0922
790 7.65841e-05 0.00316827 100 10.5263
800 7.34049e-05 0.00258793 100 9.43396
810 7.14295e-05 0.00181131 100 8.40336
820 7.1095e-05 0.00176963 100 8
830 7.48523e-05 0.00225573 100 7.69231
840 2.88871e-05 0.00273474 100 7.35294
850 0.000159872 0.00582593 100 6.99301
860 0.000176258 0.00758686 100 6.13497
870 0.000157013 0.00896856 100 5.20833
880 0.000171249 0.0138201 100 4.83092
