# initialization preprocessing icp loop mapping
0 0.00156163 0.00479947 0 0 0.0192729 0.0256365
1 0.000831338 0.00382972 0.0674935 0.000302719 0.000554208 0.0730128
2 0.000757012 0.00225928 0.021906 6.665e-06 0.00056207 0.0254928
3 0.000764845 0.0022335 0.0217202 7.418e-06 0.000622085 0.0253499
4 0.000776334 0.00221448 0.0083677 1.208e-05 0.000622748 0.0119946
5 0.000748835 0.00210934 0.0217091 8.559e-06 0.000645268 0.025222
6 0.000757639 0.0021705 0.0112095 8.86e-06 0.00066296 0.0148104
7 0.000776824 0.00209119 0.0216896 9.138e-06 0.000687208 0.0252557
8 0.000808696 0.00230332 0.0219701 9.771e-06 0.000716451 0.0258093
9 0.000768608 0.00213286 0.0222399 9.929e-06 0.00330964 0.0284626
10 0.000741474 0.0024987 0.0227512 1.1083e-05 0.000875898 0.0268793
11 0.000785035 0.0031383 0.0262682 1.1825e-05 0.000909347 0.0311138
12 0.000734579 0.00240774 0.0231011 1.2088e-05 0.014429 0.0406858
13 0.000803252 0.00311913 0.026236 1.2973e-05 0.00804821 0.0382208
14 0.000772483 0.00254731 0.0232242 1.3136e-05 0.0083132 0.0348712
15 0.000751073 0.00318345 0.0263078 1.3087e-05 0.00100253 0.0312593
16 0.000741148 0.00236571 0.0233468 1.4254e-05 0.00101968 0.0274888
17 0.00107298 0.00349913 0.0263389 1.4317e-05 0.00105069 0.0319776
18 0.000841593 0.00243168 0.0234178 1.5151e-05 0.000925865 0.0276328
19 0.000781152 0.00309149 0.026332 1.4716e-05 0.000926045 0.0311466
20 0.000742291 0.00241677 0.0232126 1.5362e-05 0.000948266 0.0273361
21 0.000746547 0.00307753 0.0263009 1.6332e-05 0.000974245 0.0311163
22 0.000895866 0.00242059 0.0231346 1.6023e-05 0.000981437 0.0274493
23 0.000732829 0.00307063 0.026177 1.5903e-05 0.00100067 0.0309984
24 0.000741817 0.0024564 0.0231925 1.8069e-05 0.0012353 0.0276452
25 0.000773315 0.00315464 0.0264623 1.8055e-05 0.00126034 0.0316695
26 0.000746382 0.00243051 0.0231678 1.905e-05 0.00855878 0.0349237
27 0.00073256 0.00320914 0.0262403 1.9145e-05 0.0086044 0.0388067
28 0.000858835 0.00240368 0.0231555 1.8651e-05 0.00848046 0.0349182
29 0.000744102 0.0031008 0.0264015 1.9734e-05 0.00839721 0.0386645
30 0.000802649 0.00246835 0.0234484 1.9955e-05 0.00866617 0.0354067
31 0.000803009 0.00309349 0.0268413 2.2071e-05 0.00150793 0.032269
32 0.000774302 0.00254612 0.0233832 2.0954e-05 0.00139454 0.0281203
33 0.000767876 0.0045162 0.0264783 2.1806e-05 0.00120186 0.0329876
34 0.000777787 0.0031844 0.0266804 2.2419e-05 0.00121077 0.0318773
35 0.000754425 0.00374594 0.0266997 2.2724e-05 0.00123326 0.0324569
36 0.000891366 0.00370803 0.0266847 2.3792e-05 0.00126326 0.0325721
37 0.0010977 0.00403465 0.0267442 2.2891e-05 0.00130116 0.0332021
38 0.00112404 0.00411577 0.0266712 2.4899e-05 0.001675 0.0336119
39 0.00108104 0.00398674 0.0269401 2.4782e-05 0.0016683 0.0337019
40 0.000755796 0.0038959 0.0185094 2.3877e-05 0.00848053 0.0316667
41 0.000782968 0.00372553 0.0267372 2.4815e-05 0.0085409 0.0398124
42 0.00107317 0.00435781 0.0268047 2.5889e-05 0.00875264 0.0410156
43 0.0014789 0.00371136 0.0267762 2.6114e-05 0.00859914 0.0405929
44 0.00076176 0.00383692 0.0267279 2.7457e-05 0.00862568 0.0399811
45 0.000797508 0.00371812 0.026818 2.622e-05 0.00225141 0.0336126
46 0.000822057 0.00403298 0.0264757 2.8606e-05 0.00181045 0.0331708
47 0.000715347 0.00366781 0.0268101 2.861e-05 0.00155036 0.0327729
48 0.00107132 0.00420522 0.0267472 2.9834e-05 0.001563 0.0336181
49 0.00152166 0.00373639 0.026833 4.823e-05 0.00162712 0.0337678
50 0.000885461 0.00388146 0.0268264 2.9253e-05 0.00159939 0.0332228
51 0.000762248 0.00321845 0.0268637 3.0056e-05 0.00163013 0.0325058
52 0.00113914 0.00400227 0.0268862 3.1571e-05 0.00200358 0.0340639
53 0.00080016 0.00399638 0.0270753 3.1154e-05 0.00926982 0.0411737
54 0.000784248 0.00382254 0.0267888 4.7199e-05 0.0090604 0.0405048
55 0.000747638 0.00315283 0.026933 4.6357e-05 0.00935765 0.0402387
56 0.000845447 0.00313561 0.026968 3.3899e-05 0.00949679 0.0404806
57 0.000939283 0.00378963 0.0274116 3.4848e-05 0.00936384 0.0415405
58 0.000763198 0.00323526 0.0271075 3.6829e-05 0.00936204 0.0405061
59 0.000849323 0.0041326 0.0273667 3.4762e-05 0.00954555 0.0419299
60 0.00190753 0.00362588 0.0272233 3.5375e-05 0.00259337 0.0353866
61 0.00076687 0.0038608 0.0273019 3.6108e-05 0.00231529 0.034282
62 0.000817325 0.00385429 0.0273661 3.5648e-05 0.00230711 0.0343813
63 0.000854687 0.00380557 0.0275291 3.5958e-05 0.00180561 0.0340317
64 0.000787903 0.00323249 0.0274749 3.7195e-05 0.00238727 0.0339211
65 0.000802985 0.0039794 0.0273943 5.2131e-05 0.00239336 0.0346234
66 0.000819524 0.00380961 0.0274057 3.9449e-05 0.00966526 0.0417412
67 0.00110059 0.00392006 0.0273104 4.0695e-05 0.00966522 0.0420386
68 0.000784978 0.0038101 0.0274146 3.8347e-05 0.0115427 0.0435915
69 0.000837077 0.00318969 0.0278945 3.9626e-05 0.00971121 0.0416731
70 0.000791586 0.00380205 0.0272343 3.9453e-05 0.0105886 0.0424573
71 0.00078837 0.00397794 0.0276152 4.0944e-05 0.00932164 0.041745
72 0.000949981 0.00380051 0.0275244 4.0483e-05 0.00955517 0.041872
73 0.000809726 0.00384229 0.0274207 4.2022e-05 0.00961912 0.0417355
74 0.000795081 0.00316859 0.0276132 4.247e-05 0.00955923 0.0411798
75 0.000741093 0.00319337 0.0248699 4.1534e-05 0.00197354 0.0308207
76 0.000759113 0.0032242 0.0272595 4.5013e-05 0.00240347 0.0336926
77 0.00075836 0.00322329 0.0273306 4.392e-05 0.00241645 0.0337735
78 0.000753474 0.00313932 0.0272099 4.4125e-05 0.00243386 0.0335815
79 0.000873422 0.00321727 0.027593 4.4902e-05 0.00246875 0.0341987
80 0.000759405 0.00322097 0.0274941 9.4191e-05 0.00257261 0.034143
81 0.000766275 0.00323348 0.0275942 4.5703e-05 0.00954823 0.0411891
82 0.000756985 0.00318399 0.0272004 4.561e-05 0.0102871 0.0414749
83 0.000746291 0.00323207 0.0274754 4.6294e-05 0.0100575 0.0415583
84 0.00162242 0.00345325 0.0274236 4.7996e-05 0.00976769 0.0423163
85 0.000763621 0.00363694 0.0275949 4.8194e-05 0.0111155 0.04316
86 0.000763698 0.00319219 0.0274685 4.9954e-05 0.00998093 0.0414561
87 0.000812817 0.00384015 0.027815 4.9779e-05 0.00948494 0.0420039
88 0.00123726 0.0040096 0.0275812 4.9499e-05 0.0097296 0.0426083
89 0.000915242 0.0037705 0.0276907 6.3804e-05 0.00271353 0.0351554
90 0.000801193 0.00379787 0.0285283 0.000145889 0.002141 0.0354153
91 0.000802325 0.00397643 0.0277646 5.3439e-05 0.00240415 0.0350026
92 0.00133027 0.00421121 0.0274143 5.1704e-05 0.00245717 0.0354656
93 0.000754562 0.00384988 0.0276724 5.1911e-05 0.00241138 0.0347412
94 0.00166976 0.00368094 0.0275082 5.3091e-05 0.00246432 0.0353773
95 0.000830871 0.00389249 0.0273841 5.8795e-05 0.00959639 0.0417643
96 0.000829562 0.00312816 0.0274378 5.2636e-05 0.0096552 0.0411052
97 0.000817058 0.00380979 0.0273187 5.4751e-05 0.00981647 0.0418184
98 0.000798496 0.00378562 0.0276264 5.3946e-05 0.00983197 0.0420981
99 0.0012488 0.00388875 0.0155933 5.5587e-05 0.010958 0.031746
100 0.000790718 0.00313629 0.0276154 5.7302e-05 0.00973739 0.0413383
101 0.000922252 0.00314912 0.0278138 5.6153e-05 0.0113534 0.043296
102 0.000748995 0.00320481 0.0279121 5.5473e-05 0.0025948 0.0345174
103 0.000814295 0.0032482 0.0278718 7.1799e-05 0.00267202 0.0346794
104 0.00076468 0.00329667 0.0276676 5.7308e-05 0.00219874 0.0339861
105 0.000919745 0.00316144 0.027259 5.8846e-05 0.00230388 0.0337039
106 0.000774898 0.00324293 0.0271921 5.963e-05 0.00185552 0.0331262
107 0.000831812 0.00328885 0.0271108 5.9261e-05 0.00236869 0.0336605
108 0.00078998 0.00327576 0.0272821 6.0215e-05 0.00246434 0.0338732
109 0.000853151 0.00360351 0.0272857 5.9091e-05 0.00243524 0.0342376
110 0.000822936 0.00362882 0.0273313 6.1264e-05 0.0027614 0.0346068
111 0.00114825 0.00406902 0.0272592 5.9532e-05 0.00955496 0.0420925
112 0.000816387 0.00387926 0.0275095 6.0429e-05 0.00984024 0.0421067
113 0.000805684 0.00380532 0.0276429 6.0147e-05 0.00978104 0.0420961
114 0.000850871 0.0039085 0.0271399 6.2899e-05 0.0111177 0.0430818
115 0.000834634 0.00315484 0.0273504 6.3348e-05 0.00969553 0.0410999
116 0.000770435 0.00313649 0.0275374 6.5418e-05 0.00990951 0.0414201
117 0.000871487 0.00327107 0.0273528 6.401e-05 0.00302835 0.0345885
118 0.000777842 0.00323168 0.0276034 6.5655e-05 0.0031441 0.0348239
119 0.000776197 0.00326012 0.0275603 6.5168e-05 0.00251665 0.0341797
120 0.000787843 0.00320093 0.0272379 6.6491e-05 0.00233843 0.0336325
121 0.000905552 0.00316872 0.0271849 6.6857e-05 0.00171576 0.0330433
122 0.000783937 0.00320576 0.0274543 6.7376e-05 0.00240046 0.033913
123 0.000829902 0.00313768 0.0273784 6.6777e-05 0.00242542 0.0338402
124 0.000771995 0.00323455 0.0271777 6.8275e-05 0.0019345 0.0331889
125 0.000767064 0.00322078 0.0271232 7.0055e-05 0.00290349 0.0340863
126 0.000843616 0.00319139 0.0273332 7.2195e-05 0.00962712 0.0410691
127 0.000945773 0.00344493 0.02742 7.2186e-05 0.00947739 0.0413615
128 0.000792773 0.00316076 0.0272541 7.1313e-05 0.0097157 0.0409954
129 0.000800091 0.00322905 0.0275399 8.4455e-05 0.0112619 0.0429165
130 0.000773204 0.00317456 0.0276266 7.1722e-05 0.0098749 0.0415223
131 0.000813038 0.00317047 0.0274732 7.2069e-05 0.00973527 0.0412656
132 0.000799506 0.00327117 0.0273997 7.2737e-05 0.00986616 0.0414104
133 0.00076505 0.00325947 0.0274712 7.3867e-05 0.00300874 0.0345799
134 0.000880042 0.00319541 0.0271652 7.363e-05 0.00256205 0.0338781
135 0.000866618 0.00318537 0.0269386 8.6995e-05 0.00192554 0.0330041
136 0.000770086 0.00317609 0.0271141 7.4181e-05 0.00238827 0.0335236
137 0.000780774 0.00320412 0.0271522 8.3776e-05 0.00237618 0.033598
138 0.000772716 0.00316187 0.0257721 8.4592e-05 0.00181624 0.0316083
139 0.000735873 0.00359597 0.0275914 7.8288e-05 0.0022167 0.0342191
140 0.000813271 0.00316439 0.0268445 7.949e-05 0.00277662 0.0336798
141 0.000820745 0.00320139 0.0270213 7.7558e-05 0.00285411 0.0339762
142 0.000809475 0.00311412 0.0268533 7.6571e-05 0.0102657 0.04112
143 0.000786211 0.00318936 0.0275194 8.1108e-05 0.0110977 0.0426747
144 0.0007772 0.00318238 0.0269028 0.00010711 0.00971801 0.0406888
145 0.000806549 0.00323317 0.0270908 8.1056e-05 0.00967535 0.0408876
146 0.000762701 0.0031909 0.0271389 8.2666e-05 0.00302507 0.0342019
147 0.000834525 0.00324599 0.0272404 8.2121e-05 0.00305488 0.0344587
148 0.000850602 0.00322968 0.0270294 8.2696e-05 0.0025118 0.0337051
149 0.00078436 0.00321061 0.0271629 8.2948e-05 0.00187812 0.03312
150 0.00110729 0.00347119 0.0269083 8.4968e-05 0.00189767 0.0334704
151 0.00077567 0.00328157 0.0271471 0.00011345 0.00246798 0.0337866
152 0.000936403 0.00320879 0.0270365 8.3644e-05 0.00243512 0.0337018
153 0.000804725 0.00317948 0.0271171 8.523e-05 0.00292342 0.0341114
154 0.000826287 0.00315584 0.0269739 8.516e-05 0.00287545 0.0339179
155 0.000794938 0.00320437 0.0270729 8.6929e-05 0.00291887 0.0340794
156 0.000774129 0.00320035 0.0273151 8.7345e-05 0.0097795 0.0411575
157 0.000760081 0.00322861 0.0272858 8.907e-05 0.0113373 0.0427026
158 0.000900955 0.00315444 0.0274882 8.9193e-05 0.00948298 0.0411163
159 0.000900297 0.00317099 0.0188574 0.000103128 0.00926525 0.0322981
160 0.000837476 0.00320443 0.0275895 0.000103714 0.00305162 0.034788
161 0.000899161 0.00312706 0.0277146 9.036e-05 0.0031114 0.0349435
162 0.000765536 0.0031825 0.0274794 8.994e-05 0.00260373 0.0341223
163 0.000813892 0.00317944 0.0272299 0.000111896 0.00236829 0.0337041
164 0.000777234 0.00328248 0.0272734 8.9908e-05 0.00238055 0.0338043
165 0.00101088 0.00313749 0.0273338 9.2723e-05 0.00247324 0.0340491
166 0.000766181 0.00316273 0.0271845 0.000107988 0.00232991 0.0335525
167 0.000783069 0.00322804 0.0273565 9.4093e-05 0.00290814 0.0343711
168 0.000867366 0.0032631 0.0274698 9.2191e-05 0.00973048 0.0414238
169 0.000763411 0.00326211 0.0276969 9.3398e-05 0.00952126 0.0413385
170 0.000750468 0.003209 0.0275792 9.4609e-05 0.0113033 0.0429382
171 0.000770319 0.00324053 0.027601 9.468e-05 0.00989274 0.0416007
172 0.000833024 0.00317728 0.0277604 9.7522e-05 0.00946311 0.0413326
173 0.000999783 0.00322035 0.0276021 0.000124907 0.00298083 0.0349293
174 0.00078078 0.00325379 0.0274661 9.5485e-05 0.00290762 0.0345046
175 0.000802443 0.00320981 0.0276508 9.9141e-05 0.00268276 0.0344462
176 0.000848587 0.00317391 0.0272969 0.000101151 0.00249798 0.0339197
177 0.000881509 0.00317869 0.0276959 9.9029e-05 0.00212939 0.0339858
178 0.00080157 0.00321848 0.0274316 9.9881e-05 0.00195432 0.0335067
179 0.000814929 0.00315522 0.027579 0.000114478 0.0024732 0.0341383
180 0.000818675 0.00317543 0.0275676 0.000100608 0.00297579 0.0346389
181 0.000775324 0.00327091 0.0216602 0.000101586 0.0023478 0.028157
182 0.000792919 0.00321582 0.0274498 9.5409e-05 0.00954693 0.0411026
183 0.000762771 0.00326434 0.0277752 9.6948e-05 0.00978451 0.0416845
184 0.000801938 0.00319215 0.0276507 9.9157e-05 0.0110925 0.0428376
185 0.000770642 0.00326775 0.0275306 0.00011323 0.0097514 0.0414349
186 0.000798485 0.00314052 0.0275089 0.000100907 0.00969431 0.0412444
187 0.000771949 0.00327101 0.0274254 0.000101281 0.00294461 0.034515
188 0.000795205 0.00324887 0.027928 0.000105485 0.00265382 0.0347327
189 0.000866515 0.00323944 0.027848 0.000100035 0.00224255 0.034298
190 0.000781509 0.00325025 0.0272132 0.000100074 0.00232316 0.0336691
191 0.000797433 0.0034086 0.0271422 9.949e-05 0.00231461 0.0337635
192 0.000826622 0.00319809 0.0273267 0.000100829 0.00235499 0.033808
193 0.000836621 0.0032558 0.0273329 0.000103528 0.00279846 0.0343281
194 0.000773306 0.00324046 0.027388 0.000102458 0.00280918 0.0343146
195 0.000767087 0.00315457 0.02737 0.000120271 0.0095369 0.0409494
196 0.000826858 0.00320933 0.0273791 0.000105576 0.00972521 0.0412472
197 0.000769842 0.00317896 0.0277413 0.000107229 0.011394 0.0431926
198 0.000770336 0.00325167 0.0276697 0.000104304 0.0118451 0.0436426
199 0.000764505 0.00327975 0.0276834 0.000105827 0.00297904 0.0348144
200 0.000769153 0.0033023 0.0277234 0.000106091 0.00265513 0.0345574
201 0.000765029 0.00334044 0.0275054 0.000107616 0.00297337 0.0346929
202 0.000863497 0.00324862 0.0276544 0.000108685 0.00254925 0.034426
203 0.000761267 0.00333247 0.0274373 0.00010878 0.00231205 0.0339527
204 0.000747729 0.0032047 0.0271233 0.000116432 0.00235993 0.0335531
205 0.000820034 0.0032273 0.02714 0.000111613 0.002876 0.0341769
206 0.000771937 0.00326825 0.0273004 0.000112412 0.00275234 0.0342069
207 0.000750091 0.00323333 0.0274943 0.000115754 0.00268845 0.0342831
208 0.000770671 0.00321502 0.0271114 0.000111535 0.00978558 0.0409958
209 0.000795356 0.0031654 0.0272419 0.000127959 0.0111672 0.0424992
210 0.000798172 0.00319743 0.0273505 0.000115983 0.00970928 0.0411731
211 0.000761337 0.00318847 0.0272375 0.000114874 0.00266415 0.0339676
212 0.000768275 0.00325119 0.0268646 0.000115914 0.00290658 0.0339077
213 0.000789644 0.00326938 0.0273959 0.000146651 0.00303541 0.0346382
214 0.000756255 0.0031554 0.0270126 0.000117893 0.00257303 0.033616
215 0.000792394 0.00321455 0.0271479 0.000118951 0.00227446 0.033549
216 0.000768918 0.00323337 0.0271069 0.000121114 0.00232524 0.0335563
217 0.000758878 0.00316236 0.0267665 0.000120694 0.00283248 0.0336424
218 0.000789411 0.00319257 0.027017 0.000123753 0.00276565 0.0338894
219 0.00076701 0.00319274 0.0271666 0.000120664 0.00276609 0.0340141
220 0.000771107 0.00317483 0.0272061 0.000117892 0.00947197 0.0407436
221 0.000762623 0.00323741 0.0271435 0.000122199 0.00966565 0.0409324
222 0.000765299 0.00318483 0.0272403 0.000118864 0.0114173 0.0427274
223 0.000809618 0.0031538 0.02735 0.000120878 0.00967705 0.0411122
224 0.000865088 0.00318708 0.0274939 0.000121232 0.00296849 0.0346371
225 0.000834101 0.00324726 0.0276044 0.000122403 0.00267062 0.0344801
226 0.000763563 0.00321298 0.0278119 0.000138235 0.00265259 0.03458
227 0.000803882 0.0031388 0.027938 0.000128957 0.00216571 0.0341767
228 0.000794603 0.0151533 0.184413 0.000133343 0.016065 0.216561
229 0.000734662 0.00310467 0.0290186 0.000144431 0.00177306 0.0347766
230 0.000735362 0.00318744 0.0307902 0.000129378 0.00220439 0.0370484
231 0.000917239 0.00321747 0.0281582 0.000140078 0.0024314 0.0348657
232 0.000821202 0.00326344 0.027759 0.000124942 0.00950634 0.0414773
233 0.000756811 0.00318398 0.027364 0.000128738 0.00959683 0.0410311
234 0.000935307 0.00445186 0.0324985 0.000134564 0.0117828 0.0498045
235 0.00076485 0.00317027 0.0275255 0.000127107 0.00956854 0.041157
236 0.000828182 0.00323111 0.0275739 0.000127413 0.00286511 0.0346266
237 0.000776435 0.00353828 0.0277695 0.00013033 0.00232492 0.0345403
238 0.000759516 0.0031433 0.0276255 0.000131115 0.00265442 0.0343151
239 0.000824883 0.00313625 0.0283873 0.000133754 0.00208645 0.0345699
240 0.000795324 0.0031448 0.0272795 0.000130823 0.002312 0.0336638
241 0.00078381 0.00317255 0.0274576 0.000133259 0.00232093 0.0338697
242 0.000657952 0.00323534 0.0274269 0.000134805 0.00239337 0.0338492
243 0.000760794 0.00331316 0.0273541 0.000134641 0.00960411 0.0411675
244 0.000774122 0.00318505 0.0275837 0.000136433 0.00965496 0.0413355
245 0.000916776 0.0031775 0.0272507 0.000134261 0.009251 0.0407321
246 0.00098855 0.00369092 0.0296967 0.00014087 0.0101419 0.0446602
247 0.00076571 0.00315516 0.0273897 0.000167503 0.0108836 0.0423625
248 0.000806817 0.00319376 0.027719 0.000139134 0.00926474 0.0411244
249 0.000799175 0.0031636 0.0275524 0.000155086 0.0093899 0.0410615
250 0.000833419 0.00317799 0.027747 0.000141159 0.00289102 0.0347924
251 0.000766337 0.00315071 0.0276841 0.000141958 0.00264203 0.0343858
252 0.000820696 0.00316588 0.0279748 0.000151919 0.00214388 0.0342579
253 0.000823741 0.00320531 0.0275442 0.000139242 0.00230888 0.034023
254 0.000752365 0.00321515 0.0278325 0.000141602 0.0019079 0.0338509
255 0.000765447 0.00325502 0.027487 0.000147391 0.00271177 0.0343679
256 0.000811353 0.00314558 0.028315 0.000198325 0.00263065 0.0351021
257 0.000814288 0.00322156 0.027648 0.000150262 0.00948392 0.0413192
258 0.00078712 0.00321872 0.0275225 0.000148302 0.00961787 0.0412962
259 0.000756029 0.003143 0.0277231 0.000146836 0.0107808 0.0425508
260 0.000730815 0.00312719 0.0277078 0.000147812 0.00961644 0.0413314
261 0.000764689 0.00320746 0.0274764 0.000148953 0.00986842 0.0414678
262 0.000794711 0.00318873 0.0275433 0.000148724 0.00291055 0.0345872
263 0.000751197 0.00313635 0.0274464 0.000150726 0.00266636 0.0341523
264 0.000766557 0.00318669 0.0274557 0.000148189 0.00242045 0.0339784
265 0.000801388 0.00319998 0.0272114 0.000150506 0.00223157 0.0335966
266 0.000746668 0.00315883 0.0273401 0.000150889 0.00230263 0.0337004
267 0.000779521 0.00317642 0.0273148 0.000152663 0.00231232 0.0337367
268 0.000809751 0.00316337 0.0271066 0.000151671 0.00277752 0.0340106
269 0.000744191 0.0036523 0.0280307 0.000152891 0.00225695 0.034838
270 0.000709946 0.00308822 0.0285116 0.000150946 0.00896477 0.0414271
