5.55112e-17 2.22045e-16 0 -2.98023e-08
0.0541807 0.879235 0.0141895 0.889873
0.0697684 1.82433 0.00117018 1.84148
0.00341514 2.87551 -0.107737 2.8661
-0.12313 4.0219 -0.271606 3.99763
-0.355562 5.24872 -0.512246 5.18646
-0.622388 6.58694 -0.807 6.58432
-0.941959 8.04159 -1.1311 8.02413
-1.31795 9.60761 -1.54335 9.60711
-1.74603 11.2615 -2.02061 11.2644
-2.24733 13.0013 -2.57427 13.0452
-2.81937 14.8415 -3.18576 14.9011
-3.47158 16.7949 -3.8739 16.8484
-4.20623 18.801 -4.63606 18.8772
-5.00233 20.9242 -5.4241 21.0224
-5.89573 23.1412 -6.31882 23.2385
-6.89367 25.3849 -7.29443 25.4409
-7.98219 27.6887 -8.39304 27.8005
-9.16441 30.0597 -9.55985 30.1146
-10.4443 32.4921 -10.8336 32.5819
-11.8249 34.997 -12.2305 35.087
-13.2883 37.6162 -13.6794 37.5932
-14.808 40.3431 -15.2302 40.3292
-16.4055 43.1146 -16.8437 43.1061
-18.0467 45.8569 -18.4542 45.7703
-19.8228 48.5507 -20.1729 48.5201
-21.6751 51.1581 -22.0177 51.135
-23.5601 53.7342 -23.7662 53.5742
-25.4948 56.3134 -25.8634 56.3689
-27.4825 58.8647 -27.7811 58.9772
-29.5412 61.3609 -29.866 61.4785
-31.6783 63.8405 -32.0017 63.9491
-33.9024 66.2939 -34.2184 66.3802
-36.2506 68.682 -36.4585 68.7285
-38.6926 71.0526 -38.8395 71.1318
-41.1928 73.4057 -41.4051 73.5208
-43.7838 75.7356 -43.9355 75.8448
-46.4323 78.0513 -46.5865 78.1724
-49.1522 80.3613 -49.2792 80.4486
-51.9408 82.6467 -52.0592 82.7316
-54.8487 84.8619 -54.9129 84.9037
-57.8592 86.9837 -57.9392 87.0582
-60.9641 89.0272 -61.0254 89.0601
-64.1713 90.9595 -64.309 91.0142
-67.4867 92.8094 -67.6391 92.8432
-70.8583 94.5834 -71.0714 94.6326
-74.2625 96.2881 -74.4849 96.3563
-77.6761 97.9397 -77.8558 97.9768
-81.0631 99.533 -81.2331 99.5735
-84.3708 101.063 -84.6117 101.125
-87.6204 102.509 -87.8378 102.619
-90.7863 103.874 -91.0226 104.064
-93.8705 105.256 -94.0233 105.452
-96.8816 106.71 -97.0496 106.95
-99.8058 108.24 -99.9473 108.519
-102.636 109.9 -102.74 110.202
-105.378 111.659 -105.435 111.95
-107.976 113.472 -107.948 113.704
-110.448 115.333 -110.461 115.626
-112.785 117.226 -112.748 117.542
-115.015 119.133 -114.883 119.455
-117.123 121.057 -116.949 121.425
-119.079 122.948 -118.869 123.372
-120.896 124.857 -120.713 125.347
-122.564 126.794 -122.38 127.349
-124.115 128.785 -123.949 129.453
-125.557 130.849 -125.386 131.582
-126.901 132.986 -126.706 133.781
-128.166 135.163 -127.966 136.019
-129.39 137.439 -129.178 138.31
-130.625 139.817 -130.377 140.755
-131.85 142.308 -131.599 143.326
-133.054 144.929 -132.787 146.024
-134.221 147.697 -133.912 148.82
-135.286 150.585 -134.964 151.776
-136.188 153.655 -135.847 154.895
-136.902 156.886 -136.572 158.213
-137.415 160.268 -137.075 161.632
-137.716 163.797 -137.377 165.165
-137.812 167.452 -137.451 168.828
-137.693 171.19 -137.304 172.613
-137.342 175.019 -136.947 176.497
-136.765 178.911 -136.323 180.482
-135.962 182.88 -135.47 184.542
-134.921 186.888 -134.372 188.695
-133.677 190.928 -133.084 192.697
-132.176 194.967 -131.442 196.869
-130.412 198.974 -129.679 200.817
-128.325 202.908 -127.532 204.768
-125.88 206.684 -125.035 208.47
-123.116 210.266 -122.204 212.082
-120.073 213.663 -119.12 215.44
-116.798 216.868 -115.726 218.676
-113.327 219.882 -112.269 221.586
-109.742 222.622 -108.65 224.332
-106.071 225.055 -104.961 226.692
-102.33 227.163 -101.255 228.752
-98.5491 228.935 -97.5087 230.447
-94.7653 230.394 -93.7381 231.845
-91.0401 231.573 -90.0068 232.986
-87.3564 232.508 -86.3076 233.844
-83.7128 233.199 -82.6767 234.5
-80.1318 233.665 -79.1175 234.89
-76.5971 233.929 -75.6001 235.136
-73.2217 234.047 -72.2244 235.21
-69.9512 234.094 -68.9712 235.251
-66.7444 234.09 -65.7565 235.26
-63.6313 234.073 -62.671 235.214
-60.5882 234.081 -59.6427 235.207
-57.59 234.13 -56.6548 235.241
-54.6313 234.221 -53.6804 235.337
-51.6918 234.381 -50.7682 235.481
-48.79 234.6 -47.8648 235.675
-45.9147 234.881 -44.9971 235.918
-43.0566 235.221 -42.1424 236.224
-40.2266 235.615 -39.3038 236.588
-37.4365 236.072 -36.53 237.01
-34.6718 236.603 -33.7637 237.497
-31.8721 237.159 -30.9588 238.024
-29.03 237.739 -28.1255 238.572
-26.1642 238.361 -25.254 239.174
-23.2884 239.015 -22.3871 239.815
-20.4202 239.738 -19.5249 240.538
-17.5859 240.558 -16.7164 241.333
-14.7877 241.484 -13.9444 242.239
-12.0278 242.498 -11.1841 243.235
-9.29703 243.59 -8.43996 244.313
-6.61587 244.741 -5.77531 245.441
-4.00089 245.95 -3.14949 246.631
-1.44517 247.223 -0.574542 247.893
1.04535 248.561 1.94297 249.212
3.47195 249.951 4.39883 250.589
5.86499 251.41 6.79751 252.02
8.23512 252.948 9.21367 253.515
10.5837 254.573 11.5951 255.011
12.9533 256.177 14.0121 256.549
15.3464 257.781 16.4473 258.12
17.7511 259.4 18.8832 259.714
20.1889 261.03 21.3206 261.308
22.6477 262.667 23.7813 262.909
25.0994 264.306 26.2253 264.513
27.5258 265.954 28.6437 266.142
29.9363 267.632 31.0793 267.809
32.2862 269.361 33.411 269.504
34.6062 271.144 35.7192 271.285
36.8852 273.027 37.9791 273.147
39.097 274.999 40.1845 275.113
41.2908 277.097 42.3739 277.18
43.4393 279.297 44.506 279.344
45.5132 281.622 46.5847 281.651
47.5142 284.071 48.5927 284.072
49.4318 286.627 50.5152 286.59
51.2941 289.274 52.3921 289.21
53.1013 292.012 54.2302 291.923
54.8752 294.81 56.004 294.704
56.6464 297.643 57.7824 297.523
58.4455 300.513 59.5996 300.374
60.2524 303.405 61.4091 303.258
62.0439 306.331 63.1911 306.161
63.7612 309.296 64.8999 309.116
65.3499 312.312 66.4859 312.132
66.8068 315.364 67.9599 315.201
68.1161 318.458 69.268 318.282
69.2966 321.58 70.449 321.39
70.4443 324.702 71.5988 324.497
71.5445 327.823 72.697 327.619
72.5791 330.963 73.7209 330.723
73.5376 334.11 74.6822 333.877
74.4568 337.228 75.597 336.997
75.3394 340.28 76.502 340.031
76.2867 343.179 77.4437 342.95
77.2641 345.919 78.4308 345.673
78.2171 348.599 79.3786 348.355
79.0765 351.282 80.2551 351.037
79.7884 353.971 80.9671 353.698
80.2892 356.68 81.4889 356.414
80.5442 359.423 81.7744 359.162
80.5539 362.182 81.7827 361.906
80.3253 364.95 81.5778 364.662
79.9483 367.765 81.2365 367.471
79.5529 370.624 80.8487 370.34
79.1899 373.576 80.4901 373.281
78.8477 376.617 80.1516 376.322
78.4872 379.779 79.7884 379.498
78.1092 383.025 79.4159 382.751
77.7243 386.332 79.0302 386.058
77.3037 389.673 78.6403 389.395
76.7857 392.999 78.1418 392.728
76.1643 396.308 77.5212 396.022
75.4531 399.564 76.8142 399.297
74.6878 402.778 76.0226 402.522
73.8806 405.96 75.1912 405.689
73.0016 409.14 74.3608 408.849
72.077 412.325 73.4373 412.065
71.1423 415.518 72.5195 415.277
70.1995 418.733 71.581 418.505
69.2265 421.955 70.6207 421.722
68.2361 425.167 69.6187 424.868
67.2608 428.364 68.6181 428.062
66.3132 431.553 67.666 431.256
65.3917 434.718 66.739 434.433
64.5017 437.857 65.8469 437.582
63.6349 440.951 64.9714 440.676
62.7895 444.006 64.1382 443.74
61.9567 447.016 63.2997 446.748
61.1335 449.961 62.4716 449.706
60.3186 452.867 61.6373 452.607
59.4995 455.718 60.8308 455.451
58.6822 458.529 60.0177 458.246
57.8672 461.299 59.2222 461.029
57.0547 464.035 58.4303 463.757
56.2436 466.731 57.6224 466.489
55.4431 469.359 56.8447 469.122
54.6862 471.908 56.104 471.658
53.9576 474.335 55.4088 474.098
53.2567 476.667 54.7436 476.415
52.5824 478.964 54.0957 478.729
51.9565 481.262 53.4956 481.029
51.4126 483.574 52.9496 483.356
51.0139 485.899 52.5883 485.712
50.8129 488.249 52.3884 488.049
50.7981 490.61 52.4058 490.405
50.9787 492.984 52.6037 492.757
51.3453 495.367 52.9876 495.143
51.889 497.738 53.5463 497.551
52.5773 500.13 54.2481 499.922
53.4072 502.515 55.1034 502.3
54.397 504.885 56.0965 504.662
55.5186 507.215 57.2131 506.968
56.765 509.509 58.4531 509.264
58.192 511.73 59.8793 511.471
59.789 513.824 61.4795 513.582
61.5404 515.753 63.2121 515.499
63.41 517.523 65.0652 517.283
65.3979 519.217 67.0393 518.971
67.4967 520.815 69.1198 520.539
69.7206 522.307 71.3076 522.014
72.0676 523.642 73.6472 523.33
74.5493 524.809 76.1144 524.479
77.1538 525.815 78.7119 525.464
79.882 526.633 81.4483 526.278
82.7154 527.212 84.299 526.862
85.6408 527.586 87.2269 527.251
88.6443 527.748 90.2265 527.395
91.7106 527.694 93.291 527.328
94.8118 527.412 96.3933 527.041
97.9353 526.886 99.5042 526.503
101.063 526.158 102.632 525.74
104.195 525.225 105.769 524.799
107.306 524.079 108.877 523.638
110.385 522.744 111.942 522.312
113.46 521.282 115.015 520.858
116.567 519.769 118.105 519.359
119.739 518.237 121.267 517.833
122.982 516.641 124.476 516.248
126.165 515.061 127.729 514.653
129.459 513.419 131.013 513.013
132.785 511.74 134.294 511.343
136.165 510.03 137.665 509.639
139.6 508.311 141.073 507.912
143.11 506.549 144.583 506.127
146.673 504.761 148.141 504.346
150.295 502.938 151.734 502.527
153.967 501.082 155.428 500.668
157.696 499.214 159.135 498.771
161.458 497.334 162.892 496.862
165.217 495.417 166.611 494.938
168.985 493.501 170.371 492.995
172.746 491.587 174.122 491.063
176.518 489.689 177.91 489.127
180.295 487.82 181.694 487.248
184.037 485.97 185.426 485.405
187.779 484.136 189.159 483.579
191.5 482.306 192.879 481.736
195.18 480.47 196.568 479.833
198.815 478.621 200.182 477.965
202.394 476.753 203.753 476.09
205.912 474.88 207.256 474.214
209.296 473.041 210.64 472.378
212.515 471.275 213.863 470.599
215.581 469.587 216.914 468.917
218.489 468.019 219.819 467.351
221.328 466.599 222.667 465.944
224.157 465.368 225.518 464.716
226.992 464.316 228.372 463.677
229.883 463.425 231.278 462.814
232.821 462.731 234.253 462.124
235.78 462.243 237.238 461.654
238.782 461.946 240.24 461.36
241.848 461.906 243.303 461.303
244.968 462.147 246.396 461.549
248.086 462.682 249.473 462.079
251.187 463.496 252.535 462.866
254.278 464.58 255.598 463.932
257.288 465.915 258.544 465.247
260.242 467.523 261.457 466.835
263.107 469.351 264.287 468.662
265.866 471.381 267.055 470.703
268.559 473.556 269.745 472.887
271.204 475.84 272.4 475.183
273.82 478.207 274.974 477.524
276.385 480.591 277.519 479.916
278.915 482.977 280.007 482.338
281.391 485.347 282.455 484.666
283.81 487.633 284.881 486.938
286.165 489.76 287.245 489.05
288.479 491.699 289.564 490.995
290.753 493.425 291.862 492.72
292.944 494.909 294.046 494.199
295.05 496.208 296.137 495.474
297.158 497.296 298.257 496.559
299.275 498.08 300.383 497.328
301.409 498.553 302.557 497.831
303.638 498.806 304.783 498.067
305.826 498.756 307.001 498.003
307.97 498.413 309.169 497.665
310.083 497.866 311.326 497.116
312.168 497.169 313.438 496.458
314.242 496.345 315.556 495.661
316.287 495.404 317.624 494.74
318.242 494.294 319.59 493.653
320.068 492.959 321.437 492.329
321.692 491.423 323.077 490.785
323.028 489.68 324.481 489.085
324.128 487.907 325.625 487.284
325.083 486.074 326.55 485.462
325.902 484.156 327.351 483.515
326.542 482.161 327.977 481.508
326.975 480.111 328.402 479.49
327.2 477.981 328.629 477.353
327.208 475.816 328.653 475.175
326.987 473.575 328.455 472.958
326.613 471.312 328.085 470.672
326.102 468.984 327.586 468.361
325.485 466.585 326.978 465.957
324.771 464.117 326.29 463.498
324.015 461.569 325.56 460.965
323.241 458.937 324.784 458.334
322.428 456.222 323.979 455.62
321.582 453.439 323.135 452.831
320.701 450.59 322.241 449.989
319.803 447.709 321.323 447.097
318.882 444.813 320.415 444.233
317.934 441.902 319.469 441.335
317.026 438.983 318.561 438.418
316.159 436.053 317.696 435.501
315.357 433.105 316.89 432.557
314.634 430.139 316.145 429.576
314.024 427.175 315.521 426.608
313.546 424.189 315.039 423.618
313.186 421.192 314.668 420.633
312.967 418.184 314.45 417.618
312.865 415.18 314.347 414.625
312.873 412.155 314.342 411.63
312.99 409.162 314.458 408.623
313.203 406.159 314.677 405.598
313.52 403.164 315.014 402.586
313.924 400.189 315.432 399.592
314.41 397.253 315.921 396.665
314.957 394.351 316.472 393.742
315.564 391.486 317.079 390.874
316.211 388.683 317.738 388.056
316.876 385.97 318.416 385.363
317.575 383.412 319.106 382.823
318.278 381.083 319.823 380.514
318.941 378.965 320.495 378.417
319.536 376.961 321.114 376.453
320.052 374.977 321.679 374.505
320.455 373.03 322.113 372.566
320.668 371.084 322.358 370.629
320.639 369.179 322.353 368.721
320.367 367.308 322.106 366.873
319.812 365.452 321.599 365.034
318.978 363.612 320.834 363.22
317.917 361.899 319.811 361.515
316.653 360.26 318.561 359.882
315.183 358.649 317.144 358.287
313.573 357.007 315.564 356.658
311.803 355.326 313.817 354.995
309.912 353.572 311.952 353.255
307.954 351.681 310.037 351.36
305.919 349.71 308.03 349.386
303.815 347.661 305.958 347.337
301.671 345.531 303.833 345.211
299.493 343.322 301.657 343.017
297.312 341.064 299.463 340.744
295.144 338.751 297.279 338.425
293.011 336.384 295.143 336.07
290.937 333.945 293.093 333.636
288.992 331.405 291.15 331.103
287.171 328.759 289.335 328.466
285.462 326.046 287.579 325.718
283.831 323.246 285.924 322.908
282.269 320.363 284.35 320.018
280.755 317.392 282.836 317.065
279.274 314.371 281.339 314.046
277.775 311.309 279.842 310.999
276.264 308.193 278.351 307.89
274.757 305.022 276.862 304.701
273.207 301.794 275.337 301.475
271.62 298.532 273.79 298.238
270.024 295.206 272.208 294.913
268.364 291.836 270.563 291.55
266.612 288.477 268.805 288.181
264.728 285.132 266.925 284.845
262.759 281.8 264.949 281.538
260.702 278.472 262.894 278.219
258.621 275.176 260.797 274.914
256.506 271.838 258.701 271.646
254.344 268.488 256.548 268.29
252.174 265.097 254.357 264.897
249.945 261.679 252.166 261.523
247.697 258.254 249.941 258.125
245.448 254.808 247.652 254.621
243.193 251.335 245.374 251.15
240.896 247.824 243.068 247.653
238.557 244.277 240.74 244.112
236.175 240.691 238.402 240.56
233.763 237.092 235.988 236.903
231.333 233.458 233.627 233.299
228.838 229.808 231.191 229.635
226.343 226.169 228.764 226.075
223.819 222.534 226.304 222.529
221.286 218.901 223.805 218.913
218.752 215.265 221.324 215.297
216.25 211.635 218.87 211.678
213.762 207.998 216.439 208.082
211.317 204.351 214.032 204.435
208.894 200.677 211.651 200.77
206.508 196.99 209.281 197.109
204.178 193.291 206.927 193.413
201.928 189.548 204.686 189.687
199.74 185.759 202.515 185.89
197.634 181.951 200.418 182.08
195.568 178.118 198.373 178.233
193.561 174.282 196.382 174.413
191.624 170.408 194.416 170.543
189.717 166.528 192.459 166.642
187.816 162.622 190.532 162.731
185.959 158.682 188.654 158.811
184.094 154.738 186.774 154.859
182.24 150.794 184.894 150.917
180.398 146.846 183.04 146.964
178.592 142.9 181.21 143.032
176.795 138.933 179.367 139.078
174.975 134.968 177.527 135.123
173.137 131.052 175.648 131.169
171.222 127.194 173.703 127.324
169.204 123.404 171.653 123.527
167.059 119.698 169.47 119.817
164.779 116.076 167.18 116.21
162.369 112.525 164.744 112.702
159.843 109.067 162.207 109.279
157.243 105.701 159.572 105.903
154.586 102.373 156.881 102.602
151.852 99.0754 154.133 99.317
149.065 95.8122 151.327 96.0407
146.211 92.59 148.485 92.835
143.29 89.4389 145.553 89.6846
140.314 86.3185 142.519 86.5466
137.315 83.1885 139.505 83.4267
134.309 80.0227 136.505 80.2858
131.294 76.8549 133.489 77.1388
128.257 73.6803 130.429 73.9317
125.224 70.51 127.419 70.7517
122.172 67.3259 124.336 67.5472
119.104 64.1512 121.237 64.3656
116.004 60.9862 118.157 61.2354
112.861 57.8172 115.013 58.0874
109.667 54.6479 111.853 54.9785
106.495 51.4689 108.678 51.8488
103.294 48.293 105.457 48.703
100.126 45.1325 102.242 45.5437
96.9505 41.9772 99.0175 42.3701
93.7393 38.8037 95.8095 39.2437
90.5678 35.6321 92.5825 36.0823
87.4158 32.459 89.4104 32.9144
84.26 29.2959 86.2394 29.7626
81.1235 26.1294 83.1764 26.6808
77.9927 22.958 80.0503 23.5133
74.8906 19.7748 76.9283 20.3098
71.7804 16.5904 73.7556 17.0625
68.6304 13.3965 70.6199 13.863
65.4718 10.206 67.4567 10.6153
62.3143 7.00737 64.3468 7.4275
59.2062 3.80804 61.2961 4.23827
56.0919 0.584754 58.1845 0.997444
53.0081 -2.62566 55.1377 -2.20139
49.9557 -5.82235 52.1015 -5.38934
46.9351 -9.02104 49.1399 -8.53111
43.893 -12.2165 46.1812 -11.6452
40.9293 -15.2937 43.3042 -14.6858
38.0895 -18.3174 40.4829 -17.7245
35.4188 -21.2916 37.7932 -20.7066
32.8668 -24.1573 35.2146 -23.5757
30.5116 -26.943 32.8256 -26.3437
28.2828 -29.5528 30.6169 -28.9282
26.2709 -31.9812 28.5907 -31.3461
24.4065 -34.1191 26.717 -33.4954
22.6212 -35.9349 24.9232 -35.3126
20.8834 -37.4156 23.2072 -36.8079
19.1749 -38.5138 21.499 -37.9277
17.5161 -39.2606 19.8231 -38.669
15.8389 -39.7146 18.1434 -39.1396
14.1914 -39.8298 16.4374 -39.2845
12.6343 -39.6724 14.8618 -39.1331
11.1723 -39.2606 13.3772 -38.7191
9.78969 -38.6298 11.9911 -38.0758
8.49767 -37.7385 10.6895 -37.19
7.30895 -36.6169 9.48663 -36.0667
6.25632 -35.2826 8.44737 -34.7077
5.3777 -33.7296 7.58786 -33.1384
4.66673 -31.995 6.90226 -31.4124
4.11807 -30.0874 6.33131 -29.5053
3.67503 -28.0589 5.89008 -27.494
3.30698 -25.9135 5.5096 -25.3794
2.95068 -23.6717 5.13938 -23.1287
2.58965 -21.3542 4.75501 -20.8362
2.23535 -18.9419 4.35451 -18.4191
1.88322 -16.439 3.98315 -15.9379
1.5397 -13.8834 3.59919 -13.3767
1.22906 -11.3742 3.24753 -10.8706
0.914029 -8.93495 2.89634 -8.45576
0.572467 -6.59142 2.53934 -6.13735
0.172462 -4.32852 2.18702 -3.87471
-0.233814 -2.14809 1.78345 -1.69692
-0.6525 -0.0272375 1.36736 0.457593
-1.1288 2.02776 0.920848 2.50419
-1.68253 4.09175 0.404842 4.57928
-2.32685 6.15689 -0.193178 6.67137
-3.00658 8.22265 -0.878584 8.75068
