0 5.48095e-05 0.00424924 100 13.5135
0 5.23056e-05 0.00122034 200 13.6054
0 4.61509e-05 0.00399489 300 14.0845
10 4.25674e-05 0.00390651 100 13.5135
10 4.44176e-05 0.00126137 200 13.6986
10 4.02649e-05 0.00328736 300 14.1509
20 5.43728e-05 0.0026245 100 13.5135
20 5.31534e-05 0.00234989 200 13.6986
20 4.2723e-05 0.0047189 300 14.2857
30 4.22864e-05 0.0032796 100 13.5135
30 4.52156e-05 0.00148986 200 13.7931
30 3.75411e-05 0.00378764 300 14.3541
40 4.20036e-05 0.00373704 100 13.3333
40 4.72778e-05 0.00137782 200 13.8889
40 3.78923e-05 0.00393255 300 14.4928
50 4.02647e-05 0.00277411 100 13.3333
50 4.38776e-05 0.00112008 200 13.986
50 3.93667e-05 0.00406462 300 14.5631
60 4.97952e-05 0.00289492 100 13.3333
60 4.2777e-05 0.00240243 200 13.986
60 4.20353e-05 0.00456329 300 14.6341
70 4.44846e-05 0.00200736 100 13.3333
70 4.46852e-05 0.00251198 200 14.1844
80 5.48095e-05 0.00196875 100 13.5135
80 4.60645e-05 0.00293785 200 14.2857
90 5.48095e-05 0.00181088 100 13.5135
90 4.02648e-05 0.0031023 200 14.4928
100 6.32886e-05 0.00275168 100 13.6986
100 4.62582e-05 0.00271771 200 14.7059
110 6.78343e-05 0.00391431 100 14.0845
110 4.20037e-05 0.00300912 200 14.8148
120 5.50266e-05 0.00481536 100 14.2857
120 3.4613e-05 0.00340114 200 15.0376
130 4.31239e-05 0.00258808 100 14.4928
130 4.15758e-05 0.00333111 200 15.1515
140 4.31239e-05 0.00168859 100 14.7059
140 4.29855e-05 0.00298764 200 15.3846
150 3.58812e-05 0.00143411 100 14.9254
160 2.76214e-05 0.0016537 100 15.1515
170 2.71864e-05 0.00239154 100 15.3846
180 3.93665e-05 0.00275231 100 15.3846
190 5.39325e-05 0.00332824 100 15.625
200 5.71519e-05 0.00235016 100 15.625
