0 6.85337e-05 0.00796572 100 9.09091
0 2.19727e-05 0.00341048 200 7.63359
0 3.44116e-05 0.00319442 300 7.1599
0 3.37632e-05 0.00290496 400 6.89655
0 1.8374e-05 0.00169704 500 7.27802
0 1.44207e-05 0.00140908 600 7.27273
0 2.55156e-05 0.00186717 700 7.18686
0 2.15103e-05 0.00215288 800 7.30594
10 5.56727e-05 0.0105641 100 8.84956
10 2.48976e-05 0.00487629 200 7.72201
10 2.66451e-05 0.0049916 300 7.07547
10 2.63515e-05 0.00342776 400 6.93241
10 1.29187e-05 0.00224423 500 7.32064
10 1.51158e-05 0.00219079 600 7.2904
10 2.21905e-05 0.00239676 700 7.20165
10 2.03076e-05 0.00222941 800 7.33272
20 0.000150262 0.00487848 100 8.19672
20 4.2777e-05 0.00458003 200 7.7821
20 5.00079e-05 0.00487731 300 7.04225
20 3.64787e-05 0.0039397 400 6.96864
20 2.83037e-05 0.00232489 500 7.35294
20 2.7211e-05 0.00197788 600 7.29927
20 2.50925e-05 0.0021694 700 7.20906
20 2.1956e-05 0.0023762 800 7.35294
30 0.000151526 0.010033 100 7.75194
30 5.98024e-05 0.00788621 200 7.7821
30 7.14122e-05 0.00803962 300 7.00935
30 4.63552e-05 0.00652445 400 6.9808
30 3.69683e-05 0.00394934 500 7.37463
30 3.18325e-05 0.00357102 600 7.29927
30 2.82403e-05 0.00382426 700 7.19424
30 2.6039e-05 0.00402789 800 7.35971
40 7.19285e-05 0.00486073 100 7.57576
40 2.23759e-05 0.00213634 200 7.69231
40 4.23493e-05 0.00190502 300 6.99301
40 3.44838e-05 0.00136867 400 6.95652
40 2.24398e-05 0.000912145 500 7.37463
40 2.21679e-05 0.00143158 600 7.28155
40 2.07631e-05 0.00114295 700 7.15015
40 2.1614e-05 0.000965341 800 7.35294
50 8.03815e-05 0.00834695 100 7.40741
50 3.4613e-05 0.00500435 200 7.57576
50 5.40802e-05 0.00455957 300 6.97674
50 3.13369e-05 0.00363989 400 6.93241
50 3.03524e-05 0.00240089 500 7.36377
50 3.071e-05 0.00270306 600 7.19424
50 2.18145e-05 0.0024833 700 7.11382
50 2.39523e-05 0.00269158 800 7.33272
60 3.71864e-05 0.00490688 100 7.19424
60 1.89111e-05 0.0017834 200 7.40741
60 3.26335e-05 0.00114108 300 6.94444
60 2.51359e-05 0.000702747 400 6.92042
60 1.85804e-05 0.000707382 500 7.35294
60 1.61125e-05 0.00119647 600 7.05053
60 1.74108e-05 0.000819524 700 7.09939
60 1.71769e-05 0.00105604 800 7.30594
70 3.8136e-05 0.00426971 100 6.94444
70 2.23759e-05 0.00123298 200 7.22022
70 3.445e-05 0.00158557 300 6.84932
70 2.63515e-05 0.00138787 400 6.90846
70 2.19673e-05 0.00102319 500 7.33138
70 1.97338e-05 0.00137116 600 6.99301
70 2.05037e-05 0.00120142 700 7.0922
70 1.75312e-05 0.00146533 800 7.25295
80 1.19604e-05 0.0037293 100 6.71141
80 2.14233e-05 0.00327704 200 6.96864
80 1.79775e-05 0.00214772 300 6.62252
80 1.37566e-05 0.00106098 400 6.89655
80 1.9335e-05 0.000750223 500 7.27802
80 1.67573e-05 0.000898333 600 6.96056
80 1.64775e-05 0.000969153 700 7.0922
80 1.78783e-05 0.00141426 800 7.11111
90 5.98021e-05 0.0058643 100 6.53595
90 2.53719e-05 0.00641269 200 6.71141
90 3.66122e-05 0.00447731 300 6.39659
90 8.09723e-06 0.00152074 400 6.88468
90 1.78474e-05 0.000717219 500 7.1736
90 1.65585e-05 0.00120062 600 6.93642
90 1.52825e-05 0.00153729 700 7.08502
90 1.51486e-05 0.00209238 800 7.04846
100 6.80098e-05 0.00713153 100 6.45161
100 2.93985e-05 0.00715659 200 6.57895
100 2.77172e-05 0.0046671 300 6.34249
100 7.62329e-06 0.00143899 400 6.88468
100 9.66748e-06 0.000903172 500 7.0028
100 1.64783e-05 0.00121409 600 6.92841
100 1.23802e-05 0.00165118 700 7.08502
100 1.46612e-05 0.00207242 800 7.02371
110 0.000108196 0.0109776 100 6.53595
110 3.89097e-05 0.0115674 200 6.45161
110 3.72933e-05 0.0071471 300 6.36943
110 1.52466e-05 0.00237882 400 6.92042
110 1.58673e-05 0.00135893 500 6.98324
110 2.18368e-05 0.00206435 600 6.93642
110 1.56444e-05 0.00273677 700 7.09939
110 1.76582e-05 0.00317463 800 7.02988
120 9.71671e-05 0.0107282 100 6.75676
120 3.34749e-05 0.0113078 200 6.41026
120 3.24299e-05 0.00655249 300 6.43777
120 1.06419e-05 0.00205579 400 6.99301
120 1.19205e-05 0.00127841 500 7.02247
120 1.84143e-05 0.00196416 600 6.96864
120 1.95936e-05 0.00255958 700 7.13558
120 1.58927e-05 0.00292073 800 7.0609
130 8.18511e-05 0.0101635 100 6.99301
130 3.00005e-05 0.0102827 200 6.45161
130 2.50567e-05 0.00573068 300 6.52174
130 8.45728e-06 0.00170679 400 7.06714
130 1.08306e-05 0.00113708 500 7.07214
130 1.45578e-05 0.00172458 600 7.00935
130 2.0563e-05 0.00234243 700 7.17949
130 1.6581e-05 0.00257808 800 7.09849
140 7.91861e-05 0.00938653 100 7.29927
140 2.54891e-05 0.0087697 200 6.53595
140 2.45224e-05 0.00472594 300 6.60793
140 4.72776e-06 0.00139289 400 7.14286
140 1.02887e-05 0.00103912 500 7.12251
140 1.49616e-05 0.00141737 600 7.05053
140 1.8795e-05 0.00198074 700 7.2314
140 1.42096e-05 0.00212126 800 7.13012
150 4.47518e-05 0.00805835 100 7.57576
150 3.36525e-05 0.00682346 200 6.62252
150 2.63451e-05 0.00356749 300 6.68151
150 5.32092e-06 0.00119824 400 7.22022
150 1.20002e-05 0.00110883 500 7.1736
150 1.79222e-05 0.00127596 600 7.08383
150 1.82166e-05 0.00177944 700 7.26895
150 1.4508e-05 0.00166807 800 7.16204
160 3.08816e-05 0.00608017 100 7.75194
160 4.48184e-05 0.00446492 200 6.66667
160 2.74772e-05 0.00224194 300 6.74157
160 1.05716e-05 0.00103564 400 7.27273
160 1.45505e-05 0.00111253 500 7.20461
160 1.63977e-05 0.00106163 600 7.0922
160 1.9001e-05 0.00139383 700 7.29927
160 1.4288e-05 0.00115133 800 7.17489
170 2.48976e-05 0.00569574 100 7.75194
170 5.19052e-05 0.00381332 200 6.71141
170 3.2225e-05 0.00215029 300 6.75676
170 1.60094e-05 0.00136343 400 7.31261
170 1.63702e-05 0.00142654 500 7.21501
170 1.81973e-05 0.00135628 600 7.08383
170 2.19922e-05 0.00164475 700 7.31452
170 1.27883e-05 0.00113998 800 7.16204
180 1.69146e-05 0.00548373 100 7.69231
180 4.69616e-05 0.00387335 200 6.73401
180 2.5528e-05 0.00213041 300 6.77201
180 1.79406e-05 0.00143761 400 7.32601
180 1.96287e-05 0.00166139 500 7.1736
180 1.82699e-05 0.0014242 600 7.05882
180 2.20475e-05 0.00173269 700 7.31452
180 1.05363e-05 0.001009 800 7.11744
190 3.52105e-05 0.00605052 100 7.57576
190 4.09983e-05 0.00444328 200 6.75676
190 2.05878e-05 0.00207343 300 6.78733
190 1.35383e-05 0.00147961 400 7.35294
190 1.64574e-05 0.0018134 500 7.07214
190 2.00501e-05 0.00143485 600 7.05882
190 2.05748e-05 0.00180367 700 7.30689
190 1.33722e-05 0.00102623 800 7.08592
200 4.88281e-06 0.00574478 100 7.5188
200 3.86021e-05 0.00355124 200 6.77966
200 2.13459e-05 0.00157876 300 6.81818
200 1.8106e-05 0.00124508 400 7.36648
200 2.03445e-05 0.00133369 500 6.99301
200 1.63167e-05 0.00115825 600 7.07547
200 2.14206e-05 0.00155473 700 7.30689
200 8.36873e-06 0.0007921 800 7.07965
210 3.12653e-05 0.00548832 100 7.40741
210 4.52815e-05 0.00335553 200 6.77966
210 3.17697e-05 0.00187796 300 6.86499
210 2.22423e-05 0.00142133 400 7.39372
210 1.91616e-05 0.00170405 500 6.98324
210 2.05073e-05 0.00152393 600 7.10059
210 1.95065e-05 0.00191821 700 7.29167
210 9.65053e-06 0.000785999 800 7.0922
220 3.65396e-05 0.00605438 100 7.35294
220 3.24809e-05 0.00303358 200 6.68896
220 2.26114e-05 0.00164977 300 6.91244
220 2.30323e-05 0.00133343 400 7.42115
220 1.78741e-05 0.00146645 500 6.99301
220 1.92925e-05 0.00134771 600 7.12589
220 1.92175e-05 0.00169292 700 7.2314
220 7.03893e-06 0.000664515 800 7.1048
230 4.44846e-05 0.00536968 100 7.14286
230 2.32896e-05 0.00302222 200 6.51466
230 1.93952e-05 0.001731 300 6.94444
230 2.68556e-05 0.00154667 400 7.40741
230 1.53168e-05 0.00161211 500 7.0028
230 1.64179e-05 0.00145 600 7.15137
230 1.80016e-05 0.0015834 700 7.15015
230 9.95456e-06 0.00060534 800 7.12378
240 6.21482e-05 0.00328972 100 6.89655
240 6.93984e-05 0.00263587 200 6.32911
240 1.84143e-05 0.00106449 300 6.97674
240 3.41145e-05 0.000679914 400 7.35294
240 2.68867e-05 0.00132328 500 7.01262
240 2.00005e-05 0.00153765 600 7.16846
240 2.28601e-05 0.00170875 700 7.12106
240 1.43531e-05 0.000463675 800 7.13649
250 7.3729e-05 0.00245398 100 6.71141
250 6.71725e-05 0.00122064 200 6.26959
250 2.13459e-05 0.000826928 300 7.00935
250 2.04628e-05 0.000649552 400 7.19424
250 2.12165e-05 0.000638287 500 7.01262
250 1.92925e-05 0.000945069 600 7.18563
250 2.00599e-05 0.00111178 700 7.1066
250 1.22223e-05 0.000300442 800 7.14286
260 8.18511e-05 0.00251499 100 6.36943
260 4.91932e-05 0.00144675 200 6.26959
260 2.26699e-05 0.000759576 300 7.04225
260 1.48505e-05 0.000608961 400 7.0922
260 3.04778e-05 0.000793768 500 7.01262
260 2.03289e-05 0.00115029 600 7.19424
260 2.07631e-05 0.00108789 700 7.09939
260 1.14837e-05 0.000323681 800 7.14924
270 9.36689e-05 0.00334625 100 5.95238
270 5.07439e-05 0.00188413 200 6.26959
270 2.68925e-05 0.000928118 300 7.05882
270 2.45966e-05 0.00104397 400 7.06714
270 2.91012e-05 0.00136907 500 6.99301
270 2.51755e-05 0.00161369 600 7.20288
270 2.18034e-05 0.0011706 700 7.09939
270 1.26566e-05 0.00036467 800 7.15563
280 9.50586e-05 0.00236621 100 5.81395
280 4.65152e-05 0.00129367 200 6.28931
280 2.05878e-05 0.00103052 300 7.07547
280 2.00583e-05 0.000846904 400 7.06714
280 2.39608e-05 0.000944349 500 6.98324
280 2.39348e-05 0.00110939 600 7.21154
280 1.74248e-05 0.000644067 700 7.09939
280 1.11546e-05 0.000351133 800 7.16846
290 0.000115343 0.00195014 100 5.81395
290 5.08026e-05 0.00148644 200 6.30915
290 2.44683e-05 0.00102913 300 7.109
290 2.34808e-05 0.000892752 400 7.06714
290 2.51265e-05 0.00112967 500 6.96379
290 2.08754e-05 0.00140749 600 7.22022
290 1.89497e-05 0.000786699 700 7.0922
290 1.23134e-05 0.00043438 800 7.18133
300 0.000108746 0.00157455 100 5.88235
300 4.61292e-05 0.00126887 200 6.32911
300 2.79077e-05 0.000986913 300 7.1599
300 2.50766e-05 0.00119066 400 7.06714
300 2.54283e-05 0.0011892 500 6.94444
300 2.60674e-05 0.00137669 600 7.23764
300 1.69578e-05 0.000641091 700 7.06357
300 7.4503e-06 0.000442053 800 7.20072
310 9.83863e-05 0.00215022 100 5.95238
310 3.92149e-05 0.0011409 200 6.36943
310 2.53196e-05 0.0013867 300 7.19424
310 3.00999e-05 0.00189315 400 7.01754
310 2.50885e-05 0.00142764 500 6.93481
310 2.55282e-05 0.00154555 600 7.24638
310 1.26331e-05 0.000456081 700 7.02811
310 4.72777e-06 0.000433049 800 7.22022
320 9.14798e-05 0.00122431 100 6.0241
320 3.65397e-05 0.0011114 200 6.41026
320 2.62444e-05 0.00169559 300 7.24638
320 2.29999e-05 0.00218811 400 6.93241
320 2.4159e-05 0.00131403 500 6.94444
320 2.57092e-05 0.00134587 600 7.25514
320 1.58606e-05 0.000209608 700 7.00701
320 4.40131e-06 0.000473762 800 7.24638
330 7.81252e-05 0.000953748 100 6.09756
330 3.57148e-05 0.00133112 200 6.47249
330 2.56832e-05 0.00179459 300 7.29927
330 2.41071e-05 0.0018415 400 6.86106
330 1.92609e-05 0.00126463 500 6.9735
330 2.72718e-05 0.00126028 600 7.26392
330 1.03932e-05 0.00012819 700 7.00701
330 4.04862e-06 0.000555129 800 7.26612
340 6.45937e-05 0.000363694 100 6.17284
340 4.16474e-05 0.00165973 200 6.53595
340 2.68432e-05 0.00198292 300 7.35294
340 2.46269e-05 0.00178126 400 6.84932
340 2.15731e-05 0.00126005 500 7.01262
340 1.78296e-05 0.00114237 600 7.26392
340 9.35856e-06 0.000167046 700 7.02811
340 3.66211e-06 0.000680136 800 7.29262
350 5.23624e-05 0.00112687 100 6.13497
350 2.66326e-05 0.00223375 200 6.62252
350 2.79077e-05 0.00209981 300 7.38916
350 2.64362e-05 0.00171935 400 6.87285
350 1.7027e-05 0.00128258 500 7.05219
350 1.64783e-05 0.00098333 600 7.22892
350 6.72688e-06 0.000344832 700 7.04935
350 3.95553e-06 0.000831095 800 7.32601
360 3.78221e-05 0.0013395 100 6.0241
360 2.90928e-05 0.00303013 200 6.73401
360 2.59398e-05 0.0031146 300 7.44417
360 2.46873e-05 0.00258759 400 6.92042
360 2.00375e-05 0.00173826 500 7.0922
360 1.91893e-05 0.00118779 600 7.16846
360 9.25399e-06 0.000375446 700 7.07786
360 2.92714e-06 0.0011071 800 7.35971
370 4.58049e-05 0.00234481 100 5.91716
370 2.96005e-05 0.00350431 200 6.82594
370 2.82848e-05 0.00375247 300 7.4813
370 2.08951e-05 0.00311763 400 6.95652
370 1.79274e-05 0.00190834 500 7.14286
370 1.6895e-05 0.0011439 600 7.14286
370 1.33994e-05 0.00041106 700 7.11382
370 3.95553e-06 0.00126107 800 7.40056
380 5.25896e-05 0.00175144 100 5.81395
380 2.58374e-05 0.00303111 200 6.94444
380 3.67927e-05 0.00316766 300 7.5
380 1.81881e-05 0.00238407 400 7.00525
380 9.21288e-06 0.00146559 500 7.19424
380 1.36418e-05 0.000665137 600 7.14286
380 8.01419e-06 0.000457207 700 7.15015
380 5.75805e-06 0.00110667 800 7.43494
390 0.000103581 0.00105667 100 5.81395
390 2.31612e-05 0.00323689 200 7.06714
390 3.135e-05 0.00324352 300 7.44417
390 1.64682e-05 0.00235415 400 7.05467
390 9.51836e-06 0.00144192 500 7.23589
390 1.40484e-05 0.000717991 600 7.1599
390 9.86479e-06 0.00046277 700 7.17949
390 4.56746e-06 0.00113738 800 7.47664
400 7.09271e-05 0.00143372 100 5.84795
400 2.65205e-05 0.00394215 200 7.16846
400 2.29602e-05 0.0042795 300 7.31707
400 1.60094e-05 0.00292795 400 7.0922
400 9.21288e-06 0.00162591 500 7.27802
400 1.17086e-05 0.00073996 600 7.16846
400 8.57158e-06 0.000567435 700 7.20906
400 7.01241e-06 0.00136733 800 7.51174
410 3.84473e-05 0.00163665 100 5.98802
410 2.56057e-05 0.00387019 200 7.29927
410 1.79037e-05 0.00401758 300 7.31707
410 2.06801e-05 0.00265499 400 7.14286
410 9.21288e-06 0.00145709 500 7.33138
410 1.18212e-05 0.000670206 600 7.20288
410 7.57728e-06 0.000615926 700 7.24638
410 5.75805e-06 0.00131865 800 7.54717
420 5.02717e-05 0.00234359 100 6.21118
420 2.77291e-05 0.00407064 200 7.46269
420 2.00665e-05 0.00400812 300 7.37101
420 2.19727e-05 0.00265007 400 7.19424
420 8.62477e-06 0.00144084 500 7.39645
420 1.20432e-05 0.000619353 600 7.24638
420 5.03007e-06 0.000696823 700 7.28408
420 7.42526e-06 0.00134407 800 7.59734
430 4.47518e-05 0.00305315 100 6.41026
430 3.0978e-05 0.0049073 200 7.63359
430 2.00665e-05 0.00463586 300 7.46269
430 1.76897e-05 0.00310887 400 7.25953
430 1.66016e-05 0.00162069 500 7.46269
430 1.07348e-05 0.000669823 600 7.2904
430 6.69062e-06 0.000882713 700 7.32984
430 5.98021e-06 0.0015633 800 7.64818
440 3.68644e-05 0.00348087 100 6.62252
440 3.0978e-05 0.00576511 200 7.7821
440 2.00004e-05 0.00547422 300 7.53769
440 1.57277e-05 0.00363155 400 7.31261
440 1.75238e-05 0.00178174 500 7.5188
440 1.14512e-05 0.000682245 600 7.33496
440 6.72688e-06 0.00102747 700 7.37619
440 5.39048e-06 0.00182246 800 7.68492
450 6.11816e-05 0.00446273 100 6.75676
450 2.9701e-05 0.00718654 200 7.90514
450 2.54241e-05 0.00680981 300 7.57576
450 1.434e-05 0.00441163 400 7.32601
450 1.89615e-05 0.00200094 500 7.55287
450 1.36903e-05 0.000650868 600 7.35294
450 1.11389e-05 0.00128842 700 7.39958
450 6.10352e-06 0.00226241 800 7.71456
460 8.18511e-05 0.00571958 100 6.80272
460 3.22044e-05 0.00860625 200 7.93651
460 2.80969e-05 0.00796955 300 7.57576
460 1.75204e-05 0.00487533 400 7.29927
460 1.52231e-05 0.0021966 500 7.5643
460 9.83322e-06 0.000514861 600 7.34394
460 1.16722e-05 0.00154506 700 7.41525
460 6.01127e-06 0.00265425 800 7.72201
470 7.91861e-05 0.00586381 100 6.80272
470 2.69662e-05 0.00801528 200 7.96813
470 2.38098e-05 0.00715267 300 7.53769
470 1.85129e-05 0.00405227 400 7.23327
470 2.15952e-05 0.00177301 500 7.5643
470 8.09724e-06 0.000431342 600 7.2904
470 1.04166e-05 0.00155913 700 7.431
470 4.28921e-05 0.00272932 800 7.70713
480 6.29107e-05 0.00741957 100 6.75676
480 2.84715e-05 0.00861383 200 8
480 1.91892e-05 0.00755869 300 7.37101
480 1.66929e-05 0.00396873 400 7.20721
480 2.17492e-05 0.00173163 500 7.55287
480 8.53524e-06 0.000452735 600 7.21154
480 1.15254e-05 0.0017383 700 7.43889
480 6.74156e-06 0.00263897 800 7.67754
490 6.76584e-05 0.00805438 100 6.80272
490 3.22968e-05 0.00860154 200 8.03213
490 4.55442e-05 0.00691363 300 7.1599
490 1.20844e-05 0.00365262 400 7.20721
490 1.43525e-05 0.00160319 500 7.53012
490 6.51042e-06 0.000384715 600 7.17703
490 1.00117e-05 0.00177997 700 7.45474
490 9.39626e-06 0.00261889 800 7.50469
500 6.71277e-05 0.00792202 100 6.89655
500 3.20188e-05 0.0081127 200 8.06452
500 4.29394e-05 0.0060753 300 7.0922
500 1.84726e-05 0.00318134 400 7.23327
500 1.33186e-05 0.00144909 500 7.5188
500 1.46032e-05 0.000419945 600 7.17703
500 8.45729e-06 0.0017525 700 7.47863
500 1.23285e-05 0.00245468 800 7.46965
510 6.1956e-05 0.00723855 100 7.0922
510 3.82921e-05 0.00698719 200 8.16327
510 3.91643e-05 0.00502339 300 7.12589
510 1.60094e-05 0.00267183 400 7.29927
510 1.09619e-05 0.00132192 500 7.48503
510 1.2712e-05 0.000405139 600 7.21154
510 8.25347e-06 0.00159561 700 7.5188
510 9.97325e-06 0.00219129 800 7.48363
520 5.3041e-05 0.00579984 100 7.40741
520 4.69616e-05 0.00534467 200 8.29876
520 2.5528e-05 0.00366183 300 7.21154
520 1.33163e-05 0.00202672 400 7.36648
520 1.44188e-05 0.000991572 500 7.44048
520 9.83322e-06 0.000345772 600 7.25514
520 7.70464e-06 0.00129492 700 7.56757
520 1.0729e-05 0.0017468 800 7.5188
530 5.02717e-05 0.00396203 100 7.69231
530 5.32095e-05 0.00357586 200 8.43882
530 1.86998e-05 0.00230167 300 7.29927
530 1.51486e-05 0.00135623 400 7.44879
530 1.71665e-05 0.000724796 500 7.4184
530 3.9868e-06 0.00024302 600 7.30816
530 6.72688e-06 0.000923721 700 7.61697
530 1.10708e-05 0.00129769 800 7.56144
540 5.67332e-05 0.00377568 100 8.13008
540 5.65229e-05 0.00377962 200 8.62069
540 1.59472e-05 0.00224341 300 7.38916
540 1.07116e-05 0.00122314 400 7.53296
540 1.51918e-05 0.000506724 500 7.44048
540 5.92457e-06 0.000265451 600 7.36196
540 8.54315e-06 0.000922283 700 7.67544
540 1.25383e-05 0.00138098 800 7.60456
550 7.27524e-05 0.00952873 100 8.54701
550 4.2216e-05 0.00886514 200 8.69565
550 2.34172e-05 0.00578332 300 7.5
550 1.13203e-05 0.00277869 400 7.61905
550 9.66748e-06 0.0011156 500 7.47384
550 1.20432e-05 0.000522938 600 7.41656
550 1.01803e-05 0.00203724 700 7.72627
550 1.19293e-05 0.00275658 800 7.64818
560 0.000119405 0.0157367 100 8.84956
560 4.09255e-05 0.0142516 200 8.62069
560 3.02753e-05 0.00888527 300 7.55667
560 2.18367e-05 0.0040184 400 7.69231
560 1.54717e-05 0.00150963 500 7.48503
560 1.9172e-05 0.00100399 600 7.45342
560 1.76743e-05 0.00316856 700 7.77778
560 1.46739e-05 0.0042738 800 7.68492
570 7.2424e-05 0.0123127 100 9.09091
570 5.05674e-05 0.0107917 200 8.29876
570 1.28158e-05 0.00638566 300 7.59494
570 1.34831e-05 0.0028827 400 7.73694
570 1.23527e-05 0.00103671 500 7.48503
570 1.19604e-05 0.000847993 600 7.4813
570 1.20213e-05 0.00244979 700 7.8125
570 1.33583e-05 0.0031498 800 7.70713
580 5.65227e-05 0.00423108 100 9.25926
580 2.65205e-05 0.00267462 200 8.09717
580 2.16539e-05 0.00204456 300 7.57576
580 1.28029e-05 0.00109355 400 7.75194
580 1.86317e-05 0.000555749 500 7.48503
580 1.81972e-06 0.000375969 600 7.49064
580 1.18788e-05 0.000836212 700 7.83875
580 1.35932e-05 0.000830175 800 7.72201
590 5.45916e-05 0.00574472 100 9.34579
590 2.34172e-05 0.0039735 200 8.03213
590 2.64955e-05 0.0025742 300 7.53769
590 2.1562e-05 0.00113959 400 7.75194
590 1.6999e-05 0.000530739 500 7.47384
590 5.9802e-06 0.0005125 600 7.5
590 6.00051e-06 0.00109118 700 7.85634
590 1.01949e-05 0.00111813 800 7.73694
600 6.88807e-05 0.00569465 100 9.34579
600 2.18366e-05 0.00383566 200 8
600 1.21799e-05 0.00258166 300 7.4813
600 1.56327e-05 0.000935667 400 7.76699
600 1.53479e-05 0.000394828 500 7.46269
600 4.60356e-06 0.000515181 600 7.50939
600 9.22766e-06 0.00105414 700 7.86517
600 1.1976e-05 0.00107621 800 7.75194
610 8.08251e-05 0.00548016 100 9.52381
610 1.92237e-05 0.00378192 200 7.96813
610 1.2712e-05 0.00260323 300 7.42574
610 2.06079e-05 0.000818363 400 7.76699
610 1.48103e-05 0.000497472 500 7.42942
610 8.01503e-06 0.000512187 600 7.52823
610 1.60284e-05 0.00104179 700 7.86517
610 1.36479e-05 0.000976281 800 7.75946
620 6.58729e-05 0.00519446 100 9.61539
620 2.02799e-05 0.00380085 200 7.87402
620 1.01644e-05 0.00211031 300 7.35294
620 2.14233e-05 0.000725003 400 7.76699
620 1.69709e-05 0.000545264 500 7.34214
620 6.71079e-06 0.000529491 600 7.54717
620 4.10559e-05 0.00110513 700 7.83875
620 1.33443e-05 0.000975948 800 7.77454
630 6.44088e-05 0.00397279 100 9.61539
630 5.9802e-06 0.00281923 200 7.5188
630 1.69146e-05 0.00143713 300 7.33496
630 2.72412e-05 0.000878231 400 7.73694
630 1.76053e-05 0.000523998 500 7.26744
630 6.03532e-06 0.00046352 600 7.55667
630 1.69147e-05 0.000733442 700 7.76915
630 1.24638e-05 0.000697742 800 7.78968
640 7.2424e-05 0.00331119 100 9.61539
640 3.0785e-05 0.00263209 200 7.22022
640 1.95313e-05 0.00143532 300 7.33496
640 2.46571e-05 0.000959597 400 7.70713
640 9.86281e-06 0.000635473 500 7.22543
640 8.49635e-06 0.000410956 600 7.5662
640 8.87831e-06 0.000625643 700 7.56757
640 1.28899e-05 0.000513802 800 7.79727
650 6.97407e-05 0.00330847 100 9.43396
650 3.90626e-05 0.00233761 200 7.11744
650 2.16539e-05 0.00104574 300 7.33496
650 2.28699e-05 0.00166949 400 7.56144
650 1.15549e-05 0.000655172 500 7.21501
650 9.20713e-06 0.000476474 600 7.57576
650 7.57728e-06 0.00067327 700 7.53498
650 1.19916e-05 0.000559997 800 7.80488
660 8.49949e-05 0.00246965 100 9.17431
660 3.75057e-05 0.00222931 200 7.06714
660 2.09702e-05 0.0010973 300 7.33496
660 2.65206e-05 0.00192224 400 7.29927
660 8.22867e-06 0.000701421 500 7.21501
660 8.01503e-06 0.000423967 600 7.58534
660 1.03463e-05 0.000584968 700 7.52688
660 1.07983e-05 0.000638356 800 7.8125
670 8.49949e-05 0.00299933 100 8.40336
670 3.50408e-05 0.00211542 200 7.01754
670 2.59398e-05 0.00137997 300 7.33496
670 2.55475e-05 0.00205359 400 7.19424
670 1.09183e-05 0.000756641 500 7.21501
670 4.30624e-06 0.000459867 600 7.60456
670 6.23903e-06 0.000666904 700 7.52688
670 1.08499e-05 0.00082337 800 7.82779
680 2.53718e-05 0.0037042 100 7.40741
680 4.21453e-05 0.00193371 200 6.96864
680 2.9567e-05 0.00155849 300 7.33496
680 2.79966e-05 0.00233009 400 7.14286
680 1.27702e-05 0.000784789 500 7.20461
680 4.38246e-06 0.000461658 600 7.62389
680 5.7521e-06 0.000637926 700 7.53498
680 9.68906e-06 0.000590905 800 7.83546
690 1.38107e-05 0.00421376 100 7.0922
690 4.48184e-05 0.00206164 200 6.89655
690 3.97351e-05 0.00202765 300 7.31707
690 2.81028e-05 0.00261472 400 7.11744
690 1.08746e-05 0.000866776 500 7.20461
690 3.81707e-06 0.000496389 600 7.63359
690 6.46877e-06 0.000817109 700 7.53498
690 8.52311e-06 0.000689984 800 7.85083
700 4.22864e-05 0.00389042 100 6.94444
700 5.02125e-05 0.00208781 200 6.82594
700 4.20353e-05 0.00266818 300 7.31707
700 2.99758e-05 0.00262469 400 7.0922
700 1.62533e-05 0.000824846 500 7.20461
700 2.15312e-06 0.000464995 600 7.64331
700 8.07467e-06 0.000808882 700 7.5431
700 9.43583e-06 0.000676818 800 7.85855
710 5.60993e-05 0.00467902 100 6.84932
710 4.63226e-05 0.00234802 200 6.71141
710 3.49842e-05 0.00338983 300 7.29927
710 2.57509e-05 0.00325854 400 7.05467
710 1.5379e-05 0.000974144 500 7.21501
710 2.15312e-06 0.000502427 600 7.63359
710 1.01324e-05 0.000999306 700 7.55124
710 9.23632e-06 0.000912596 800 7.86627
720 4.36732e-05 0.00552696 100 6.66667
720 5.33214e-05 0.00247251 200 6.57895
720 5.1547e-05 0.00405614 300 7.28155
720 2.10373e-05 0.00349163 400 6.95652
720 1.32468e-05 0.000948208 500 7.21501
720 6.02796e-05 0.000922779 600 7.60456
720 6.04092e-06 0.00115244 700 7.5594
720 1.06768e-05 0.00104514 800 7.86627
730 5.98021e-05 0.00571485 100 6.25
730 4.65792e-05 0.00307205 200 6.51466
730 4.85019e-05 0.00452275 300 7.24638
730 2.07161e-05 0.00373526 400 6.83761
730 1.20002e-05 0.000943543 500 7.22543
730 5.39815e-06 0.000579459 600 7.54717
730 6.76295e-06 0.0011787 700 7.56757
730 1.30764e-05 0.00118854 800 7.85855
740 0.000120399 0.0045737 100 5.78035
740 4.48184e-05 0.00326448 200 6.51466
740 4.76756e-05 0.00475953 300 7.19424
740 2.24424e-05 0.00353629 400 6.79117
740 1.15549e-05 0.000777018 500 7.23589
740 6.40789e-06 0.000515065 600 7.30816
740 8.62816e-06 0.000951665 700 7.57576
740 1.06768e-05 0.00107446 800 7.85855
750 0.000158147 0.00493559 100 5.64972
750 5.98024e-05 0.00455497 200 6.53595
750 4.41861e-05 0.00655022 300 7.109
750 3.10502e-05 0.00390609 400 6.79117
750 1.21188e-05 0.00086261 500 7.25689
750 3.72931e-06 0.000567734 600 7.27273
750 8.01419e-06 0.00118265 700 7.59219
750 1.12544e-05 0.00143379 800 7.85083
760 0.000147621 0.00604734 100 5.64972
760 6.56466e-05 0.00548187 200 6.60066
760 4.77866e-05 0.00789144 300 6.91244
760 3.25727e-05 0.00409345 400 6.81431
760 1.339e-05 0.000839951 500 7.28863
760 6.80876e-06 0.00070541 600 7.27273
760 7.04486e-06 0.00132376 700 7.61697
760 9.17562e-06 0.00160439 800 7.85083
770 0.0001181 0.00789648 100 5.71429
770 6.30057e-05 0.006544 200 6.66667
770 4.42161e-05 0.0086158 300 6.80272
770 3.3386e-05 0.00452468 400 6.84932
770 1.60763e-05 0.000908809 500 7.33138
770 7.84803e-06 0.000782315 600 7.29927
770 8.07467e-06 0.0015646 700 7.65027
770 1.1898e-05 0.00201556 800 7.85083
780 0.000120201 0.00888494 100 5.81395
780 6.06928e-05 0.00820754 200 6.75676
780 4.44551e-05 0.00968748 300 6.80272
780 3.04444e-05 0.00522939 400 6.89655
780 1.66303e-05 0.00114451 500 7.39645
780 1.23419e-05 0.000838952 600 7.34394
780 1.10292e-05 0.00185797 700 7.70077
780 1.6056e-05 0.0025891 800 7.84314
790 0.000109619 0.00890339 100 5.98802
790 6.14734e-05 0.00861635 200 6.89655
790 4.2443e-05 0.00959196 300 6.86499
790 3.20887e-05 0.00516229 400 6.96864
790 1.77939e-05 0.00108572 500 7.46269
790 1.13933e-05 0.000802272 600 7.39827
790 9.88942e-06 0.00181719 700 7.75194
790 1.65022e-05 0.00263518 800 7.83546
800 8.81618e-05 0.00735753 100 6.21118
800 5.32654e-05 0.00726162 200 7.04225
800 4.20983e-05 0.00790639 300 6.92841
800 2.54599e-05 0.00408493 400 7.04225
800 9.95903e-06 0.000808093 500 7.54148
800 7.63415e-06 0.00058314 600 7.46269
800 9.64028e-06 0.00122648 700 7.8125
800 1.32462e-05 0.00185769 800 7.83546
810 8.66616e-05 0.00179443 100 6.45161
810 4.68345e-05 0.0028146 200 7.22022
810 4.04618e-05 0.00348693 300 7.00935
810 1.73065e-05 0.00125193 400 7.11744
810 8.28641e-06 0.000157729 500 7.62195
810 1.02617e-05 8.74413e-05 600 7.5188
810 1.35977e-05 0.000742254 700 7.87402
810 1.15484e-05 0.00148882 800 7.8125
820 0.000106082 0.00165738 100 6.62252
820 6.09378e-05 0.00374667 200 7.32601
820 4.33386e-05 0.0043108 300 7.07547
820 1.45975e-05 0.00148927 400 7.18133
820 9.46813e-06 0.000259769 500 7.69231
820 8.98875e-06 6.13973e-05 600 7.5662
820 1.22816e-05 0.000699568 700 7.91855
820 9.43583e-06 0.00136259 800 7.7821
830 8.05296e-05 0.0030268 100 6.66667
830 5.57799e-05 0.00399605 200 7.40741
830 3.66845e-05 0.00436459 300 7.109
830 1.18352e-05 0.00193485 400 7.22022
830 7.93364e-06 0.000212048 500 7.73994
830 8.98875e-06 0.000312951 600 7.60456
830 1.05096e-05 0.000659562 700 7.96359
830 1.23436e-05 0.00139792 800 7.76699
840 6.83595e-05 0.003439 100 6.62252
840 5.53508e-05 0.00489652 200 7.46269
840 3.39465e-05 0.00485307 300 7.109
840 1.71768e-05 0.00210218 400 7.24638
840 7.75123e-06 0.000313869 500 7.77605
840 6.40789e-06 0.000417156 600 7.63359
840 9.69062e-06 0.000682798 700 7.99087
840 1.17562e-05 0.00144063 800 7.76699
850 6.01994e-05 0.0020382 100 6.53595
850 5.55657e-05 0.00471134 200 7.49064
850 3.94004e-05 0.00464043 300 7.109
850 1.46485e-05 0.00177642 400 7.27273
850 1.19205e-05 0.000378635 500 7.78816
850 1.21254e-05 0.000455557 600 7.65306
850 1.02518e-05 0.000799767 700 8.00915
850 1.3204e-05 0.00156919 800 7.7821
860 5.79803e-05 0.00225644 100 6.45161
860 6.16187e-05 0.00485289 200 7.5188
860 2.75254e-05 0.00441644 300 7.07547
860 1.06419e-05 0.00167062 400 7.29927
860 2.30064e-05 0.000291426 500 7.80031
860 1.23955e-05 0.000709315 600 7.68246
860 1.26138e-05 0.00106335 700 8.02752
860 1.42358e-05 0.00192632 800 7.80488
870 7.91861e-05 0.00421631 100 6.41026
870 6.21485e-05 0.00627274 200 7.57576
870 3.09674e-05 0.00534395 300 7.00935
870 1.57277e-05 0.00201882 400 7.35294
870 7.40622e-05 0.000338853 500 7.80031
870 1.14512e-05 0.000828883 600 7.71208
870 1.35798e-05 0.000962814 700 8.06452
870 1.35795e-05 0.00186341 800 7.83546
880 8.08251e-05 0.00709954 100 6.57895
880 5.52969e-05 0.0083539 200 7.69231
880 2.93873e-05 0.00690211 300 7.00935
880 2.25418e-05 0.00275636 400 7.42115
880 1.71387e-05 0.00096735 500 7.83699
880 9.38524e-06 0.00118917 600 7.77202
880 1.30685e-05 0.00136183 700 8.10185
880 1.56565e-05 0.00235508 800 7.88177
890 5.65227e-05 0.00353967 100 6.80272
890 4.95553e-05 0.00521081 200 7.84314
890 2.73806e-05 0.00439045 300 7.04225
890 1.98341e-05 0.00153752 400 7.5188
890 2.06931e-05 0.000705732 500 7.86164
890 1.44665e-05 0.000857641 600 7.8329
890 2.15565e-05 0.00136876 700 8.15851
890 1.69477e-05 0.00242796 800 7.93651
900 9.46816e-05 0.00384273 100 7.04225
900 6.12305e-05 0.00500695 200 8
900 2.94773e-05 0.0030629 300 7.109
900 2.48977e-05 0.00139267 400 7.60456
900 3.38999e-05 0.000932637 500 7.78816
900 2.63705e-05 0.00145919 600 7.90514
900 2.15452e-05 0.00300142 700 8.21596
900 2.36707e-05 0.00405011 800 7.98403
910 0.000103119 0.00573265 100 7.35294
910 6.63241e-05 0.00628005 200 8.16327
910 2.75734e-05 0.00304449 300 7.17703
910 1.97965e-05 0.00151105 400 7.69231
910 1.85804e-05 0.000647757 500 7.70416
910 2.29892e-05 0.00142877 600 7.96813
910 2.0265e-05 0.00305351 700 8.26446
910 2.03991e-05 0.00381905 800 8.0402
920 0.000103119 0.00625746 100 7.57576
920 5.98024e-05 0.00618233 200 8.19672
920 1.49173e-05 0.00320268 300 7.22892
920 2.32255e-05 0.00167625 400 7.76699
920 2.15952e-05 0.000961674 500 7.70416
920 2.86226e-05 0.00189579 600 8.02139
920 2.55061e-05 0.00359116 700 8.29384
920 2.38588e-05 0.0045341 800 8.08081
930 9.97103e-05 0.00572902 100 7.75194
930 6.27213e-05 0.00513006 200 8
930 1.78295e-05 0.00260795 300 7.26392
930 2.93986e-05 0.00151469 400 7.8125
930 2.52023e-05 0.000987637 500 7.70416
930 2.77055e-05 0.00204449 600 8.05369
930 2.386e-05 0.00367729 700 8.30368
930 2.37335e-05 0.00464691 800 8.10537
940 6.36642e-05 0.00204093 100 7.87402
940 5.38221e-05 0.00303367 200 7.57576
940 1.05481e-05 0.00141374 300 7.29927
940 2.1108e-05 0.000950075 400 7.85855
940 2.00613e-05 0.00095115 500 7.70416
940 2.28592e-05 0.0016825 600 8.08625
940 1.97297e-05 0.00286457 700 8.29384
940 2.15189e-05 0.00383331 800 8.13008
950 4.58049e-05 0.00221721 100 7.93651
950 4.28466e-05 0.00405461 200 7.38007
950 1.00332e-05 0.00269532 300 7.31707
950 2.24424e-05 0.00129185 400 7.90514
950 2.04613e-05 0.00145417 500 7.72798
950 2.14234e-05 0.00217548 600 8.11908
950 2.49467e-05 0.00317508 700 8.23529
950 2.14843e-05 0.00436384 800 8.15494
960 3.58812e-05 0.00427565 100 8.06452
960 3.3741e-05 0.00491884 200 7.29927
960 1.18491e-05 0.0030649 300 7.33496
960 2.0644e-05 0.00119938 400 7.95229
960 1.75782e-05 0.00162643 500 7.75194
960 2.078e-05 0.00250317 600 8.14111
960 2.35727e-05 0.0035778 700 8.10185
960 2.14061e-05 0.00461033 800 8.1716
970 4.50173e-05 0.00619065 100 8.13008
970 2.92969e-05 0.00627253 200 7.29927
970 2.10333e-05 0.00346805 300 7.37101
970 2.40761e-05 0.0014569 400 8
970 2.42967e-05 0.00216691 500 7.77605
970 2.44007e-05 0.00319098 600 8.17439
970 2.50343e-05 0.00430707 700 7.97267
970 2.40144e-05 0.00545777 800 8.19672
980 5.07437e-05 0.005988 100 8.26446
980 3.67836e-05 0.00588234 200 7.29927
980 2.17759e-05 0.00300595 300 7.40741
980 2.30969e-05 0.00156143 400 8.04829
980 2.30478e-05 0.00224366 500 7.8125
980 2.05718e-05 0.00312457 600 8.21918
980 2.45436e-05 0.00427744 700 7.93651
980 2.42306e-05 0.00549661 800 8.21355
990 5.71519e-05 0.00655302 100 8.40336
990 2.5017e-05 0.00581524 200 7.35294
990 2.09702e-05 0.0027408 300 7.44417
990 2.06801e-05 0.00147424 400 8.09717
990 2.03679e-05 0.00228863 500 7.84929
990 2.12371e-05 0.00327795 600 8.25309
990 2.2387e-05 0.00447626 700 7.95455
990 2.22258e-05 0.00550259 800 8.23893
1000 3.8136e-05 0.00601699 100 8.62069
1000 2.5017e-05 0.00546648 200 7.38007
1000 1.54408e-05 0.00226937 300 7.5188
1000 2.08237e-05 0.00141897 400 8.14664
1000 2.24611e-05 0.00230083 500 7.89889
1000 2.0475e-05 0.00330761 600 8.29876
1000 2.20144e-05 0.00455145 700 7.98176
1000 2.28702e-05 0.00558398 800 8.27301
1010 3.90625e-05 0.00572612 100 8.84956
1010 2.15619e-05 0.00502722 200 7.40741
1010 1.34216e-05 0.00199861 300 7.59494
1010 2.61243e-05 0.00144991 400 8.19672
1010 2.46281e-05 0.00238303 500 7.94913
1010 2.44955e-05 0.00348244 600 8.34492
1010 2.44044e-05 0.00476815 700 8.01833
1010 2.34572e-05 0.00581733 800 8.29876
1020 3.90625e-05 0.00523146 100 9.09091
1020 2.8576e-05 0.00431572 200 7.35294
1020 2.41413e-05 0.00171025 300 7.67263
1020 9.60233e-05 0.00192509 400 8.21355
1020 2.52401e-05 0.00285243 500 8
1020 2.84834e-05 0.00404242 600 8.37989
1020 2.51119e-05 0.00537692 700 8.06452
1020 2.6039e-05 0.00659068 800 8.33333
1030 3.71864e-05 0.00389426 100 9.17431
1030 2.88871e-05 0.00351801 200 7.22022
1030 3.13077e-05 0.00145118 300 7.73196
1030 3.25498e-05 0.00209273 400 8.21355
1030 2.76216e-05 0.00317092 500 8.03859
1030 2.83903e-05 0.00443978 600 8.41515
1030 2.70881e-05 0.00579156 700 8.10185
1030 2.61603e-05 0.00695159 800 8.35073
1040 5.56727e-05 0.0042931 100 9.09091
1040 1.00662e-05 0.00389882 200 7.0922
1040 2.52148e-05 0.00143828 300 7.77202
1040 2.99012e-05 0.00208074 400 7.98403
1040 2.58007e-05 0.00288285 500 8.07754
1040 2.4059e-05 0.00401751 600 8.42697
1040 2.38905e-05 0.00520728 700 8.13008
1040 2.51511e-05 0.00632179 800 8.3682
1050 4.08526e-05 0.00465681 100 8.84956
1050 2.65205e-05 0.00375676 200 7.04225
1050 2.60417e-05 0.00170625 300 7.79221
1050 2.68001e-05 0.00232051 400 7.70713
1050 2.96531e-05 0.00320043 500 8.09062
1050 2.89447e-05 0.00442788 600 8.41515
1050 2.55537e-05 0.00563282 700 8.13953
1050 2.84982e-05 0.00679103 800 8.3682
1060 4.36732e-05 0.00702686 100 7.87402
1060 3.95177e-05 0.00370859 200 7.01754
1060 3.5022e-05 0.00213125 300 7.8125
1060 3.64583e-05 0.00307491 400 7.66284
1060 2.89698e-05 0.00422997 500 8.10373
1060 3.25424e-05 0.0055662 600 8.37989
1060 2.85998e-05 0.00675684 700 8.14901
1060 2.9733e-05 0.00773375 800 8.3682
1070 4.39454e-05 0.00598826 100 6.94444
1070 2.08594e-05 0.00326239 200 6.99301
1070 3.11805e-05 0.00205605 300 7.8329
1070 3.28006e-05 0.00303635 400 7.64818
1070 3.01949e-05 0.00428775 500 8.11688
1070 3.05153e-05 0.00563442 600 8.31025
1070 2.67082e-05 0.00658019 700 8.15851
1070 2.74324e-05 0.00719152 800 8.37696
1080 4.39454e-05 0.00529287 100 6.66667
1080 2.34172e-05 0.00318064 200 6.99301
1080 2.49508e-05 0.0020778 300 7.87402
1080 2.96509e-05 0.00301608 400 7.64818
1080 2.76388e-05 0.00414815 500 8.14332
1080 2.90133e-05 0.0054548 600 8.16327
1080 2.40327e-05 0.00610384 700 8.16803
1080 2.43915e-05 0.00649103 800 8.39454
1090 1.95313e-05 0.0052898 100 6.53595
1090 3.06881e-05 0.00269787 200 6.99301
1090 3.65035e-05 0.00301017 300 7.91557
1090 3.28913e-05 0.00436417 400 7.67754
1090 3.2944e-05 0.00572757 500 8.16993
1090 3.14031e-05 0.00708733 600 7.94702
1090 2.80067e-05 0.00776771 700 8.18713
1090 2.78636e-05 0.00804352 800 8.40336
1100 3.38291e-05 0.00426279 100 6.49351
1100 3.76643e-05 0.00224392 200 6.99301
1100 3.91643e-05 0.00363754 300 7.95756
1100 3.891e-05 0.00508345 400 7.69231
1100 3.4665e-05 0.00657361 500 8.18331
1100 3.47948e-05 0.00802881 600 7.87402
1100 3.14598e-05 0.00884781 700 8.19672
1100 3.03715e-05 0.00905808 800 8.4122
1110 3.00997e-05 0.00310187 100 6.45161
1110 3.71865e-05 0.00205388 200 7.01754
1110 4.31548e-05 0.0039267 300 7.97872
1110 4.07068e-05 0.00543429 400 7.70713
1110 3.80239e-05 0.00711954 500 8.21018
1110 3.41512e-05 0.0086385 600 7.8637
1110 3.23746e-05 0.00945007 700 8.20633
1110 3.03654e-05 0.00949179 800 8.4122
1120 2.29024e-05 0.00459338 100 6.32911
1120 2.71864e-05 0.00190392 200 7.04225
1120 3.35541e-05 0.00341804 300 7.97872
1120 3.48278e-05 0.00464706 400 7.72201
1120 3.59878e-05 0.00594031 500 8.22368
1120 3.00781e-05 0.00725835 600 7.87402
1120 2.82058e-05 0.00793758 700 8.21596
1120 2.72006e-05 0.0078295 800 8.35073
1130 8.76192e-05 0.00422479 100 6.09756
1130 5.42632e-05 0.00343781 200 7.0922
1130 0.000139453 0.00530927 300 7.93651
1130 4.24101e-05 0.00622397 400 7.75194
1130 4.53665e-05 0.00761274 500 8.23723
1130 3.71604e-05 0.00909433 600 7.90514
1130 3.74287e-05 0.0102991 700 8.22562
1130 3.18036e-05 0.0100406 800 8.20513
1140 8.66616e-05 0.00423798 100 5.84795
1140 6.31475e-05 0.00359877 200 7.14286
1140 4.9769e-05 0.00552727 300 7.87402
1140 4.31589e-05 0.00660222 400 7.79727
1140 4.00516e-05 0.00786333 500 8.26446
1140 3.6066e-05 0.00926915 600 7.93651
1140 3.47313e-05 0.0104086 700 8.23529
1140 3.19381e-05 0.00966969 800 8.1716
1150 7.53285e-05 0.0046566 100 5.74713
1150 6.8621e-05 0.00463763 200 7.22022
1150 5.97363e-05 0.00654407 300 7.5188
1150 4.65317e-05 0.00768293 400 7.82779
1150 4.89854e-05 0.00903331 500 8.27815
1150 3.81108e-05 0.0103087 600 7.96813
1150 3.6839e-05 0.0113603 700 8.25472
1150 3.17919e-05 0.0100947 800 8.1716
1160 8.32948e-05 0.00370229 100 5.78035
1160 4.14322e-05 0.00381973 200 7.29927
1160 4.51058e-05 0.00540142 300 7.37101
1160 4.07982e-05 0.00660793 400 7.88955
1160 4.09465e-05 0.00802176 500 8.30565
1160 3.12975e-05 0.00884886 600 8.01068
1160 3.16141e-05 0.00943717 700 8.28402
1160 2.67865e-05 0.00796579 800 8.19672
1170 7.27524e-05 0.00401471 100 5.91716
1170 4.73408e-05 0.00502905 200 7.43494
1170 4.77311e-05 0.00627308 300 7.40741
1170 4.43509e-05 0.00742967 400 7.96813
1170 4.2095e-05 0.00877223 500 8.34725
1170 3.40152e-05 0.00945308 600 8.06452
1170 3.35845e-05 0.00991893 700 8.33333
1170 2.73099e-05 0.00825342 800 8.23893
1180 9.65517e-05 0.00524352 100 6.13497
1180 5.58333e-05 0.00633029 200 7.63359
1180 4.74528e-05 0.00731014 300 7.5
1180 4.26728e-05 0.00822431 400 8.08081
1180 4.2027e-05 0.00940207 500 8.41751
1180 3.3267e-05 0.00990772 600 8.14111
1180 3.25694e-05 0.0101882 700 8.39329
1180 2.61104e-05 0.00838375 800 8.29016
1190 0.000119505 0.00667504 100 6.36943
1190 6.41309e-05 0.00806852 200 7.84314
1190 4.92876e-05 0.00887813 300 7.61421
1190 4.34343e-05 0.00961926 400 8.19672
1190 4.28028e-05 0.0105962 500 8.5034
1190 3.50792e-05 0.0109313 600 8.21918
1190 3.40092e-05 0.0110154 700 8.46433
1190 2.6203e-05 0.00903516 800 8.35946
1200 9.39231e-05 0.00755217 100 6.66667
1200 6.31947e-05 0.00858703 200 8.06452
1200 4.63514e-05 0.00918341 300 7.75194
1200 4.1933e-05 0.00982276 400 8.31601
1200 4.21743e-05 0.0107085 500 8.57633
1200 3.5305e-05 0.0109733 600 8.29876
1200 3.27779e-05 0.0109301 700 8.53659
1200 2.54163e-05 0.0088831 800 8.42105
1210 8.19966e-05 0.00719318 100 6.89655
1210 6.21964e-05 0.00853605 200 8.26446
1210 4.79526e-05 0.00913325 300 7.8534
1210 4.34171e-05 0.00984168 400 8.42105
1210 4.21177e-05 0.0107625 500 8.62069
1210 3.43542e-05 0.010978 600 8.3682
1210 3.24046e-05 0.0108012 700 8.59951
1210 2.46498e-05 0.00862425 800 8.47458
1220 8.88353e-05 0.00682666 100 7.14286
1220 6.39914e-05 0.0086854 200 8.43882
1220 4.97956e-05 0.00941328 300 7.93651
1220 4.45353e-05 0.0102153 400 8.51064
1220 4.50394e-05 0.0111946 500 8.60585
1220 3.35051e-05 0.0112946 600 8.42697
1220 3.27927e-05 0.0110009 700 8.65266
1220 2.46272e-05 0.00861293 800 8.52878
1230 7.00817e-05 0.00650028 100 7.29927
1230 5.78776e-05 0.00811032 200 8.62069
1230 4.7842e-05 0.00859376 300 8.02139
1230 4.44013e-05 0.00920167 400 8.60215
1230 4.05016e-05 0.0102281 500 8.48896
1230 3.18741e-05 0.0103152 600 8.47458
1230 3.19586e-05 0.0101082 700 8.70647
1230 2.11346e-05 0.00778712 800 8.56531
1240 7.3729e-05 0.00522666 100 7.40741
1240 5.76196e-05 0.00743935 200 8.77193
1240 5.04825e-05 0.00844732 300 8.08625
1240 4.62265e-05 0.00962568 400 8.65801
1240 4.14098e-05 0.0108428 500 8.29187
1240 3.44793e-05 0.0108958 600 8.52273
1240 3.24196e-05 0.0105749 700 8.73908
1240 2.75747e-05 0.00781009 800 8.60215
1250 7.67396e-05 0.00446402 100 7.46269
1250 5.11534e-05 0.00630549 200 8.88889
1250 4.44253e-05 0.00716268 300 8.15217
1250 4.35199e-05 0.00830219 400 8.7146
1250 3.86952e-05 0.0095483 500 8.21018
1250 3.55853e-05 0.00996489 600 8.54701
1250 3.24196e-05 0.00985525 700 8.76095
1250 2.55624e-05 0.00706657 800 8.63931
1260 7.4373e-05 0.00492068 100 7.57576
1260 5.96027e-05 0.00711448 200 8.96861
1260 5.09526e-05 0.00826745 300 8.19672
1260 4.60974e-05 0.00986305 400 8.77193
1260 3.88059e-05 0.0111095 500 8.19672
1260 3.46804e-05 0.0110634 600 8.57143
1260 3.36641e-05 0.0104548 700 8.78294
1260 2.61175e-05 0.00709567 800 8.65801
1270 8.22868e-05 0.00835162 100 7.69231
1270 5.26464e-05 0.00981754 200 9.04977
1270 4.81731e-05 0.00996079 300 8.24176
1270 4.09623e-05 0.0101466 400 8.81057
1270 3.48844e-05 0.0108213 500 8.22368
1270 3.35939e-05 0.0108106 600 8.59599
1270 2.94465e-05 0.0101133 700 8.76095
1270 2.20744e-05 0.00700097 800 8.69565
1280 5.85938e-05 0.00538702 100 7.93651
1280 5.11534e-05 0.00683168 200 9.13242
1280 4.89099e-05 0.00729127 300 8.33333
1280 4.14505e-05 0.00820099 400 8.88889
1280 3.63701e-05 0.0091347 500 8.29187
1280 3.01331e-05 0.0092754 600 8.63309
1280 2.90304e-05 0.00858196 700 8.71731
1280 2.08596e-05 0.00552607 800 8.73362
1290 8.05296e-05 0.00881625 100 8.26446
1290 0.000148209 0.0104775 200 9.25926
1290 4.01661e-05 0.0094171 300 8.4507
1290 3.75457e-05 0.00930777 400 8.98876
1290 3.11586e-05 0.0096496 500 8.3612
1290 2.99567e-05 0.00945606 600 8.69565
1290 2.50731e-05 0.00839419 700 8.63132
1290 1.80958e-05 0.00561454 800 8.78156
1300 9.00349e-05 0.00996654 100 8.62069
1300 0.000118001 0.0105833 200 9.38967
1300 4.21926e-05 0.0100143 300 8.59599
1300 3.94236e-05 0.00966159 400 9.09091
1300 2.96691e-05 0.00978781 500 8.44595
1300 2.87726e-05 0.00943202 600 8.75912
1300 2.35314e-05 0.00811119 700 8.62069
1300 2.11962e-05 0.00550563 800 8.83978
1310 6.93979e-05 0.00875453 100 9.09091
1310 3.6212e-05 0.00911406 200 9.47867
1310 4.12079e-05 0.00862379 300 8.72093
1310 3.52953e-05 0.00836937 400 9.1954
1310 2.8672e-05 0.00857762 500 8.53242
1310 2.72718e-05 0.00849628 600 8.82353
1310 2.39109e-05 0.00724388 700 8.64198
1310 1.73711e-05 0.00478205 800 8.88889
1320 8.24316e-05 0.00933395 100 9.43396
1320 5.36557e-05 0.00896099 200 9.04977
1320 4.2723e-05 0.00840983 300 8.84956
1320 3.73666e-05 0.00841962 400 9.25926
1320 3.27989e-05 0.00886552 500 8.60585
1320 3.25119e-05 0.00923266 600 8.87574
1320 2.73563e-05 0.00798803 700 8.6741
1320 2.10375e-05 0.00521087 800 8.93855
1330 5.6943e-05 0.00507821 100 9.70874
1330 4.04126e-05 0.00468759 200 8.51064
1330 4.62083e-05 0.00504715 300 8.92857
1330 4.45019e-05 0.00640638 400 9.28074
1330 3.22417e-05 0.00733071 500 8.65052
1330 3.27756e-05 0.00812647 600 8.90208
1330 2.97997e-05 0.00684705 700 8.69565
1330 2.19899e-05 0.00414812 800 8.96861
1340 8.48545e-05 0.00238822 100 9.90099
1340 5.82881e-05 0.00334742 200 8.40336
1340 5.13152e-05 0.00519947 300 8.98204
1340 4.39628e-05 0.0073465 400 9.28074
1340 3.60143e-05 0.00809539 500 8.68056
1340 3.66309e-05 0.00872908 600 8.92857
1340 3.16526e-05 0.00699021 700 8.71731
1340 2.19814e-05 0.00407157 800 8.99887
1350 6.45937e-05 0.0043973 100 10.101
1350 4.93142e-05 0.00359212 200 8.3682
1350 4.68064e-05 0.00436099 300 9.03614
1350 3.85251e-05 0.00598075 400 9.1954
1350 3.24775e-05 0.00669481 500 8.7108
1350 3.33962e-05 0.00731231 600 8.94188
1350 2.65529e-05 0.00570032 700 8.73908
1350 1.94933e-05 0.00331788 800 9.00901
1360 7.81252e-05 0.00497981 100 10.2041
1360 4.75293e-05 0.00341214 200 8.40336
1360 4.17825e-05 0.0039645 300 9.06344
1360 4.32279e-05 0.00531043 400 9.02935
1360 3.44718e-05 0.00651597 500 8.726
1360 3.44216e-05 0.00738252 600 8.96861
1360 2.6156e-05 0.00565176 700 8.76095
1360 2.0806e-05 0.00332928 800 9.02935
1370 8.99024e-05 0.00487884 100 10.5263
1370 5.40982e-05 0.0034459 200 8.43882
1370 4.89911e-05 0.00427653 300 9.11854
1370 3.80581e-05 0.00568 400 8.65801
1370 3.54e-05 0.00679957 500 8.75657
1370 3.26846e-05 0.00757445 600 8.98204
1370 2.79632e-05 0.00553487 700 8.78294
1370 1.97967e-05 0.00322346 800 9.03955
1380 6.67716e-05 0.00441891 100 10.6383
1380 5.19052e-05 0.00340083 200 8.47458
1380 4.59207e-05 0.00446668 300 9.17431
1380 3.53375e-05 0.00586023 400 8.40336
1380 3.19744e-05 0.00654624 500 8.77193
1380 3.10532e-05 0.00697532 600 8.9955
1380 2.57623e-05 0.00473284 700 8.80503
1380 1.6536e-05 0.00264881 800 9.04977
1390 6.36642e-05 0.00337717 100 10.7527
1390 4.60645e-05 0.00269339 200 8.51064
1390 3.90966e-05 0.00439735 300 9.20245
1390 3.2664e-05 0.00583353 400 8.35073
1390 3.19296e-05 0.0064733 500 8.78735
1390 3.19571e-05 0.00684107 600 8.9955
1390 2.41539e-05 0.00433973 700 8.82724
1390 1.40647e-05 0.00238229 800 9.04977
1400 8.5554e-05 0.00401237 100 10.7527
1400 6.0051e-05 0.00326553 200 8.51064
1400 4.02649e-05 0.00456809 300 9.23077
1400 3.78422e-05 0.00618025 400 8.35073
1400 3.71869e-05 0.0075252 500 8.77193
1400 3.46804e-05 0.00794216 600 8.92857
1400 2.45535e-05 0.00494222 700 8.83838
1400 1.68485e-05 0.00285698 800 9.03955
1410 0.000382351 0.00617349 100 10.3093
1410 5.13279e-05 0.0023269 200 8.51064
1410 3.95346e-05 0.00405936 300 9.20245
1410 2.97012e-05 0.005242 400 8.3682
1410 2.95887e-05 0.00604952 500 8.77193
1410 2.80971e-05 0.0059538 600 8.67052
1410 1.90649e-05 0.0032934 700 8.84956
1410 1.3005e-05 0.0017814 800 8.97868
1420 8.48545e-05 0.00256786 100 9.61539
1420 5.12116e-05 0.0021105 200 8.51064
1420 3.5022e-05 0.00387376 300 9.17431
1420 2.55475e-05 0.00456334 400 8.38574
1420 2.48402e-05 0.00495805 500 8.74126
1420 2.77294e-05 0.00423865 600 8.5592
1420 1.54251e-05 0.00206894 700 8.84956
1420 8.88687e-06 0.0011242 800 8.06452
1430 5.63114e-05 0.00256497 100 7.57576
1430 5.11534e-05 0.00286644 200 8.51064
1430 4.2224e-05 0.0047039 300 9.11854
1430 2.9525e-05 0.00543841 400 8.38574
1430 2.95403e-05 0.00616153 500 8.74126
1430 2.98349e-05 0.00503172 600 8.52273
1430 1.83894e-05 0.00275632 700 8.86076
1430 1.65698e-05 0.00145377 800 7.98403
1440 5.0034e-05 0.00238922 100 7.19424
1440 4.83376e-05 0.0028726 200 8.54701
1440 3.56963e-05 0.00449292 300 9.03614
1440 2.42918e-05 0.00466593 400 8.40336
1440 3.17048e-05 0.00500905 500 8.726
1440 2.29026e-05 0.00378701 600 8.52273
1440 1.36513e-05 0.00205723 700 8.86076
1440 1.01399e-05 0.000940146 800 7.96813
1450 5.34886e-05 0.0026778 100 7.04225
1450 4.29855e-05 0.00298299 200 8.54701
1450 3.73288e-05 0.00435722 300 8.84956
1450 2.51359e-05 0.00439411 400 8.40336
1450 2.66194e-05 0.00466656 500 8.726
1450 2.24204e-05 0.00340189 600 8.53485
1450 1.23606e-05 0.00184643 700 8.86076
1450 1.26566e-05 0.000755975 800 7.96813
1460 5.60993e-05 0.00343334 100 6.99301
1460 4.94349e-05 0.00363356 200 8.51064
1460 3.50976e-05 0.00471357 300 8.40336
1460 2.36704e-05 0.00458784 400 8.38574
1460 2.58007e-05 0.00483462 500 8.7108
1460 2.1346e-05 0.00342904 600 8.53485
1460 1.15885e-05 0.00195592 700 8.84956
1460 7.11787e-06 0.000811499 800 7.96813
1470 5.43728e-05 0.00392061 100 6.94444
1470 4.17903e-05 0.00386723 200 8.51064
1470 3.21427e-05 0.00472468 300 7.87402
1470 2.48377e-05 0.00481271 400 8.3682
1470 2.45117e-05 0.0050084 500 8.7108
1470 1.75488e-05 0.00342797 600 8.53485
1470 1.34176e-05 0.00204786 700 8.83838
1470 8.97032e-06 0.000702444 800 7.96813
1480 5.85938e-05 0.00316731 100 6.94444
1480 4.1288e-05 0.00344832 200 8.51064
1480 2.92064e-05 0.0045664 300 7.73196
1480 2.54891e-05 0.00481467 400 8.3682
1480 2.53908e-05 0.00514178 500 8.69565
1480 2.07959e-05 0.00328725 600 8.54701
1480 9.71569e-06 0.00195586 700 8.82724
1480 7.4503e-06 0.000581713 800 7.9602
1490 6.05942e-05 0.00421911 100 6.94444
1490 4.25675e-05 0.00359914 200 8.54701
1490 2.33606e-05 0.00462517 300 7.73196
1490 2.56929e-05 0.00497987 400 8.3682
1490 2.3881e-05 0.00514008 500 8.63558
1490 1.40012e-05 0.00326809 600 8.5592
1490 8.54315e-06 0.00200664 700 8.82724
1490 3.66211e-06 0.000513932 800 7.96813
1500 0.000106531 0.00901777 100 7.04225
1500 4.93746e-05 0.00753414 200 8.62069
1500 3.08388e-05 0.00739947 300 7.79221
1500 2.23759e-05 0.00664346 400 8.38574
1500 1.4219e-05 0.00576624 500 8.48896
1500 8.84016e-06 0.0041695 600 8.59599
1500 1.20213e-05 0.00320476 700 8.80503
1500 9.72743e-06 0.000970788 800 7.98403
1510 0.000322206 0.0372969 100 7.24638
1510 0.000172106 0.035021 200 8.73362
1510 0.000116377 0.031537 300 7.87402
1510 8.63901e-05 0.027476 400 8.43882
1510 5.15654e-05 0.0226987 500 8.33333
1510 5.24593e-05 0.0145911 600 8.64553
1510 5.17811e-05 0.0102867 700 8.77193
1510 4.08498e-05 0.00371235 800 8.00801
1520 6.58729e-05 0.00641945 100 7.46269
1520 4.27073e-05 0.00492405 200 8.84956
1520 2.50038e-05 0.0053727 300 7.97872
1520 2.52542e-05 0.00584417 400 8.51064
1520 2.0785e-05 0.00519949 500 8.33333
1520 1.16234e-05 0.00344866 600 8.69565
1520 1.87432e-05 0.00266645 700 7.87402
1520 1.9301e-06 0.000528474 800 8.0402
1530 6.58729e-05 0.0100113 100 7.87402
1530 5.74642e-05 0.00822269 200 9.09091
1530 2.90244e-05 0.00771342 300 8.10811
1530 2.72959e-05 0.00759227 400 8.62069
1530 1.53168e-05 0.00645387 500 8.40336
1530 1.38586e-05 0.00439588 600 8.78477
1530 2.66718e-05 0.0033212 700 7.87402
1530 1.06943e-05 0.000739538 800 8.08898
1540 6.55099e-05 0.00678853 100 8.40336
1540 3.9893e-05 0.00524966 200 9.43396
1540 2.31898e-05 0.00529969 300 8.31025
1540 2.40761e-05 0.00556772 400 8.77193
1540 1.78741e-05 0.00488458 500 8.51789
1540 1.07963e-05 0.00340853 600 8.88889
1540 2.71061e-05 0.00261895 700 7.92752
1540 7.17002e-06 0.000511741 800 8.15494
1550 7.17626e-05 0.00288467 100 9.00901
1550 3.82921e-05 0.00246573 200 9.7561
1550 2.02635e-05 0.00326765 300 8.49858
1550 2.27065e-05 0.0041528 400 8.90869
1550 2.38411e-05 0.00363435 500 8.62069
1550 9.27878e-06 0.00236278 600 8.9955
1550 2.45634e-05 0.00180027 700 7.99087
1550 2.51654e-06 0.00024826 800 8.22199
1560 7.32424e-05 0.00152299 100 9.61539
1560 3.79795e-05 0.00232686 200 10.0503
1560 2.08435e-05 0.00321273 300 8.67052
1560 2.4353e-05 0.00419381 400 9.04977
1560 2.75697e-05 0.00361582 500 8.726
1560 1.27899e-05 0.00220535 600 9.09091
1560 2.08216e-05 0.001582 700 8.03674
1560 3.55893e-06 0.000186448 800 8.28157
1570 7.79725e-05 0.0014527 100 10
1570 3.79009e-05 0.00316981 200 10.2564
1570 2.74289e-05 0.00341881 300 8.79765
1570 2.797e-05 0.00415865 400 9.13242
1570 2.99411e-05 0.00330584 500 8.78735
1570 1.48282e-05 0.00180057 600 9.16031
1570 1.68137e-05 0.00113748 700 8.06452
1570 8.02794e-06 0.000117792 800 8.31601
1580 5.87969e-05 0.00143791 100 10.4167
1580 2.9701e-05 0.00176817 200 10.2564
1580 2.46839e-05 0.00301393 300 8.87574
1580 3.01493e-05 0.00419318 400 9.1954
1580 2.58745e-05 0.00364964 500 8.83392
1580 1.04218e-05 0.00243971 600 9.20245
1580 1.32166e-05 0.00147876 700 8.08314
1580 5.62717e-06 0.000225475 800 8.35073
1590 5.71519e-05 0.00185836 100 10.6383
1590 2.83666e-05 0.00108622 200 10.0503
1590 1.48282e-05 0.00230811 300 8.92857
1590 2.03532e-05 0.00294008 400 9.23787
1590 1.9335e-05 0.00261478 500 8.88099
1590 5.63819e-06 0.00201947 600 9.23077
1590 1.98404e-05 0.00126961 700 8.10185
1590 7.24753e-06 0.000219565 800 8.3682
1600 5.09781e-05 0.00132934 100 10.7527
1600 4.45516e-05 0.00213535 200 9.43396
1600 3.04063e-05 0.00366175 300 8.92857
1600 3.2664e-05 0.00504239 400 9.25926
1600 3.15691e-05 0.00411023 500 8.8968
1600 1.2712e-05 0.00275692 600 9.24499
1600 1.5058e-05 0.0015438 700 8.11124
1600 1.15806e-05 0.000294812 800 8.37696
1610 4.25674e-05 0.000928021 100 10.7527
1610 3.21117e-05 0.00198407 200 8.51064
1610 3.3117e-05 0.00354174 300 8.95522
1610 3.37412e-05 0.00496941 400 9.25926
1610 2.25035e-05 0.00380585 500 8.91266
1610 1.20432e-05 0.00270927 600 9.24499
1610 1.48137e-05 0.00138215 700 8.12065
1610 1.06594e-05 0.000285253 800 8.37696
1620 3.31169e-05 0.00157622 100 10.8696
1620 3.2755e-05 0.00274808 200 8.19672
1620 2.90244e-05 0.00415296 300 8.95522
1620 2.6911e-05 0.00528326 400 9.25926
1620 1.72219e-05 0.0039763 500 8.94454
1620 1.08575e-05 0.00300804 600 9.24499
1620 1.45318e-05 0.00137605 700 8.12065
1620 6.71388e-06 0.000460574 800 8.3682
1630 3.38291e-05 0.00149922 100 10.8696
1630 4.10709e-05 0.00352518 200 8.13008
1630 4.21612e-05 0.00553407 300 8.92857
1630 3.46992e-05 0.00693149 400 9.1954
1630 2.40402e-05 0.00493495 500 8.96057
1630 1.37627e-05 0.00374343 600 9.21659
1630 1.46651e-05 0.00168664 700 8.12065
1630 8.86589e-06 0.000672898 800 8.3682
1640 3.16443e-05 0.00171096 100 10.8696
1640 3.50408e-05 0.003622 200 8.16327
1640 3.52106e-05 0.005438 300 8.92857
1640 2.91441e-05 0.00630155 400 8.90869
1640 1.8296e-05 0.00450212 500 8.96057
1640 1.52683e-05 0.00372825 600 9.17431
1640 1.07159e-05 0.00149329 700 8.12065
1640 8.36873e-06 0.000888049 800 8.37696
1650 5.05083e-05 0.00206474 100 10.7527
1650 3.34749e-05 0.00399092 200 8.19672
1650 3.48324e-05 0.00596706 300 8.87574
1650 2.58951e-05 0.00637381 400 8.58369
1650 1.49386e-05 0.0044428 500 8.97666
1650 2.34315e-05 0.00403321 600 8.94188
1650 8.59992e-06 0.00146732 700 8.11124
1650 8.92869e-06 0.00116973 800 8.37696
1660 6.42235e-05 0.00228796 100 10.5263
1660 3.93666e-05 0.00419668 200 8.19672
1660 3.85851e-05 0.00630706 300 8.84956
1660 2.96258e-05 0.00643127 400 8.51064
1660 1.39481e-05 0.00457571 500 8.97666
1660 3.71248e-05 0.00396916 600 7.82269
1660 1.04864e-05 0.00143391 700 8.11124
1660 7.76852e-06 0.00107606 800 8.3682
1670 5.0034e-05 0.00230088 100 10.2041
1670 3.67836e-05 0.00399212 200 8.23045
1670 3.42186e-05 0.0056917 300 8.82353
1670 2.63232e-05 0.00544517 400 8.49257
1670 1.3102e-05 0.00394718 500 8.97666
1670 3.15189e-05 0.00315411 600 7.79221
1670 8.48601e-06 0.0011259 700 8.11124
1670 9.29662e-06 0.0010561 800 8.35073
1680 5.6943e-05 0.00259003 100 9.70874
1680 4.02648e-05 0.00470033 200 8.23045
1680 3.65398e-05 0.00618641 300 8.82353
1680 2.45055e-05 0.00562368 400 8.49257
1680 1.38796e-05 0.00413937 500 8.97666
1680 2.82265e-05 0.00300295 600 7.7821
1680 9.14823e-06 0.00114315 700 8.11124
1680 1.16128e-05 0.00119089 800 8.34202
1690 6.93979e-05 0.00237512 100 8.62069
1690 4.44176e-05 0.00420034 200 8.19672
1690 3.89948e-05 0.00573684 300 8.82353
1690 3.14081e-05 0.00492255 400 8.51064
1690 1.58071e-05 0.0036563 500 8.97666
1690 2.00005e-05 0.00245345 600 7.7821
1690 1.34899e-05 0.000947225 700 8.11124
1690 1.18352e-05 0.00105234 800 8.33333
1700 6.65928e-05 0.00348441 100 7.04225
1700 4.96755e-05 0.00472838 200 8.19672
1700 4.10146e-05 0.00641646 300 8.79765
1700 3.06153e-05 0.00520072 400 8.51064
1700 1.39139e-05 0.00401219 500 8.96057
1700 2.42373e-05 0.00250189 600 7.7821
1700 1.41587e-05 0.00104254 700 8.10185
1700 1.29188e-05 0.00122127 800 8.33333
1710 5.3041e-05 0.0035796 100 6.49351
1710 4.51497e-05 0.00499581 200 8.16327
1710 3.89609e-05 0.00643724 300 8.77193
1710 2.54891e-05 0.00475068 400 8.52878
1710 1.21188e-05 0.0036608 500 8.94454
1710 1.65385e-05 0.00190869 600 7.7821
1710 1.08737e-05 0.00078338 700 8.09249
1710 1.16768e-05 0.00123639 800 8.33333
1720 1.29187e-05 0.00441616 100 6.41026
1720 3.00005e-05 0.00420563 200 8.13008
1720 2.93421e-05 0.00442005 300 8.69565
1720 2.04991e-05 0.00333599 400 8.54701
1720 1.02423e-05 0.00281625 500 8.92857
1720 1.62354e-05 0.00147859 600 7.77202
1720 1.37046e-05 0.00117032 700 8.08314
1720 1.87927e-05 0.00219364 800 8.33333
1730 5.3041e-05 0.00387291 100 6.45161
1730 4.75293e-05 0.00542194 200 8.13008
1730 4.0034e-05 0.00638203 300 8.37989
1730 2.42918e-05 0.00454748 400 8.54701
1730 1.71942e-05 0.00384643 500 8.86525
1730 1.32478e-05 0.0017393 600 7.77202
1730 1.12043e-05 0.00109629 700 8.09249
1730 1.43271e-05 0.00173537 800 8.32466
1740 3.34749e-05 0.00436966 100 6.53595
1740 3.16443e-05 0.00494841 200 8.13008
1740 3.55476e-05 0.00485943 300 8.02139
1740 1.434e-05 0.00367311 400 8.58369
1740 2.067e-05 0.00360991 500 8.69565
1740 1.57803e-05 0.0016334 600 7.7821
1740 1.35079e-05 0.00160006 700 8.10185
1740 1.87927e-05 0.0024731 800 8.31601
1750 8.73467e-05 0.00505316 100 6.62252
1750 6.06928e-05 0.00749434 200 8.13008
1750 4.6863e-05 0.00766026 300 7.97872
1750 2.97262e-05 0.0053615 400 8.62069
1750 4.30139e-05 0.00484669 500 7.44048
1750 1.5864e-05 0.00209981 600 7.79221
1750 9.43623e-06 0.00142747 700 8.11124
1750 1.28465e-05 0.00182191 800 8.32466
1760 4.50173e-05 0.00463723 100 6.71141
1760 3.45268e-05 0.00495214 200 8.16327
1760 3.50976e-05 0.00431707 300 7.97872
1760 1.44951e-05 0.00334136 400 8.65801
1760 3.83237e-05 0.00314291 500 7.4184
1760 1.2712e-05 0.00164289 600 7.80234
1760 1.73408e-05 0.00201185 700 8.12065
1760 2.06983e-05 0.00301833 800 8.34202
1770 5.28158e-05 0.0043375 100 6.84932
1770 4.7025e-05 0.00482406 200 8.23045
1770 3.82402e-05 0.0044871 300 8.0429
1770 1.26859e-05 0.00350859 400 8.69565
1770 3.40823e-05 0.00295071 500 7.42942
1770 1.36176e-05 0.00164452 600 7.8329
1770 1.62246e-05 0.001859 700 8.13008
1770 1.87132e-05 0.0026519 800 8.3682
1780 7.35672e-05 0.00483427 100 7.04225
1780 5.13859e-05 0.00532199 200 8.3682
1780 4.14323e-05 0.00485322 300 8.10811
1780 1.58221e-05 0.00397412 400 8.77193
1780 3.3074e-05 0.00314959 500 7.46269
1780 1.63977e-05 0.001959 600 7.87402
1780 1.34719e-05 0.00199728 700 8.15851
1780 1.91656e-05 0.00268975 800 8.40336
1790 5.43728e-05 0.00571841 100 7.24638
1790 4.38776e-05 0.00593556 200 8.54701
1790 3.72933e-05 0.00500137 300 8.21918
1790 1.28029e-05 0.00395005 400 8.86918
1790 3.1357e-05 0.00300014 500 7.5188
1790 1.4119e-05 0.0017589 600 7.92602
1790 1.73408e-05 0.00204761 700 8.19672
1790 1.98906e-05 0.0029283 800 8.44773
1800 6.85337e-05 0.00320711 100 7.57576
1800 4.87061e-05 0.00348093 200 8.73362
1800 4.04946e-05 0.00269807 300 8.35655
1800 1.18352e-05 0.00255239 400 8.96861
1800 2.66731e-05 0.00213835 500 7.58725
1800 1.79407e-05 0.0018941 600 7.97872
1800 2.10193e-05 0.00244464 700 8.24499
1800 2.25503e-05 0.00342619 800 8.50159
1810 7.2094e-05 0.00219237 100 7.93651
1810 5.5243e-05 0.00356663 200 9.00901
1810 5.21347e-05 0.00271894 300 8.52273
1810 1.44436e-05 0.002511 400 9.11162
1810 2.63855e-05 0.00217236 500 7.65697
1810 1.89112e-05 0.00197762 600 8.05369
1810 1.96556e-05 0.0024243 700 8.31354
1810 2.15189e-05 0.00334045 800 8.56531
1820 7.91861e-05 0.0020554 100 8.47458
1820 5.16174e-05 0.00393006 200 9.30233
1820 4.26919e-05 0.00288988 300 8.72093
1820 1.28029e-05 0.00253636 400 9.25926
1820 2.52967e-05 0.00212408 500 7.75194
1820 1.78482e-05 0.00185566 600 8.13008
1820 2.00962e-05 0.0023404 700 8.38323
1820 2.08864e-05 0.00330447 800 8.62999
1830 8.34378e-05 0.00256983 100 9.00901
1830 5.49726e-05 0.00467312 200 9.61539
1830 4.45146e-05 0.00358835 300 8.90208
1830 1.14512e-05 0.00299464 400 9.41177
1830 2.52967e-05 0.00235189 500 7.83699
1830 1.91201e-05 0.0018913 600 8.20793
1830 1.85344e-05 0.00225019 700 8.46433
1830 2.13713e-05 0.00317332 800 8.69565
1840 6.90535e-05 0.00231041 100 9.61539
1840 4.96755e-05 0.00419805 200 9.95025
1840 3.96684e-05 0.0031314 300 9.11854
1840 9.61183e-06 0.00262734 400 9.56938
1840 2.55219e-05 0.00199828 500 7.92393
1840 1.85933e-05 0.00172481 600 8.28729
1840 1.9779e-05 0.00232719 700 8.53659
1840 2.08686e-05 0.00335963 800 8.77193
1850 8.03815e-05 0.00199398 100 10.2041
1850 5.70478e-05 0.00429037 200 10.3093
1850 4.12079e-05 0.00317793 300 9.28793
1850 1.06419e-05 0.0027148 400 9.70874
1850 2.28609e-05 0.0021073 500 8.01282
1850 1.43285e-05 0.00193389 600 8.35655
1850 1.9268e-05 0.00238415 700 8.61009
1850 2.1871e-05 0.00334981 800 8.83002
1860 6.09864e-05 0.00216165 100 10.7527
1860 4.50175e-05 0.00359084 200 10.5263
1860 3.3077e-05 0.00200927 300 9.43396
1860 5.32092e-06 0.0016336 400 9.82801
1860 1.7027e-05 0.00102017 500 8.06452
1860 1.15949e-05 0.00122719 600 8.40336
1860 1.9419e-05 0.0021857 700 8.66337
1860 2.24344e-05 0.00333525 800 8.87902
1870 5.39325e-05 0.00304721 100 10.8696
1870 4.80903e-05 0.00425241 200 10.582
1870 2.92064e-05 0.00254826 300 9.52381
1870 6.90534e-06 0.00207259 400 9.85222
1870 1.6165e-05 0.0011995 500 8.09062
1870 1.42125e-05 0.00125237 600 8.42697
1870 2.06574e-05 0.0024798 700 8.68486
1880 5.21342e-05 0.00443107 100 10.8696
1880 4.47519e-05 0.00494843 200 10.1523
1880 2.51095e-05 0.00296088 300 9.55414
1880 1.20844e-05 0.00247249 400 9.80392
1880 1.48425e-05 0.00134069 500 8.09062
1880 1.30969e-05 0.00146823 600 8.42697
1880 2.17699e-05 0.00267357 700 8.6741
1890 4.47518e-05 0.00550355 100 10.6383
1890 4.48849e-05 0.00477971 200 9.04977
1890 1.82698e-05 0.00270166 300 9.52381
1890 1.62862e-05 0.00259448 400 9.54654
1890 1.14304e-05 0.000971088 500 8.07754
1890 1.59887e-05 0.00157657 600 8.42697
1890 2.12839e-05 0.00267349 700 8.64198
1900 3.8136e-05 0.00580282 100 10.4167
1900 4.63226e-05 0.00424447 200 8.81057
1900 7.9736e-06 0.00256097 300 9.52381
1900 4.20218e-05 0.00254689 400 7.64818
1900 1.24296e-05 0.00110261 500 8.05153
1900 1.68165e-05 0.00197923 600 8.41515
1900 2.41035e-05 0.00318867 700 8.63132
1910 3.08816e-05 0.00642274 100 10.2041
1910 4.10709e-05 0.00453588 200 8.73362
1910 6.08994e-06 0.00284539 300 9.52381
1910 3.77238e-05 0.0026124 400 7.57576
1910 1.58071e-05 0.00132545 500 8.03859
1910 2.18064e-05 0.00223364 600 8.37989
1910 2.53434e-05 0.00359102 700 8.62069
1920 5.25896e-05 0.00596839 100 10.2041
1920 3.80578e-05 0.00406669 200 8.73362
1920 3.9868e-06 0.00258619 300 9.52381
1920 3.96874e-05 0.00221158 400 7.56144
1920 1.80599e-05 0.00168062 500 8.05153
1920 2.30611e-05 0.00281172 600 8.3682
1920 2.64243e-05 0.00414327 700 8.62069
1930 4.25674e-05 0.00680295 100 10.2041
1930 3.6047e-05 0.00402822 200 8.77193
1930 5.39815e-06 0.00274749 300 9.52381
1930 2.57798e-05 0.00237015 400 7.56144
1930 9.95903e-06 0.00175859 500 8.05153
1930 2.50569e-05 0.00296049 600 8.35655
1930 2.70342e-05 0.00438024 700 8.63132
1940 2.76214e-05 0.00636284 100 10.2041
1940 3.73464e-05 0.00322925 200 8.81057
1940 1.34216e-05 0.00244074 300 9.52381
1940 2.6911e-05 0.00208719 400 7.57576
1940 1.38796e-05 0.00186973 500 8.05153
1940 2.66702e-05 0.00340266 600 8.3682
1940 3.05814e-05 0.00508102 700 8.64198
1950 3.52105e-05 0.00639432 100 10.2041
1950 3.18321e-05 0.00281166 200 8.84956
1950 1.2712e-05 0.00245729 300 9.52381
1950 2.42611e-05 0.00207632 400 7.57576
1950 1.7442e-05 0.00242403 500 8.03859
1950 2.88989e-05 0.00410725 600 8.3682
1950 3.06291e-05 0.00570469 700 8.65266
1960 5.50266e-05 0.00669276 100 10.101
1960 2.9701e-05 0.00249417 200 8.88889
1960 1.98675e-05 0.00248539 300 9.49367
1960 2.15965e-05 0.00201569 400 7.57576
1960 1.92856e-05 0.00232466 500 8.03859
1960 2.86457e-05 0.00403468 600 8.37989
1970 6.13761e-05 0.00560205 100 9.43396
1970 2.4657e-05 0.00224046 200 8.96861
1970 1.50058e-05 0.00230328 300 9.46372
1970 2.09663e-05 0.00206749 400 7.59013
1970 2.20324e-05 0.00276558 500 8.05153
1970 3.08284e-05 0.00461242 600 8.37989
1980 6.67716e-05 0.00492636 100 8
1980 3.33858e-05 0.00209222 200 9.00901
1980 2.65455e-05 0.00281287 300 9.28793
1980 2.45359e-05 0.00300945 400 7.59013
1980 2.65296e-05 0.004177 500 8.06452
1980 3.36825e-05 0.00587499 600 8.3682
1990 7.25884e-05 0.00374871 100 7.63359
1990 2.29024e-05 0.00137904 200 9.04977
1990 3.66845e-05 0.00219078 300 7.109
1990 2.41688e-05 0.00242583 400 7.60456
1990 2.68867e-05 0.00381274 500 8.07754
1990 3.21225e-05 0.00543728 600 8.3682
2000 7.94866e-05 0.00409165 100 7.5188
2000 1.24488e-05 0.00172964 200 9.13242
2000 6.45535e-05 0.00319646 300 6.97674
2000 2.88873e-05 0.00350691 400 7.60456
2000 3.18249e-05 0.00492202 500 8.07754
2000 3.40054e-05 0.00657308 600 8.37989
2010 5.52428e-05 0.00500696 100 7.57576
2010 2.79432e-05 0.00330487 200 9.13242
2010 5.55065e-05 0.00495924 300 6.94444
2010 3.09541e-05 0.00501773 400 7.61905
2010 3.40683e-05 0.00649895 500 8.06452
2010 3.64587e-05 0.00807906 600 8.39161
2020 6.07906e-05 0.00344568 100 7.57576
2020 2.59525e-05 0.00250407 200 9.17431
2020 5.40802e-05 0.00410104 300 6.94444
2020 2.87062e-05 0.00477303 400 7.63359
2020 3.79737e-05 0.00649482 500 8.05153
2020 3.7418e-05 0.0082008 600 8.40336
2030 7.17626e-05 0.00233517 100 7.63359
2030 2.9901e-05 0.00234059 200 9.13242
2030 4.45146e-05 0.00392907 300 6.94444
2030 1.75629e-05 0.0046258 400 7.63359
2030 3.88428e-05 0.00649741 500 8.05153
2030 3.77879e-05 0.00834631 600 8.40336
2040 4.9314e-05 0.000975281 100 7.69231
2040 3.14554e-05 0.00193578 200 9.13242
2040 4.18142e-05 0.0038132 300 6.94444
2040 2.31291e-05 0.00468356 400 7.61905
2040 3.75061e-05 0.00664205 500 8.05153
2040 3.7285e-05 0.00849973 600 8.41515
2050 5.89993e-05 0.00056764 100 7.75194
2050 3.89097e-05 0.00251433 200 9.13242
2050 3.78923e-05 0.0046132 300 6.96056
2050 2.71316e-05 0.00551222 400 7.61905
2050 3.9258e-05 0.00760305 500 8.06452
2060 3.8136e-05 0.00139793 100 7.93651
2060 4.80903e-05 0.00454971 200 9.17431
2060 3.99014e-05 0.00578613 300 6.99301
2060 2.89388e-05 0.00629171 400 7.64818
2060 3.95484e-05 0.00817271 500 8.09062
2070 4.33994e-05 0.00178605 100 8.19672
2070 4.1288e-05 0.00504649 200 9.30233
2070 3.58075e-05 0.00631899 300 7.05882
2070 3.16445e-05 0.00693889 400 7.70713
2070 4.05251e-05 0.00872445 500 8.14332
2080 4.95552e-05 0.00266944 100 8.62069
2080 3.52951e-05 0.00584395 200 9.47867
2080 3.53608e-05 0.00718362 300 7.14286
2080 3.418e-05 0.00787625 400 7.79727
2080 4.2027e-05 0.00951683 500 8.21018
2090 2.34172e-05 0.00248895 100 9.25926
2090 4.45516e-05 0.00576425 200 9.7561
2090 3.70438e-05 0.00690281 300 7.26392
2090 3.47421e-05 0.00755445 400 7.90514
2090 3.90875e-05 0.00899004 500 8.30565
2100 4.36732e-05 0.00323519 100 9.90099
2100 6.24832e-05 0.00678591 200 9.95025
2100 2.98346e-05 0.00754308 300 7.38916
2100 3.76645e-05 0.00838774 400 8.01603
2100 3.99443e-05 0.00973251 500 8.38926
2110 5.96024e-05 0.00409343 100 10.5263
2110 6.01006e-05 0.00786042 200 9.95025
2110 3.35935e-05 0.00826669 300 7.5
2110 4.21457e-05 0.00923412 400 8.11359
2110 3.90509e-05 0.0102946 500 8.47458
2120 6.2721e-05 0.00476687 100 10.989
2120 8.37238e-05 0.00836783 200 6.84932
2120 4.22867e-05 0.0085576 300 7.57576
2120 4.31244e-05 0.00999246 400 8.17996
2120 4.31025e-05 0.0113241 500 8.51789
2130 5.75676e-05 0.00688674 100 11.236
2130 0.000119706 0.0101099 200 6.68896
2130 3.78223e-05 0.00970708 300 7.59494
2130 3.73866e-05 0.0106221 400 8.21355
2130 4.08182e-05 0.0116541 500 8.54701
2140 8.05296e-05 0.00810259 100 11.3636
2140 0.00010656 0.0108932 200 6.64452
2140 3.73288e-05 0.0103051 300 7.61421
2140 3.86795e-05 0.0112085 400 8.19672
2140 4.03482e-05 0.0123128 500 8.56164
2150 7.56444e-05 0.0070185 100 11.3636
2150 8.59718e-05 0.0093514 200 6.62252
2150 2.73322e-05 0.0088346 300 7.61421
2150 4.12161e-05 0.009945 400 8.14664
2150 4.03127e-05 0.0111256 500 8.56164
2160 7.88845e-05 0.00818856 100 11.236
2160 7.48528e-05 0.00975229 200 6.62252
2160 2.52673e-05 0.00929242 300 7.59494
2160 3.93858e-05 0.0101981 400 8.13008
2160 3.7595e-05 0.0111746 500 8.56164
2170 8.62479e-05 0.00877039 100 11.1111
2170 7.64678e-05 0.00947667 200 6.60066
2170 2.2435e-05 0.00865434 300 7.57576
2170 4.16835e-05 0.00991487 400 8.13008
2170 3.85594e-05 0.0109915 500 8.54701
2180 8.70733e-05 0.00880581 100 10.8696
2180 4.77794e-05 0.0088294 200 6.57895
2180 2.8657e-05 0.0081845 300 7.53769
2180 4.36908e-05 0.0095215 400 8.13008
2190 6.01994e-05 0.00957891 100 10.5263
2190 4.01165e-05 0.00919208 200 6.55738
2190 3.058e-05 0.00862669 300 7.5188
2190 3.97998e-05 0.00944597 400 8.09717
2200 9.46816e-05 0.00787907 100 9.90099
2200 2.56057e-05 0.00792227 200 6.53595
2200 3.58814e-05 0.00796426 300 7.5188
2200 4.00239e-05 0.00875062 400 8.06452
2210 0.000134611 0.0080323 100 4.90196
2210 3.32964e-05 0.00746661 200 6.51466
2210 3.70796e-05 0.00801279 300 7.5188
2210 3.94047e-05 0.00871454 400 8.03213
2220 0.000199184 0.00819004 100 4.69484
2220 3.99676e-05 0.00761186 200 6.49351
2220 4.50471e-05 0.00846649 300 7.4813
2220 4.74828e-05 0.00964071 400 8.03213
2230 0.000128262 0.00714729 100 4.65116
2230 3.4613e-05 0.00673803 200 6.49351
2230 3.95346e-05 0.00707413 300 7.44417
2230 3.90438e-05 0.00784222 400 8.03213
2240 0.000130382 0.00635595 100 4.65116
2240 4.00421e-05 0.00616587 200 6.51466
2240 4.53985e-05 0.00703336 300 7.42574
2240 4.64195e-05 0.00834383 400 8.04829
2250 0.000106754 0.0066967 100 4.65116
2250 3.58813e-05 0.00559085 200 6.51466
2250 4.45146e-05 0.00626583 300 7.42574
2250 4.276e-05 0.00745595 400 8.06452
2260 0.000104953 0.00712756 100 4.6729
2260 4.01907e-05 0.00542957 200 6.51466
2260 4.97423e-05 0.0064234 300 7.44417
2260 4.78112e-05 0.00780157 400 8.06452
2270 6.38512e-05 0.00797715 100 4.6729
2270 3.4699e-05 0.00528876 200 6.49351
2270 4.65794e-05 0.00622715 300 7.46269
2280 4.9314e-05 0.00721768 100 4.71698
2280 2.65205e-05 0.00438617 200 6.53595
2280 4.09176e-05 0.00467147 300 7.4813
2290 4.25674e-05 0.0111923 100 4.7619
2290 3.72665e-05 0.00857346 200 6.57895
2290 5.02194e-05 0.00912017 300 7.5188
2300 9.36689e-05 0.00665449 100 4.85437
2300 4.70883e-05 0.00465336 200 6.68896
2300 5.55303e-05 0.00672657 300 7.57576
2310 7.1095e-05 0.00843767 100 5
2310 6.01006e-05 0.00609594 200 6.82594
2310 5.46164e-05 0.00755149 300 7.69231
2320 9.65517e-05 0.00612413 100 5.18135
2320 5.87465e-05 0.00403146 200 7.01754
2320 5.62885e-05 0.00619238 300 7.8329
2330 8.31515e-05 0.00823231 100 5.43478
2330 5.39327e-05 0.00613511 200 7.24638
2330 5.65936e-05 0.00762019 300 8.02139
2340 9.06945e-05 0.00754282 100 5.74713
2340 5.5135e-05 0.00550375 200 7.5188
2340 5.74992e-05 0.00726453 300 8.24176
2350 7.12625e-05 0.0107247 100 6.09756
2350 5.47008e-05 0.00836441 200 7.8125
2350 5.6453e-05 0.00924127 300 8.47458
2360 7.64283e-05 0.00941088 100 6.49351
2360 5.44278e-05 0.00725451 200 8.13008
2360 5.66871e-05 0.00846192 300 8.72093
2370 0.000101488 0.00639245 100 6.94444
2370 5.76196e-05 0.00480989 200 8.47458
2370 5.95364e-05 0.00709715 300 8.98204
2380 8.22868e-05 0.008004 100 7.46269
2380 5.33772e-05 0.00591921 200 8.84956
2380 5.63825e-05 0.0074751 300 9.25926
2390 7.79725e-05 0.00824201 100 8.06452
2390 5.31534e-05 0.00627389 200 9.25926
2390 5.60527e-05 0.00772864 300 9.55414
2400 9.55589e-05 0.00650392 100 8.77193
2400 5.63116e-05 0.00492802 200 9.70874
2400 5.84587e-05 0.00707246 300 9.86842
2410 0.000110702 0.00535092 100 9.43396
2410 5.96027e-05 0.00374536 200 10.101
2410 5.60527e-05 0.00643184 300 10.101
2420 0.000131565 0.00613703 100 10
2420 8.05673e-05 0.00692406 200 10.3627
2420 7.10962e-05 0.0089111 300 10.3093
2430 0.000167519 0.00665124 100 10.4167
2430 9.17735e-05 0.00792575 200 10.582
2430 7.20585e-05 0.00977221 300 10.453
2440 0.000148265 0.00517205 100 10.6383
2440 7.48528e-05 0.00574321 200 10.582
2440 6.72864e-05 0.00728981 300 10.5263
2450 0.000148426 0.00530862 100 10.6383
2450 6.56012e-05 0.00516117 200 10.5263
2450 6.4348e-05 0.00659226 300 10.5634
2460 6.05942e-05 0.00497947 100 10.6383
2460 6.16187e-05 0.00497713 200 10.4712
2460 5.3933e-05 0.00663744 300 10.6007
2470 0.000100544 0.00429896 100 10.6383
2470 6.58732e-05 0.00512169 200 10.5263
2470 6.13337e-05 0.00731207 300 10.6007
2480 7.99353e-05 0.00314966 100 10.5263
2480 5.92013e-05 0.00497476 200 10.5263
2490 4.36732e-05 0.00411543 100 10.5263
2490 5.68384e-05 0.00677099 200 10.5263
2500 2.92969e-05 0.00372434 100 10.5263
2500 5.21344e-05 0.00528136 200 10.4712
2510 8.99024e-05 0.00979327 100 10.6383
2510 6.05945e-05 0.0102312 200 10.4167
2520 4.58049e-05 0.00372476 100 10.6383
2520 5.54046e-05 0.00484438 200 10.4167
2530 5.07437e-05 0.00702458 100 10.5263
2530 5.00937e-05 0.00762959 200 10.4167
2540 7.3729e-05 0.00968447 100 10.2041
2540 5.84923e-05 0.0102188 200 10.4167
2550 0.00012372 0.00991226 100 10.101
2550 8.22513e-05 0.0113712 200 10.4712
2560 0.000126011 0.0108667 100 10.2041
2560 8.93046e-05 0.0122592 200 10.5263
2570 9.39231e-05 0.00809731 100 10.3093
2570 7.38103e-05 0.00886982 200 10.582
2580 8.6386e-05 0.00931282 100 10.4167
2590 8.4432e-05 0.00630089 100 10.3093
2600 7.75124e-05 0.00473752 100 10.101
2610 8.70733e-05 0.00498192 100 10
2620 5.3711e-05 0.00642842 100 10.101
2630 5.34886e-05 0.00796812 100 10.3093
2640 3.99676e-05 0.00850838 100 10.5263
2650 3.84473e-05 0.00728909 100 10.6383
2660 6.38512e-05 0.00588787 100 10.6383
