-5.55112e-17 2.22045e-16 0 -2.98023e-08
0.00203758 3.94173 -0.0330457 3.93915
0.00757102 7.90877 -0.0479827 7.90504
0.00678092 11.9043 -0.0882038 11.8803
-0.00585175 15.9307 -0.148796 15.9166
0.00500609 19.9867 -0.149288 19.9904
-0.00736932 24.0721 -0.151774 24.0618
0.00196227 28.1947 -0.178848 28.1622
0.00682708 32.3353 -0.176049 32.3013
0.0121194 36.5079 -0.188171 36.4588
0.0194295 40.7044 -0.208244 40.6345
0.0262236 44.9282 -0.2259 44.8632
0.0335922 49.1796 -0.228664 49.0844
0.0253698 53.4572 -0.259081 53.354
0.0132291 57.7455 -0.279687 57.6344
0.00276421 62.028 -0.309544 61.9505
-0.00595393 66.2894 -0.331516 66.2597
-0.0270227 70.53 -0.368841 70.4464
-0.0467759 74.7424 -0.40636 74.6617
-0.0528733 78.935 -0.422903 78.8969
-0.0483881 83.0972 -0.429838 83.0766
-0.0751804 87.2502 -0.446208 87.3196
-0.111047 91.3752 -0.462695 91.4055
-0.169705 95.4608 -0.487852 95.5861
-0.234406 99.5151 -0.51901 99.7405
-0.28676 103.546 -0.552351 103.83
-0.334309 107.565 -0.571717 107.917
-0.394315 111.577 -0.586637 111.885
-0.42959 115.56 -0.597258 115.903
-0.430614 119.561 -0.596254 119.949
-0.456074 123.624 -0.579407 123.981
-0.47085 127.692 -0.556074 127.991
-0.470125 131.756 -0.50675 131.967
-0.46612 135.815 -0.451992 135.985
-0.464181 139.863 -0.393865 140.002
-0.474702 143.91 -0.364787 144.05
-0.484415 147.954 -0.318962 148.117
-0.497985 151.992 -0.273806 152.177
-0.518837 156.033 -0.269681 156.216
-0.490889 160.079 -0.223241 160.254
-0.47678 164.13 -0.216734 164.336
-0.449484 168.2 -0.196879 168.408
-0.411154 172.284 -0.184123 172.619
-0.358878 176.409 -0.170969 176.746
-0.313655 180.542 -0.144262 180.968
-0.318656 184.704 -0.156445 185.174
-0.308933 188.9 -0.160532 189.48
-0.300756 193.121 -0.13525 193.765
-0.295505 197.381 -0.0996298 197.993
-0.332199 201.657 -0.108502 202.334
-0.348136 205.97 -0.0971933 206.638
-0.342964 210.323 -0.0658459 211.035
-0.357581 214.714 -0.0579325 215.379
-0.360488 219.142 -0.0419533 219.804
-0.375507 223.589 -0.0293077 224.285
-0.378527 228.06 -0.0336438 228.754
-0.37457 232.542 -0.0214258 233.266
-0.378408 237.045 -0.00995946 237.833
-0.382092 241.571 -0.00511123 242.325
-0.377078 246.123 0.00540037 246.833
-0.365894 250.696 0.0289872 251.392
-0.356528 255.288 0.050149 255.984
-0.3408 259.9 0.0724977 260.621
-0.325374 264.511 0.111203 265.258
-0.317394 269.138 0.153053 269.874
-0.31404 273.765 0.197564 274.571
-0.306203 278.395 0.247483 279.243
-0.27649 283.05 0.33698 283.893
-0.230158 287.7 0.430145 288.581
-0.192693 292.369 0.534437 293.363
-0.168171 297.072 0.60762 298.064
-0.143657 301.821 0.687295 302.866
-0.111308 306.609 0.741887 307.694
-0.0932494 311.433 0.801782 312.444
-0.107981 316.295 0.849281 317.335
-0.10397 321.182 0.869806 322.258
-0.0964844 326.068 0.898814 327.187
-0.0744272 330.951 0.928509 332.065
-0.0543496 335.802 0.962165 336.926
-0.0425701 340.629 0.99492 341.791
-0.0351466 345.453 0.990582 346.603
-0.0415633 350.253 0.985543 351.421
-0.0750661 355.038 0.976742 356.221
-0.109101 359.812 0.955676 360.995
-0.141995 364.587 0.952995 365.703
-0.185891 369.387 0.952417 370.506
-0.237813 374.225 0.965364 375.275
-0.270401 378.993 0.96135 380.038
-0.296087 383.841 1.00692 384.808
-0.316454 388.686 1.03839 389.7
-0.32379 393.558 1.07636 394.559
