0 5.3041e-05 0.00453449 100 13.5135
0 5.20772e-05 0.00264386 200 13.6054
0 4.62369e-05 0.00441164 300 14.0845
10 4.11433e-05 0.00492966 100 13.5135
10 4.51497e-05 0.00287876 200 13.6986
10 4.36735e-05 0.00423014 300 14.1509
20 5.16749e-05 0.00325898 100 13.5135
20 5.37112e-05 0.00354 200 13.6986
20 4.34912e-05 0.00524855 300 14.2857
30 3.62119e-05 0.00321597 100 13.5135
30 4.5544e-05 0.00341803 200 13.7931
30 3.72578e-05 0.00464359 300 14.3541
40 4.73407e-05 0.00427883 100 13.3333
40 5.11534e-05 0.00357521 200 13.8889
40 4.01331e-05 0.00505287 300 14.4928
50 3.78221e-05 0.0038224 100 13.3333
50 4.3124e-05 0.00363582 200 13.986
50 3.92319e-05 0.00461794 300 14.5631
60 5.43728e-05 0.00533436 100 13.3333
60 4.50836e-05 0.00402419 200 13.986
60 4.35216e-05 0.00489226 300 14.6341
70 4.11433e-05 0.005583 100 13.3333
70 4.54785e-05 0.00448539 200 14.1844
80 5.94021e-05 0.0050666 100 13.5135
80 5.09783e-05 0.00441385 200 14.2857
90 5.6943e-05 0.00357631 100 13.5135
90 4.12158e-05 0.00417964 200 14.4928
100 6.45937e-05 0.00518048 100 13.6986
100 4.46852e-05 0.00446428 200 14.7059
110 6.67716e-05 0.00601443 100 14.0845
110 4.09983e-05 0.00458193 200 14.8148
120 5.32653e-05 0.00591683 100 14.2857
120 3.58813e-05 0.00423418 200 15.0376
130 4.47518e-05 0.00550238 100 14.4928
130 4.09255e-05 0.00396496 200 15.1515
140 4.20036e-05 0.00305683 100 14.7059
140 4.38096e-05 0.00301087 200 15.3846
150 3.96682e-05 0.00307452 100 14.9254
160 3.84473e-05 0.00247269 100 15.1515
170 2.9701e-05 0.00347327 100 15.3846
180 3.12653e-05 0.00390711 100 15.3846
190 4.65791e-05 0.0036515 100 15.625
200 4.14321e-05 0.00225786 100 15.625
