0 2.22045e-16 -4.65661e-10 -2.98023e-08
-0.0418032 3.57563 -0.00713896 3.61768
-0.0836255 7.15277 -0.0059106 7.22907
-0.125431 10.7283 0.00980003 10.8453
-0.167141 14.3035 -0.00411245 14.4154
-0.208176 17.881 -0.0293242 18.0105
-0.253156 21.4647 -0.0753441 21.5875
-0.307115 25.0468 -0.122008 25.1938
-0.367799 28.6371 -0.180266 28.7833
-0.435716 32.2319 -0.211346 32.3757
-0.509819 35.8126 -0.252328 35.9651
-0.590462 39.4055 -0.320228 39.5501
-0.675668 42.9959 -0.353293 43.1543
-0.761728 46.5961 -0.411762 46.7654
-0.822002 50.2035 -0.443898 50.377
-0.875378 53.8112 -0.452397 53.9726
-0.933231 57.4278 -0.499809 57.6177
-1.00672 61.0421 -0.5462 61.2548
-1.07847 64.6476 -0.583811 64.8596
-1.15768 68.2411 -0.601891 68.4421
-1.24323 71.816 -0.645124 72.0226
-1.31025 75.3655 -0.664366 75.568
-1.33795 78.8946 -0.654183 79.0653
-1.33565 82.3991 -0.642204 82.597
-1.29299 85.877 -0.535858 86.026
-1.21667 89.3334 -0.414577 89.5158
-1.10175 92.7913 -0.293357 92.9337
-0.953966 96.2554 -0.140072 96.4132
-0.782045 99.7397 0.0322936 99.8687
-0.607718 103.279 0.227708 103.446
-0.448327 106.867 0.38511 107.038
-0.329075 110.492 0.519938 110.66
-0.253779 114.143 0.61822 114.34
-0.232571 117.812 0.652597 118.02
-0.256232 121.501 0.658633 121.73
-0.297015 125.224 0.631018 125.451
-0.353204 128.97 0.607898 129.216
-0.397623 132.734 0.608322 132.995
-0.443887 136.523 0.608779 136.812
-0.490815 140.331 0.630945 140.646
-0.550146 144.153 0.648038 144.474
-0.601569 147.961 0.655234 148.293
-0.649286 151.756 0.676539 152.101
-0.703475 155.553 0.694641 155.889
-0.75814 159.342 0.724074 159.646
-0.821014 163.126 0.723548 163.456
-0.891591 166.914 0.72073 167.238
-0.968255 170.705 0.718489 171.038
-1.05365 174.498 0.675781 174.85
-1.14094 178.289 0.648775 178.646
-1.22091 182.072 0.626679 182.428
-1.31192 185.843 0.611388 186.234
-1.40087 189.586 0.576115 189.974
-1.48235 193.303 0.558434 193.685
-1.54334 196.982 0.565749 197.373
-1.59323 200.619 0.61076 201.007
-1.62986 204.203 0.614336 204.578
-1.65597 207.709 0.611845 208.065
-1.68092 211.094 0.642522 211.448
-1.71766 214.345 0.631079 214.704
-1.7581 217.485 0.645278 217.841
-1.82019 220.495 0.619142 220.828
-1.9005 223.323 0.57352 223.677
-1.99932 225.946 0.508772 226.326
-2.11395 228.382 0.421263 228.767
-2.21517 230.658 0.328706 231.071
-2.30914 232.838 0.261102 233.244
-2.38958 234.992 0.211243 235.41
-2.45827 237.112 0.170208 237.526
-2.50154 239.2 0.148212 239.619
-2.5282 241.264 0.150168 241.679
-2.54339 243.356 0.171739 243.83
-2.54662 245.471 0.226829 245.925
-2.54206 247.636 0.289766 248.114
-2.54094 249.857 0.35687 250.327
-2.52947 252.145 0.41787 252.584
-2.52283 254.511 0.491699 255.023
-2.49585 256.93 0.56081 257.421
-2.42627 259.43 0.668532 259.955
-2.34791 261.94 0.797005 262.462
-2.24929 264.463 0.9388 265.009
-2.1206 266.989 1.10287 267.506
-1.97234 269.529 1.29826 270.031
-1.82945 272.089 1.47778 272.624
-1.70085 274.651 1.64389 275.146
-1.58558 277.204 1.79331 277.705
-1.48931 279.735 1.93649 280.254
-1.4319 282.203 2.04123 282.722
-1.41125 284.555 2.11087 285.056
-1.42342 286.744 2.1401 287.256
-1.47765 288.751 2.13213 289.278
-1.59716 290.628 2.05925 291.143
-1.83449 292.379 1.86067 292.865
-2.20954 293.998 1.50995 294.463
-2.73939 295.467 0.997529 295.966
-3.42557 296.783 0.330091 297.295
-4.26856 297.944 -0.504424 298.471
-5.27032 298.869 -1.47983 299.425
-6.40439 299.609 -2.58759 300.168
-7.62009 300.062 -3.77937 300.646
-8.84975 300.287 -5.01386 300.897
-10.1361 300.271 -6.28017 300.903
-11.4879 299.994 -7.63466 300.645
-12.8598 299.434 -9.00148 300.102
-14.2125 298.522 -10.3485 299.299
-15.5692 297.36 -11.7219 298.146
-16.9039 295.877 -13.1088 296.688
-18.1234 294.047 -14.3784 294.874
-19.2138 291.862 -15.5234 292.744
-20.1292 289.391 -16.5066 290.267
-20.8116 286.621 -17.2782 287.503
-21.2269 283.593 -17.768 284.476
-21.3836 280.311 -18.0165 281.182
-21.2898 276.829 -18.0089 277.649
-21.0019 273.207 -17.7839 274.022
-20.6659 269.428 -17.5177 270.246
-20.3459 265.51 -17.2837 266.351
-20.0709 261.517 -17.1156 262.296
-19.8553 257.511 -16.9645 258.244
-19.7034 253.475 -16.8795 254.207
-19.6137 249.416 -16.859 250.208
-19.5513 245.338 -16.8717 246.118
-19.5138 241.222 -16.8889 242.013
-19.481 237.073 -16.9244 237.782
-19.4304 232.893 -16.922 233.587
-19.3556 228.688 -16.9322 229.371
-19.2882 224.454 -16.9364 225.149
-19.2149 220.186 -16.936 220.892
-19.1405 215.891 -16.9458 216.605
-19.0532 211.57 -16.938 212.255
-18.9602 207.219 -16.9337 207.883
-18.8648 202.832 -16.9294 203.514
-18.7808 198.44 -16.9106 199.089
-18.6972 194.056 -16.9473 194.69
-18.6285 189.691 -16.9561 190.363
-18.5769 185.352 -16.98 186.001
-18.5334 181.032 -17.0112 181.649
-18.5107 176.751 -17.0512 177.339
-18.5183 172.538 -17.1256 173.155
-18.5517 168.447 -17.1978 169.029
-18.605 164.539 -17.2863 165.159
-18.6621 160.837 -17.3924 161.441
-18.7171 157.36 -17.4841 157.949
-18.7623 154.117 -17.5542 154.651
-18.8044 151.111 -17.6298 151.616
-18.8377 148.339 -17.7001 148.854
-18.8628 145.754 -17.7616 146.229
-18.8863 143.302 -17.8115 143.815
-18.9087 140.993 -17.8328 141.498
-18.9268 138.765 -17.8794 139.262
-18.9546 136.621 -17.936 137.116
-18.9791 134.517 -17.9827 135.003
-19.0039 132.429 -18.0333 132.925
-19.0117 130.377 -18.0703 130.85
-19.0297 128.287 -18.0906 128.759
-19.0409 126.09 -18.1188 126.562
-19.034 123.793 -18.1349 124.246
-19.0079 121.337 -18.1174 121.775
-18.9624 118.74 -18.0958 119.167
-18.8816 115.984 -18.0405 116.407
-18.7626 113.072 -17.9357 113.492
-18.5927 110.01 -17.799 110.424
-18.3897 106.797 -17.5883 107.185
-18.1873 103.411 -17.4151 103.81
-17.972 99.8817 -17.2347 100.274
-17.7537 96.2085 -17.0482 96.5901
-17.5437 92.3932 -16.8494 92.7474
-17.3507 88.4541 -16.6643 88.7994
-17.1883 84.3517 -16.5366 84.6778
-17.0483 80.1265 -16.4069 80.469
-16.9389 75.7575 -16.3108 76.0999
-16.8449 71.3345 -16.2699 71.6457
-16.7792 66.9246 -16.216 67.1991
-16.7237 62.5225 -16.178 62.7566
-16.6773 58.1185 -16.1492 58.353
-16.6229 53.7352 -16.1197 53.9828
-16.5545 49.3668 -16.0553 49.6259
-16.4783 45.0138 -15.9946 45.2614
-16.4018 40.6979 -15.9581 40.9331
-16.3325 36.3968 -15.9305 36.5883
-16.264 32.1247 -15.8902 32.2973
-16.2128 27.8676 -15.8791 28.0422
-16.1536 23.6461 -15.8545 23.8574
-16.1004 19.4725 -15.8231 19.69
-16.0573 15.333 -15.8101 15.5706
-15.9999 11.2215 -15.7508 11.4197
-15.9576 7.1228 -15.731 7.27456
-15.9259 3.03892 -15.7123 3.15457
-15.8712 -1.06317 -15.6784 -0.956769
-15.8232 -5.19233 -15.6603 -5.09597
-15.7739 -9.35714 -15.6322 -9.23516
-15.7223 -13.5475 -15.6043 -13.4905
-15.6752 -17.7644 -15.5829 -17.7166
-15.6299 -22.0039 -15.5693 -21.9665
-15.5903 -26.2678 -15.5494 -26.2217
-15.5368 -30.5478 -15.5018 -30.523
-15.4933 -34.82 -15.4562 -34.8001
-15.4441 -39.0822 -15.4087 -39.064
-15.3925 -43.3226 -15.3524 -43.313
-15.3378 -47.5379 -15.2991 -47.53
-15.277 -51.7485 -15.2311 -51.776
-15.2177 -55.9495 -15.1844 -56.0035
-15.1701 -60.1507 -15.145 -60.201
-15.128 -64.3508 -15.1183 -64.3958
-15.0914 -68.5388 -15.0929 -68.6077
-15.0644 -72.7084 -15.0803 -72.7521
-15.0308 -76.8564 -15.0523 -76.9206
-14.9793 -80.9536 -15.0212 -81.0629
-14.9247 -85.035 -14.9789 -85.1445
-14.874 -89.0704 -14.934 -89.1858
-14.8243 -93.0767 -14.9015 -93.1804
-14.787 -97.0455 -14.8745 -97.1559
-14.7585 -100.984 -14.8683 -101.101
-14.7396 -104.892 -14.8574 -105.001
-14.7282 -108.763 -14.8602 -108.888
-14.7248 -112.605 -14.8635 -112.755
-14.7178 -116.411 -14.8649 -116.56
-14.7098 -120.173 -14.8697 -120.348
-14.7005 -123.867 -14.873 -124.044
-14.6985 -127.485 -14.8879 -127.655
-14.7123 -131.009 -14.9059 -131.192
-14.7333 -134.417 -14.927 -134.614
-14.7523 -137.654 -14.9607 -137.848
-14.7736 -140.676 -15.0027 -140.894
-14.8084 -143.452 -15.0385 -143.672
-14.8188 -145.963 -15.0678 -146.179
-14.6882 -148.225 -14.9536 -148.429
-14.3642 -150.225 -14.6394 -150.429
-13.8334 -151.95 -14.117 -152.133
-13.0824 -153.424 -13.373 -153.599
-12.0933 -154.666 -12.3941 -154.829
-10.9011 -155.63 -11.2136 -155.768
-9.56712 -156.278 -9.87866 -156.409
-8.1744 -156.635 -8.50321 -156.748
-6.73417 -156.651 -7.10191 -156.765
-5.26192 -156.394 -5.62942 -156.509
-3.83834 -155.808 -4.1874 -155.925
-2.48057 -154.891 -2.83284 -155
-1.26849 -153.64 -1.63761 -153.747
-0.226137 -152.061 -0.588939 -152.212
0.552355 -150.217 0.192035 -150.383
1.04825 -148.113 0.69209 -148.299
1.3485 -145.76 1.00271 -145.947
1.46345 -143.198 1.12681 -143.402
1.47132 -140.451 1.13315 -140.66
1.49937 -137.518 1.16394 -137.714
1.5045 -134.422 1.17455 -134.634
1.49856 -131.16 1.18322 -131.368
1.47002 -127.744 1.15757 -127.965
1.43672 -124.185 1.14161 -124.399
1.41318 -120.492 1.12953 -120.685
1.40577 -116.657 1.1401 -116.837
1.38503 -112.695 1.13735 -112.861
1.33055 -108.593 1.11125 -108.736
1.25962 -104.368 1.06353 -104.514
1.17008 -100.008 0.996293 -100.115
1.08927 -95.5157 0.931814 -95.6153
1.00915 -90.9823 0.866425 -91.0593
0.939998 -86.4669 0.805129 -86.5398
0.883448 -81.9495 0.753238 -82.012
0.838174 -77.4396 0.71128 -77.5252
0.800315 -72.9364 0.678421 -73.0001
0.745043 -68.4626 0.631544 -68.5528
0.694629 -64.0051 0.585312 -64.0848
0.637038 -59.5756 0.520953 -59.6498
0.557118 -55.1606 0.431013 -55.234
0.456131 -50.7785 0.359824 -50.8154
0.362164 -46.418 0.270726 -46.4399
0.280628 -42.0791 0.194818 -42.0815
0.202969 -37.7625 0.117026 -37.727
0.132669 -33.4638 0.0503201 -33.4119
0.0848288 -29.194 0.00160492 -29.1426
0.0525687 -24.9477 -0.0379755 -24.9123
0.0323287 -20.7384 -0.0274203 -20.7147
0.0251613 -16.5503 -0.0137996 -16.505
0.0215879 -12.4038 0.0107244 -12.3524
-0.000536566 -8.28514 0.00915617 -8.20834
-0.0311414 -4.18329 0.0235693 -4.0789
-0.0728973 -0.0907003 0.00427254 0.0182475
-0.117564 3.98804 -0.0232915 4.10208
-0.160177 8.05984 -0.0464691 8.17291
-0.208154 12.1232 -0.0811299 12.2806
-0.24822 16.1809 -0.131596 16.3308
-0.283357 20.2333 -0.152132 20.3821
-0.323376 24.2731 -0.176306 24.4192
-0.367457 28.2931 -0.198774 28.4728
-0.413999 32.2825 -0.20135 32.4524
-0.451537 36.2434 -0.198439 36.4155
-0.483912 40.1738 -0.202274 40.3593
-0.534623 44.076 -0.22787 44.2739
-0.599992 47.9611 -0.264433 48.1633
-0.674006 51.8104 -0.299014 52.0225
-0.762477 55.6295 -0.387175 55.8739
-0.859787 59.4341 -0.443199 59.6763
-0.962179 63.2074 -0.499523 63.464
-1.06865 66.9537 -0.542881 67.1474
-1.18816 70.6687 -0.642325 70.8463
-1.29346 74.3411 -0.682903 74.557
-1.3594 77.8869 -0.722506 78.0627
-1.40295 81.2677 -0.737043 81.501
-1.40264 84.5575 -0.673821 84.7502
-1.39133 87.8365 -0.64641 88.0417
-1.3724 91.0757 -0.620497 91.2428
-1.34885 94.2821 -0.578651 94.4954
-1.34636 97.4521 -0.57691 97.6516
-1.39741 100.636 -0.596276 100.851
-1.50781 103.868 -0.691405 104.063
-1.68624 107.147 -0.852875 107.348
-1.8557 110.482 -0.994471 110.718
-1.94909 113.881 -1.06927 114.141
-1.94014 117.341 -1.03557 117.618
-1.83308 120.866 -0.897418 121.144
-1.66595 124.466 -0.696288 124.747
-1.45419 128.143 -0.468423 128.455
-1.21275 131.911 -0.175423 132.223
-0.998254 135.781 0.0936197 136.111
-0.86007 139.749 0.323 140.06
-0.808213 143.818 0.43657 144.12
-0.818199 147.962 0.484165 148.284
-0.863698 152.202 0.517297 152.512
-0.925229 156.508 0.506884 156.849
-1.00734 160.832 0.474647 161.201
-1.11266 165.145 0.450662 165.516
-1.22558 169.454 0.365689 169.869
-1.33319 173.747 0.3503 174.128
-1.42753 178.011 0.322608 178.388
-1.49824 182.25 0.321052 182.632
-1.55921 186.456 0.321045 186.862
-1.60307 190.634 0.376752 191.034
-1.63387 194.776 0.37641 195.175
-1.66987 198.89 0.444054 199.266
-1.70598 202.97 0.501432 203.369
-1.73778 207.012 0.492783 207.412
-1.7684 211.025 0.535823 211.407
-1.80273 214.967 0.57621 215.386
-1.84251 218.743 0.561881 219.154
-1.89517 222.285 0.53677 222.689
-1.97197 225.567 0.476842 225.972
-2.07378 228.574 0.410006 228.983
-2.17419 231.287 0.332933 231.706
-2.28007 233.719 0.262108 234.135
-2.37256 236.037 0.216899 236.494
-2.42154 238.338 0.216911 238.769
-2.45747 240.614 0.250697 241.06
-2.47794 242.859 0.278389 243.343
-2.4876 245.075 0.293134 245.56
-2.49727 247.316 0.333421 247.8
-2.50649 249.599 0.333592 250.133
-2.50345 251.922 0.351509 252.481
-2.49893 254.304 0.417122 254.846
-2.47578 256.707 0.483764 257.194
-2.41879 259.176 0.592431 259.723
-2.35718 261.688 0.705073 262.222
-2.27845 264.283 0.831428 264.87
-2.18105 266.96 0.945523 267.48
-2.07299 269.712 1.10284 270.237
-1.97718 272.516 1.24489 273.035
-1.90331 275.322 1.36434 275.817
-1.86017 278.122 1.4604 278.601
-1.83488 280.907 1.55695 281.378
-1.82038 283.663 1.64002 284.162
-1.82129 286.356 1.69964 286.862
-1.83581 288.891 1.73918 289.366
-1.84383 291.366 1.78964 291.859
-1.84021 293.812 1.84256 294.306
-1.82383 296.232 1.91313 296.729
-1.81203 298.624 1.96852 299.114
