3.2141e-14 -4.04121e-14 -4.65661e-10 -2.98023e-08
0.0204547 2.38989 -0.0334039 2.29454
0.0381671 4.63077 -0.0409508 4.4362
0.0624746 6.58458 -0.0462772 6.40142
0.0780621 8.2945 -0.0449181 8.14363
0.0363 9.64713 -0.023319 9.61143
0.0376912 10.7557 -0.00748682 10.855
0.0703962 11.572 0.0311339 11.8049
0.0966904 12.008 0.0610812 12.4887
0.124405 12.281 0.076551 13.0151
0.106056 12.367 0.0862817 13.4683
0.125276 12.4807 0.106813 13.8589
0.156946 12.5901 0.130596 14.2343
0.151509 12.7029 0.148109 14.6076
0.146149 12.8366 0.141854 14.9705
0.118103 12.9866 0.119239 15.3979
0.0460111 13.2518 0.0464181 15.9098
-0.102743 13.6624 -0.125168 16.5606
-0.377391 14.2372 -0.402438 17.3347
-0.803739 14.9181 -0.845641 18.1802
-1.39352 15.5995 -1.46199 19.0493
-2.18364 16.2579 -2.27251 19.8749
-3.16863 16.8916 -3.29428 20.6649
-4.41053 17.492 -4.55246 21.3614
-5.88726 17.9579 -5.98493 21.9093
-7.60344 18.2418 -7.66304 22.2315
-9.59378 18.3335 -9.52 22.3206
-11.7379 18.2624 -11.5731 22.279
-14.1236 18.1372 -13.8262 22.169
-16.6601 18.0436 -16.2066 22.1407
-19.3804 17.9415 -18.8225 22.1058
-22.232 17.7912 -21.5672 22.0064
-25.2945 17.6126 -24.5604 21.9263
-28.4203 17.4366 -27.6087 21.853
-31.7353 17.2592 -30.6851 21.6811
-35.0618 17.0123 -33.8678 21.4876
-38.4057 16.7014 -37.0658 21.2339
-41.7263 16.3762 -40.2931 20.9744
-45.021 16.0124 -43.5687 20.6508
-48.347 15.6128 -46.8132 20.3509
-51.6769 15.1924 -50.1548 20.0912
-55.0311 14.7426 -53.5225 19.8466
-58.4018 14.3299 -56.8848 19.6388
-61.8298 14.0348 -60.298 19.5099
-65.2451 13.8244 -63.7395 19.4088
-68.8035 13.6287 -67.2271 19.3846
-72.3963 13.4449 -70.7347 19.365
-76.0408 13.365 -74.2566 19.3242
-79.6299 13.2863 -77.8566 19.2794
-83.178 13.1723 -81.352 19.2345
-86.8064 13.1163 -84.8747 19.1773
-90.4074 13.0302 -88.3874 19.1605
-93.9327 12.9382 -91.8595 19.138
-97.4259 12.8303 -95.3093 19.1175
-100.922 12.721 -98.7438 19.106
-104.419 12.6468 -102.176 19.0745
-107.951 12.5747 -105.652 19.0536
-111.507 12.492 -109.206 19.0176
-115.125 12.4275 -112.765 18.9814
-118.791 12.3569 -116.405 18.9268
-122.507 12.2776 -120.13 18.8605
-126.283 12.1623 -123.898 18.7545
-130.058 12.0568 -127.652 18.6526
-133.838 11.9401 -131.44 18.5831
-137.647 11.7634 -135.179 18.5117
-141.424 11.6247 -138.905 18.4439
-145.186 11.5237 -142.623 18.3771
-148.919 11.4495 -146.336 18.3182
-152.638 11.3818 -150.055 18.273
-156.35 11.3105 -153.785 18.2333
-160.047 11.2141 -157.464 18.1947
-163.709 11.1076 -161.114 18.1529
-167.36 10.9834 -164.756 18.1361
-170.968 10.9337 -168.38 18.1213
-174.571 10.8768 -172.014 18.1173
-178.137 10.8331 -175.63 18.1317
-181.49 10.7961 -179.002 18.1685
-184.602 10.7737 -182.109 18.1905
-187.458 10.7588 -184.983 18.2349
-190.233 10.7339 -187.748 18.2446
-192.987 10.6633 -190.484 18.2238
-195.706 10.5859 -193.196 18.2249
-198.416 10.4957 -195.942 18.1971
-201.153 10.412 -198.669 18.2268
-203.947 10.3415 -201.496 18.2474
-206.802 10.2984 -204.37 18.279
-209.757 10.3177 -207.275 18.2668
-212.805 10.3611 -210.27 18.2877
-215.93 10.3964 -213.359 18.309
-219.013 10.3606 -216.471 18.3504
-222.155 10.2984 -219.643 18.4239
-225.365 10.2468 -222.907 18.4867
-228.707 10.2155 -226.216 18.5487
-232.112 10.221 -229.629 18.6044
-235.564 10.2149 -233.001 18.6689
-239.104 10.2177 -236.548 18.7224
-242.703 10.1834 -240.137 18.7359
-246.347 10.1302 -243.839 18.723
-250.053 10.0368 -247.568 18.6944
-253.774 9.88052 -251.322 18.6113
-257.535 9.71899 -255.078 18.5381
-261.301 9.59151 -258.826 18.4411
-265.059 9.45955 -262.572 18.3821
-268.827 9.3377 -266.321 18.3245
-272.55 9.17626 -270.059 18.2582
-276.264 8.9761 -273.786 18.1614
-279.947 8.83282 -277.449 18.1073
-283.65 8.7154 -281.115 18.0546
-287.323 8.61051 -284.793 18.0022
-290.988 8.50515 -288.457 17.9521
-294.655 8.3949 -292.193 17.913
-298.32 8.29447 -295.86 17.8573
-302.013 8.16972 -299.531 17.8106
-305.746 8.07421 -303.224 17.7367
-309.495 7.98298 -306.929 17.6722
-313.22 7.86369 -310.634 17.6094
-316.99 7.78254 -314.364 17.5517
-320.754 7.67947 -318.134 17.4901
-324.53 7.56322 -321.917 17.4532
-328.344 7.45611 -325.712 17.4064
-332.11 7.34733 -329.471 17.3567
-335.86 7.24226 -333.235 17.3325
-339.609 7.14778 -336.934 17.3288
-343.309 7.05394 -340.581 17.2811
-346.908 6.95731 -344.182 17.2508
-350.385 6.86042 -347.689 17.1977
-353.708 6.76839 -351.021 17.1771
-356.878 6.6633 -354.181 17.1124
-360.001 6.55242 -357.292 17.0708
-363.041 6.43569 -360.312 16.991
-365.856 6.34508 -363.164 16.9627
-368.438 6.30707 -365.813 16.9581
-370.781 6.38396 -368.158 17.0691
-372.866 6.64857 -370.28 17.3725
-374.725 7.10935 -372.147 17.8792
-376.363 7.74189 -373.796 18.5776
-377.862 8.63383 -375.294 19.5182
-379.196 9.71257 -376.597 20.6532
-380.349 10.966 -377.761 21.9901
-381.386 12.4481 -378.761 23.5353
-382.26 14.1227 -379.618 25.2205
-383.011 15.9945 -380.334 27.1374
-383.61 18.0579 -380.897 29.2486
-384.1 20.3145 -381.338 31.5427
-384.497 22.7483 -381.711 33.9939
-384.777 25.3644 -381.94 36.6282
-384.989 28.1282 -382.093 39.4169
-385.213 31.0862 -382.212 42.3314
-385.449 34.1921 -382.308 45.3069
-385.781 37.3157 -382.389 48.3506
-386.061 40.4266 -382.449 51.4023
-386.229 43.4927 -382.466 54.4663
-386.309 46.5186 -382.478 57.5015
-386.383 49.5057 -382.469 60.4927
-386.435 52.4158 -382.446 63.3914
-386.493 55.2254 -382.43 66.1852
-386.554 57.9438 -382.385 68.8708
-386.61 60.5785 -382.311 71.4961
-386.586 63.079 -382.188 73.9419
-386.371 65.4338 -381.945 76.3347
-385.915 67.6483 -381.547 78.565
-385.249 69.6949 -380.965 80.6055
-384.335 71.5736 -380.174 82.5178
-383.336 73.255 -379.256 84.2469
-382.295 74.8189 -378.184 85.7641
-381.092 76.1917 -376.891 87.0581
-379.775 77.3645 -375.418 88.1435
-378.271 78.252 -373.812 89.0195
-376.574 78.9871 -372.061 89.718
-374.728 79.5378 -370.188 90.23
-372.74 79.9418 -368.2 90.5995
-370.607 80.2 -366.069 90.8382
-368.37 80.4156 -363.832 91.0038
-366.032 80.5714 -361.464 91.1119
-363.598 80.6733 -359.007 91.1585
-361.072 80.7163 -356.445 91.1423
-358.47 80.7058 -353.819 91.0744
-355.833 80.6383 -351.141 90.9573
-353.161 80.5539 -348.444 90.8272
-350.45 80.4656 -345.761 90.6943
-347.763 80.3985 -343.05 90.5868
-345.087 80.3707 -340.324 90.5089
-342.417 80.403 -337.614 90.4933
-339.774 80.4834 -334.958 90.5142
-337.14 80.5751 -332.332 90.5621
-334.529 80.6935 -329.731 90.6149
-331.933 80.8245 -327.064 90.6363
-329.325 80.9185 -324.443 90.6606
-326.739 80.9907 -321.818 90.6522
-324.144 81.0388 -319.202 90.629
-321.562 81.0911 -316.584 90.602
-319.012 81.1901 -313.982 90.599
-316.451 81.3081 -311.358 90.6395
-313.909 81.4446 -308.789 90.6902
-311.392 81.5801 -306.209 90.744
-308.876 81.707 -303.627 90.7952
-306.379 81.8493 -301.107 90.8364
-303.889 81.9944 -298.635 90.8727
-301.376 82.1582 -296.11 90.9477
-298.833 82.3257 -293.609 91.0621
-296.238 82.5041 -291.018 91.1585
-293.59 82.6834 -288.322 91.2858
-290.877 82.8533 -285.635 91.3906
-288.12 82.9877 -282.824 91.4641
-285.315 83.062 -279.993 91.4871
-282.46 83.0893 -277.141 91.4475
-279.611 83.105 -274.304 91.4022
-276.801 83.108 -271.482 91.3609
-274.052 83.0999 -268.703 91.2878
-271.353 83.0549 -265.997 91.1956
-268.677 82.9709 -263.336 91.0721
-266.029 82.9039 -260.691 90.9538
-263.419 82.8733 -258.091 90.871
-260.804 82.9033 -255.463 90.8594
-258.169 82.9904 -252.832 90.879
-255.51 83.1456 -250.19 90.9828
-252.845 83.3738 -247.501 91.1628
-250.152 83.6377 -244.826 91.3615
-247.44 83.911 -242.098 91.5913
-244.714 84.1786 -239.389 91.803
-242.002 84.383 -236.67 91.9518
-239.315 84.5147 -233.974 92.0447
-236.658 84.5678 -231.334 92.0195
-234.029 84.5262 -228.704 91.9178
-231.443 84.4059 -226.13 91.7403
-228.921 84.2558 -223.639 91.541
-226.537 84.1055 -221.252 91.3298
-224.323 83.9733 -219.068 91.1592
-222.318 83.8529 -217.076 90.9972
-220.525 83.7487 -215.312 90.8638
-218.913 83.6548 -213.723 90.7693
-217.491 83.6149 -212.322 90.7108
-216.2 83.6635 -211.037 90.7562
-214.975 83.8906 -209.8 90.9883
-213.813 84.3031 -208.623 91.3716
-212.768 84.852 -207.573 91.8785
-211.819 85.5051 -206.618 92.5077
-210.945 86.2494 -205.747 93.2714
-210.115 87.191 -204.896 94.1775
-209.376 88.3794 -204.154 95.3429
-208.686 89.7861 -203.432 96.7332
-208.12 91.447 -202.842 98.3707
-207.637 93.318 -202.341 100.251
-207.344 95.3776 -202.031 102.272
-207.199 97.6773 -201.866 104.57
-207.177 100.118 -201.827 107.029
-207.236 102.732 -201.87 109.647
-207.358 105.495 -201.947 112.432
-207.447 108.321 -201.992 115.267
-207.501 111.207 -201.985 118.16
-207.497 114.154 -201.913 121.119
-207.467 117.04 -201.857 124.002
-207.357 119.818 -201.802 126.893
-207.232 122.58 -201.742 129.746
-207.17 125.361 -201.706 132.589
-207.152 128.087 -201.711 135.324
-207.159 130.677 -201.751 137.927
-207.192 133.099 -201.818 140.308
-207.257 135.312 -201.899 142.56
-207.358 137.293 -201.997 144.557
-207.516 139.039 -202.14 146.33
-207.793 140.624 -202.388 147.898
-208.199 142.156 -202.776 149.414
-208.796 143.591 -203.352 150.847
-209.578 144.906 -204.106 152.163
-210.509 146.123 -205.023 153.397
-211.641 147.222 -206.112 154.536
-212.986 148.243 -207.441 155.552
-214.561 149.102 -209.008 156.404
-216.376 149.752 -210.814 157.062
-218.364 150.183 -212.787 157.517
-220.496 150.432 -214.901 157.783
-222.758 150.561 -217.172 157.958
-225.126 150.644 -219.554 158.082
-227.597 150.727 -222.032 158.217
-230.175 150.835 -224.601 158.364
-232.871 150.954 -227.278 158.523
-235.686 151.085 -230.06 158.701
-238.635 151.219 -232.958 158.878
-241.714 151.324 -236.015 159.042
-244.893 151.37 -239.152 159.154
-248.153 151.341 -242.407 159.161
-251.387 151.245 -245.628 159.098
-254.629 151.084 -248.863 159.002
-257.855 150.861 -252.089 158.824
-260.99 150.596 -255.235 158.628
-263.98 150.336 -258.201 158.402
-266.767 150.088 -260.991 158.211
-269.368 149.866 -263.582 158.022
-271.91 149.696 -266.124 157.886
-274.432 149.547 -268.615 157.757
-276.918 149.42 -271.067 157.667
-279.393 149.338 -273.557 157.629
-281.843 149.284 -276.008 157.613
-284.327 149.245 -278.469 157.608
-286.851 149.216 -280.997 157.629
-289.375 149.175 -283.542 157.635
-291.873 149.114 -286.051 157.62
-294.367 149.035 -288.553 157.594
-296.9 148.947 -291.059 157.559
-299.497 148.858 -293.65 157.524
-302.153 148.763 -296.306 157.489
-304.894 148.663 -299.032 157.435
-307.699 148.565 -301.818 157.39
-310.543 148.472 -304.683 157.348
-313.402 148.389 -307.547 157.322
-316.254 148.309 -310.403 157.281
-319.087 148.246 -313.24 157.264
-321.874 148.16 -316.013 157.259
-324.643 148.081 -318.792 157.248
-327.38 148.018 -321.527 157.242
-330.085 147.944 -324.252 157.242
-332.769 147.879 -326.878 157.233
-335.339 147.849 -329.417 157.229
-337.918 147.821 -331.963 157.229
-340.462 147.771 -334.493 157.221
-342.975 147.704 -337.008 157.199
-345.508 147.597 -339.498 157.146
-348.088 147.502 -342.061 157.081
-350.695 147.387 -344.636 157
-353.358 147.254 -347.254 156.909
-356.035 147.123 -349.929 156.807
-358.706 146.988 -352.568 156.69
-361.365 146.869 -355.223 156.59
-363.999 146.747 -357.828 156.489
-366.592 146.652 -360.38 156.409
-369.103 146.586 -362.851 156.362
-371.499 146.553 -365.22 156.368
-373.734 146.569 -367.459 156.427
-375.766 146.688 -369.48 156.579
-377.588 146.923 -371.277 156.839
-379.228 147.254 -372.895 157.193
-380.68 147.682 -374.316 157.645
-381.984 148.241 -375.63 158.262
-383.189 148.967 -376.784 159.005
-384.261 149.833 -377.835 159.894
-385.262 150.823 -378.817 160.88
-386.19 152.027 -379.762 162.159
-387.088 153.508 -380.627 163.635
-387.803 155.255 -381.286 165.402
-388.328 157.228 -381.797 167.385
-388.69 159.391 -382.114 169.529
-388.914 161.727 -382.322 171.905
-389.034 164.224 -382.407 174.42
-389.108 166.9 -382.434 177.087
-389.177 169.703 -382.439 179.885
-389.249 172.603 -382.459 182.76
-389.295 175.566 -382.445 185.727
-389.34 178.519 -382.46 188.693
-389.408 181.466 -382.472 191.633
-389.477 184.395 -382.471 194.513
-389.534 187.304 -382.479 197.419
-389.596 190.151 -382.476 200.285
-389.65 192.868 -382.472 202.974
-389.689 195.381 -382.469 205.491
-389.707 197.729 -382.45 207.828
-389.637 199.881 -382.329 209.98
-389.406 201.894 -382.041 212.008
-388.964 203.825 -381.561 213.931
-388.237 205.642 -380.766 215.729
-387.226 207.247 -379.73 217.36
-385.985 208.725 -378.477 218.812
-384.487 210.025 -376.996 220.067
-382.767 211.134 -375.254 221.096
-380.848 212.024 -373.34 221.972
-378.741 212.711 -371.253 222.664
-376.473 213.257 -368.963 223.157
-374.039 213.683 -366.513 223.533
-371.458 214.025 -363.927 223.819
-368.731 214.304 -361.205 224.039
-365.907 214.548 -358.411 224.238
-362.986 214.775 -355.525 224.407
-360 214.982 -352.559 224.558
-356.947 215.144 -349.522 224.68
-353.845 215.269 -346.439 224.763
-350.728 215.344 -343.351 224.807
-347.622 215.397 -340.247 224.817
-344.504 215.436 -337.128 224.809
-341.405 215.432 -334.044 224.774
-338.307 215.375 -330.948 224.677
-335.223 215.258 -327.858 224.498
-332.177 215.091 -324.807 224.268
-329.114 214.919 -321.761 224.042
-326.083 214.755 -318.731 223.791
-323.035 214.645 -315.709 223.611
-319.998 214.594 -312.682 223.496
-316.95 214.613 -309.614 223.457
-313.895 214.702 -306.561 223.492
-310.834 214.852 -303.512 223.578
-307.769 215.021 -300.466 223.699
-304.682 215.21 -297.356 223.828
-301.619 215.403 -294.298 223.976
-298.564 215.602 -291.236 224.123
-295.523 215.775 -288.205 224.254
-292.525 215.926 -285.197 224.35
-289.569 216.08 -282.254 224.452
-286.686 216.208 -279.327 224.54
-283.844 216.321 -276.506 224.611
-281.075 216.415 -273.773 224.659
-278.385 216.482 -271.08 224.652
-275.75 216.525 -268.489 224.657
-273.211 216.564 -265.954 224.642
-270.787 216.597 -263.526 224.635
-268.452 216.627 -261.224 224.633
-266.21 216.67 -258.985 224.627
-264.058 216.715 -256.855 224.615
-261.978 216.759 -254.775 224.619
-260.009 216.805 -252.815 224.632
-258.118 216.847 -250.955 224.637
-256.324 216.892 -249.185 224.654
-254.592 216.937 -247.495 224.67
-252.914 216.969 -245.829 224.703
-251.262 217.002 -244.179 224.718
-249.623 217.031 -242.559 224.739
-248 217.075 -240.942 224.76
-246.395 217.124 -239.341 224.772
-244.798 217.178 -237.747 224.797
-243.238 217.242 -236.176 224.835
-241.698 217.301 -234.641 224.88
-240.16 217.38 -233.113 224.913
-238.624 217.447 -231.586 224.963
-237.098 217.518 -230.073 224.999
-235.569 217.578 -228.531 225.028
-234.014 217.632 -227.002 225.041
-232.429 217.676 -225.42 225.057
-230.825 217.709 -223.808 225.068
-229.214 217.727 -222.223 225.071
-227.62 217.743 -220.652 225.069
-226.039 217.749 -219.089 225.053
-224.475 217.721 -217.526 225.015
-222.944 217.646 -215.996 224.913
-221.518 217.498 -214.579 224.728
-220.196 217.264 -213.256 224.484
-219.015 216.979 -212.068 224.161
-218.001 216.671 -211.062 223.826
-217.074 216.316 -210.132 223.439
-216.225 215.882 -209.263 222.979
-215.454 215.358 -208.481 222.444
-214.757 214.783 -207.792 221.854
-214.077 214.066 -207.12 221.113
-213.46 213.183 -206.519 220.193
-212.908 212.086 -205.991 219.107
-212.452 210.871 -205.555 217.853
-212.114 209.457 -205.255 216.431
-211.859 207.837 -205.028 214.804
-211.742 206.028 -204.949 212.993
-211.736 204.034 -204.986 210.982
-211.767 201.873 -205.067 208.805
-211.796 199.533 -205.142 206.491
-211.787 197.027 -205.201 204.012
-211.76 194.374 -205.237 201.342
-211.698 191.634 -205.254 198.637
-211.627 188.816 -205.253 195.826
-211.537 185.992 -205.251 192.978
-211.444 183.173 -205.25 190.171
-211.363 180.374 -205.26 187.342
-211.265 177.6 -205.242 184.546
-211.172 174.835 -205.218 181.788
-211.068 172.132 -205.172 179.135
-210.943 169.548 -205.117 176.536
-210.807 167.116 -205.031 174.15
-210.678 164.891 -204.915 172.006
-210.524 162.832 -204.784 170.026
-210.369 160.884 -204.619 168.193
-210.243 159.141 -204.53 166.487
-210.18 157.655 -204.469 165.005
-210.12 156.263 -204.411 163.619
-210.06 154.893 -204.367 162.22
-209.979 153.571 -204.289 160.894
-209.892 152.273 -204.225 159.578
-209.767 150.9 -204.098 158.215
-209.618 149.454 -203.962 156.744
-209.402 147.912 -203.774 155.203
-209.174 146.248 -203.552 153.54
-208.939 144.453 -203.352 151.704
-208.715 142.497 -203.17 149.739
-208.504 140.403 -203.013 147.633
-208.393 138.151 -202.949 145.349
-208.39 135.751 -202.973 142.916
-208.458 133.191 -203.073 140.372
-208.555 130.504 -203.174 137.712
-208.68 127.709 -203.282 134.925
-208.808 124.788 -203.408 132.036
-208.928 121.786 -203.518 129.018
-208.986 118.771 -203.64 125.994
-209.011 115.754 -203.728 123.002
-208.944 112.762 -203.748 119.999
-208.837 109.809 -203.707 117.079
-208.711 106.914 -203.629 114.175
-208.613 104.165 -203.547 111.464
-208.524 101.613 -203.493 108.871
-208.412 99.2919 -203.418 106.585
-208.304 97.2314 -203.326 104.539
-208.24 95.4414 -203.274 102.752
-208.187 93.929 -203.21 101.229
-208.169 92.6201 -203.209 99.9344
-208.111 91.3591 -203.149 98.6773
-208.104 90.1081 -203.145 97.4215
-208.057 88.899 -203.09 96.217
-207.99 87.6862 -203.032 94.9935
-207.887 86.4248 -202.948 93.7351
-207.75 85.1065 -202.818 92.399
-207.573 83.6794 -202.658 90.9676
-207.364 82.1282 -202.472 89.4106
-207.118 80.4668 -202.235 87.7487
-206.887 78.658 -202.023 85.916
-206.653 76.7211 -201.796 83.9501
-206.474 74.6872 -201.637 81.9151
-206.388 72.5372 -201.581 79.7575
-206.432 70.2982 -201.639 77.4847
-206.61 68.0006 -201.852 75.1759
-206.893 65.6226 -202.18 72.7589
-207.176 63.1451 -202.491 70.3066
-207.411 60.5825 -202.736 67.734
-207.566 57.9368 -202.936 65.1313
-207.648 55.1846 -203.061 62.4094
-207.661 52.3854 -203.103 59.6211
-207.621 49.5464 -203.134 56.808
-207.571 46.7304 -203.155 54.0205
-207.529 43.9515 -203.169 51.2477
-207.485 41.2079 -203.197 48.5396
-207.419 38.4839 -203.211 45.8286
-207.398 35.8591 -203.265 43.2114
-207.39 33.3235 -203.313 40.7179
-207.384 30.9289 -203.351 38.3203
-207.366 28.7379 -203.373 36.1598
-207.338 26.7801 -203.383 34.2515
-207.272 25.0762 -203.375 32.5427
-207.185 23.6379 -203.333 31.1508
-207.081 22.407 -203.289 29.9165
-206.954 21.3226 -203.187 28.8946
-206.782 20.3344 -203.04 27.9162
-206.552 19.4367 -202.892 27.0925
-206.295 18.6149 -202.689 26.3263
-205.959 17.8523 -202.439 25.5917
-205.602 17.1478 -202.091 24.8305
-205.183 16.4996 -201.719 24.1384
-204.64 15.8343 -201.195 23.4715
-203.962 15.1264 -200.567 22.7676
-203.106 14.4023 -199.76 22.0339
-202.093 13.7238 -198.772 21.3201
-200.891 13.0729 -197.555 20.6137
-199.455 12.4511 -196.196 19.9595
-197.803 11.8479 -194.525 19.2911
-195.986 11.2512 -192.693 18.612
-194.078 10.7998 -190.779 18.1285
-192.242 10.55 -188.965 17.8193
-190.512 10.4925 -187.155 17.6656
-188.775 10.5147 -185.415 17.6521
-187.053 10.5308 -183.668 17.6187
-185.316 10.5898 -181.892 17.6307
-183.477 10.6725 -180.031 17.6694
-181.518 10.7684 -178.055 17.7147
-179.434 10.8955 -175.954 17.7973
-177.235 11.053 -173.739 17.9253
-174.913 11.228 -171.358 18.0376
-172.454 11.4065 -168.887 18.1851
-169.878 11.6332 -166.256 18.3474
-167.173 11.9035 -163.571 18.5798
-164.356 12.2419 -160.759 18.8798
-161.414 12.6053 -157.836 19.1817
-158.375 12.9576 -154.758 19.498
-155.289 13.2664 -151.647 19.7694
-152.154 13.4772 -148.511 19.9267
-148.979 13.5344 -145.323 19.9629
-145.756 13.4495 -142.131 19.8671
-142.513 13.324 -138.87 19.7255
-139.219 13.2641 -135.599 19.59
-135.872 13.2352 -132.289 19.4986
-132.469 13.238 -128.898 19.4341
-128.999 13.2502 -125.406 19.3783
-125.452 13.248 -121.883 19.3383
-121.822 13.2242 -118.291 19.3095
-118.143 13.1971 -114.619 19.2627
-114.366 13.1954 -110.957 19.2085
-110.549 13.203 -107.19 19.1379
-106.721 13.235 -103.416 19.136
-102.856 13.2377 -99.5713 19.0684
-99.052 13.3443 -95.7623 19.0285
-95.2376 13.4448 -91.9719 18.9906
-91.4196 13.5301 -88.1886 18.9747
-87.6191 13.6743 -84.4035 18.9992
-83.8254 13.8122 -80.7011 19.021
-80.045 13.9412 -76.9576 19.0545
-76.2629 14.0642 -73.2042 19.135
-72.5272 14.1697 -69.5176 19.1769
-68.7601 14.3149 -65.8807 19.1616
-65.042 14.4483 -62.2077 19.2059
-61.4095 14.5975 -58.5277 19.2479
-57.8128 14.7529 -54.9383 19.2652
-54.2721 14.9167 -51.3826 19.2957
-50.8632 15.1117 -47.8629 19.3356
-47.4569 15.289 -44.4041 19.3797
-44.0959 15.4539 -40.9927 19.4406
-40.8634 15.6115 -37.7302 19.5034
-37.7793 15.7689 -34.5822 19.5576
-34.8785 16.0016 -31.5862 19.6269
-32.1086 16.2243 -28.78 19.6541
-29.4177 16.3367 -26.0649 19.6629
-26.8648 16.3774 -23.54 19.6376
-24.5693 16.4539 -21.1905 19.6104
-22.4959 16.5031 -19.0504 19.5754
-20.582 16.5197 -17.1094 19.499
-18.8462 16.5082 -15.3832 19.4481
-17.329 16.4823 -13.832 19.4184
-16.0375 16.4755 -12.4642 19.3642
-14.9561 16.5152 -11.2559 19.382
-14.0178 16.6039 -10.2726 19.4296
-13.1256 16.7459 -9.34472 19.558
-12.2772 17.0186 -8.48373 19.8222
-11.5187 17.3878 -7.70426 20.1749
-10.7939 17.8531 -6.96053 20.6306
-10.0237 18.4518 -6.15462 21.1825
-9.26687 19.25 -5.35511 21.9562
-8.49998 20.2303 -4.61607 22.9808
-7.71447 21.4488 -3.88179 24.1968
-6.94385 22.8998 -3.1192 25.6849
-6.20942 24.6309 -2.39696 27.4327
-5.58062 26.6368 -1.78664 29.4785
-5.10072 28.9385 -1.31 31.8221
-4.83229 31.5403 -0.969882 34.418
-4.75281 34.3277 -0.889073 37.2163
-4.79902 37.3351 -0.911865 40.2332
-4.91194 40.4995 -0.995591 43.4222
-5.09038 43.7008 -1.13366 46.6369
-5.27659 46.9041 -1.24983 49.8361
-5.46434 50.1267 -1.3606 53.0503
-5.70174 53.3484 -1.46728 56.2141
-5.92628 56.5668 -1.57135 59.3865
-6.14972 59.7476 -1.65223 62.5778
-6.32619 62.8533 -1.72233 65.6344
-6.45059 65.8153 -1.78041 68.6114
-6.55802 68.6332 -1.83571 71.389
-6.62523 71.2796 -1.88745 74.0668
-6.65551 73.7498 -1.91964 76.512
-6.68446 75.9951 -1.95657 78.752
-6.65235 77.9879 -1.95972 80.7291
-6.50881 79.715 -1.85432 82.4572
-6.21368 81.1579 -1.59111 83.9235
-5.72962 82.3905 -1.16097 85.1403
-5.16124 83.4352 -0.621796 86.1769
-4.54265 84.2529 0.00845379 87.0219
-3.86611 84.8846 0.648558 87.6569
-3.26244 85.3117 1.23865 88.0734
-2.77988 85.6082 1.69232 88.3774
-2.29293 85.8554 2.14817 88.6455
-1.73789 86.0252 2.64265 88.8472
-1.12712 86.1474 3.14902 88.9944
-0.518659 86.2513 3.66101 89.1118
0.0982828 86.3544 4.19609 89.2251
0.701588 86.4274 4.74693 89.2952
1.30643 86.4942 5.30614 89.3476
1.8817 86.5444 5.87067 89.4009
2.48205 86.5712 6.44443 89.412
3.08164 86.6015 7.03372 89.451
3.76115 86.6254 7.70937 89.4647
4.61979 86.697 8.53202 89.5191
5.59133 86.7709 9.46633 89.5736
6.60844 86.8444 10.4764 89.637
7.63402 86.9014 11.5288 89.6858
8.71111 86.9585 12.6734 89.7268
9.83278 87.0097 13.8269 89.7473
11.0076 87.0115 14.989 89.7433
12.2754 86.9651 16.2134 89.6849
13.6263 86.9182 17.4864 89.6338
15.07 86.8252 18.8813 89.5463
16.6153 86.7852 20.3351 89.5122
18.2818 86.8777 21.9505 89.6173
20.0478 87.082 23.6726 89.8085
21.9006 87.2857 25.4989 89.9815
23.8632 87.4752 27.4819 90.1102
25.902 87.5919 29.539 90.1719
28.0106 87.6438 31.6655 90.2031
30.1617 87.6662 33.8212 90.2341
32.3201 87.6642 35.9784 90.2505
34.4576 87.6598 38.0863 90.234
36.6058 87.6719 40.2406 90.246
38.7308 87.6934 42.3902 90.2462
40.8455 87.7302 44.5125 90.2568
42.9178 87.7802 46.5751 90.293
44.9828 87.855 48.6684 90.3539
47.0291 87.9341 50.7116 90.4064
49.0885 87.9881 52.8052 90.4453
51.1312 88.0467 54.8615 90.4739
53.1789 88.0887 56.8994 90.4936
55.2287 88.1319 58.8995 90.5238
57.2573 88.1899 60.9343 90.567
59.2842 88.2314 62.9582 90.6046
61.3079 88.2681 64.9862 90.629
63.3335 88.3132 67.0032 90.656
65.3836 88.354 68.999 90.6806
67.4465 88.392 71.064 90.7072
69.4831 88.4322 73.0775 90.7484
71.5512 88.437 75.1283 90.7747
73.5903 88.4498 77.1429 90.7985
75.6424 88.4475 79.1539 90.8204
77.6756 88.4548 81.183 90.834
79.7058 88.461 83.178 90.8351
81.744 88.4803 85.2076 90.8675
83.7746 88.5114 87.2147 90.8869
85.7993 88.5571 89.2465 90.9176
87.8044 88.6012 91.2767 90.9276
89.8069 88.6436 93.2951 90.951
91.8034 88.7048 95.3125 91.0018
93.754 88.7381 97.2915 91.0155
95.6705 88.7904 99.2093 91.0434
97.5384 88.822 101.121 91.0266
99.323 88.8597 102.935 91.0468
100.955 88.8568 104.553 91.0414
102.409 88.885 106.037 91.049
103.66 88.873 107.32 91.0294
104.773 88.8633 108.443 91.0224
105.718 88.8445 109.423 91.0026
106.476 88.8453 110.201 91.014
107.081 88.836 110.808 91.0211
107.6 88.8635 111.282 91.0716
108.076 88.9669 111.757 91.1683
108.507 89.1617 112.204 91.3699
108.888 89.4296 112.59 91.6472
109.268 89.7529 112.976 91.9727
109.65 90.1817 113.371 92.4078
110.008 90.6837 113.74 92.9158
110.332 91.2624 114.093 93.5286
110.663 91.9582 114.444 94.2187
110.947 92.7508 114.756 95.006
111.19 93.6499 115.034 95.8978
111.329 94.6763 115.204 96.9152
111.382 95.8344 115.295 98.0667
111.376 97.1567 115.333 99.3802
111.321 98.7121 115.388 100.862
111.179 100.499 115.401 102.564
111.053 102.454 115.413 104.427
110.953 104.574 115.429 106.466
110.848 106.868 115.428 108.702
110.729 109.312 115.414 111.103
110.605 111.878 115.38 113.636
110.451 114.521 115.309 116.307
110.254 117.24 115.199 119.021
110.056 119.971 115.082 121.754
109.856 122.687 114.953 124.481
109.666 125.388 114.829 127.208
109.502 128.078 114.733 129.892
109.371 130.753 114.682 132.577
109.256 133.407 114.639 135.234
109.149 136.007 114.605 137.803
109.039 138.439 114.563 140.249
108.947 140.687 114.524 142.453
108.848 142.714 114.485 144.428
108.76 144.486 114.444 146.178
108.69 146.045 114.408 147.733
108.716 147.402 114.384 149.092
108.828 148.54 114.37 150.271
108.921 149.485 114.378 151.233
109.007 150.284 114.399 152.035
109.05 151.027 114.429 152.788
109.11 151.749 114.471 153.524
109.24 152.403 114.502 154.247
109.344 153.098 114.531 154.975
109.453 153.934 114.584 155.85
109.521 154.936 114.6 156.88
109.584 156.073 114.624 158.032
109.645 157.329 114.652 159.303
109.668 158.738 114.645 160.727
109.715 160.312 114.67 162.314
109.696 162.089 114.683 164.072
109.649 164.032 114.688 166.003
109.639 166.109 114.675 168.093
109.633 168.34 114.656 170.311
109.613 170.711 114.632 172.676
109.583 173.21 114.605 175.133
109.553 175.81 114.577 177.746
109.534 178.5 114.555 180.436
109.536 181.237 114.559 183.156
109.577 183.941 114.555 185.878
109.589 186.636 114.556 188.58
109.628 189.311 114.544 191.269
109.659 191.927 114.509 193.91
109.63 194.43 114.417 196.433
109.575 196.783 114.319 198.806
109.515 198.966 114.231 200.971
109.471 200.971 114.154 203.004
109.449 202.821 114.1 204.852
109.449 204.602 114.07 206.631
109.488 206.354 114.084 208.388
109.546 208.062 114.107 210.084
109.61 209.709 114.14 211.738
109.672 211.263 114.163 213.273
109.706 212.702 114.159 214.69
109.734 214.084 114.147 216.065
109.731 215.443 114.105 217.424
109.707 216.764 114.037 218.738
109.7 218.051 113.995 220.017
109.687 219.347 113.953 221.325
109.663 220.745 113.928 222.692
109.624 222.182 113.873 224.114
109.633 223.69 113.877 225.621
109.598 225.286 113.831 227.215
109.57 226.964 113.778 228.895
109.44 228.724 113.647 230.654
109.201 230.57 113.428 232.507
108.84 232.5 113.098 234.455
108.453 234.508 112.738 236.478
108.103 236.603 112.411 238.577
107.82 238.783 112.152 240.759
107.625 241.068 111.979 243.041
107.501 243.44 111.86 245.399
107.404 245.878 111.797 247.837
107.333 248.416 111.754 250.268
107.257 251.021 111.684 252.882
107.177 253.625 111.607 255.499
107.086 256.217 111.528 258.134
106.99 258.788 111.443 260.677
106.889 261.346 111.345 263.273
106.804 263.853 111.261 265.739
106.757 266.257 111.191 268.15
106.737 268.496 111.127 270.438
106.721 270.543 111.085 272.441
106.665 272.451 111.041 274.361
106.602 274.232 110.998 276.152
106.541 275.936 110.957 277.842
106.49 277.549 110.939 279.44
106.431 279.024 110.939 280.899
106.436 280.326 110.996 282.2
106.526 281.483 111.099 283.351
106.691 282.5 111.277 284.359
106.934 283.394 111.531 285.232
107.265 284.175 111.824 286.008
107.615 284.885 112.167 286.761
108.053 285.553 112.591 287.451
108.564 286.162 113.055 288.08
109.134 286.815 113.614 288.758
109.716 287.521 114.192 289.457
110.122 288.203 114.656 290.122
110.422 288.82 114.987 290.737
110.587 289.418 115.205 291.335
110.618 290.064 115.291 291.944
110.519 290.708 115.268 292.529
110.371 291.314 115.162 293.123
110.142 291.925 114.993 293.703
109.837 292.549 114.718 294.293
109.496 293.15 114.388 294.884
109.127 293.786 114.034 295.515
108.698 294.485 113.603 296.192
108.257 295.314 113.181 297.004
107.818 296.219 112.767 297.909
107.428 297.304 112.398 298.985
107.065 298.537 112.062 300.222
106.761 299.883 111.775 301.578
106.505 301.404 111.532 303.123
106.275 303.166 111.309 304.888
106.086 305.101 111.128 306.807
105.832 307.215 110.903 308.888
105.631 309.512 110.712 311.171
105.511 311.925 110.572 313.605
105.445 314.491 110.517 316.173
105.421 317.133 110.473 318.783
105.443 319.874 110.476 321.524
105.446 322.692 110.469 324.394
105.418 325.55 110.413 327.254
105.395 328.464 110.37 330.157
105.364 331.395 110.339 333.087
105.291 334.292 110.28 335.988
105.22 337.192 110.209 338.879
105.144 340.052 110.137 341.718
105.075 342.868 110.044 344.54
105.009 345.616 109.918 347.287
104.963 348.184 109.791 349.916
104.902 350.569 109.677 352.336
104.817 352.734 109.593 354.534
104.677 354.661 109.53 356.482
104.615 356.352 109.494 358.196
104.604 357.799 109.51 359.65
104.701 359.026 109.619 360.905
104.891 360.124 109.817 362.02
105.193 361.14 110.109 363.065
105.584 362.034 110.503 364.027
106.095 362.891 111.006 364.893
106.699 363.652 111.616 365.664
107.414 364.338 112.353 366.352
108.207 364.984 113.169 367.092
109.274 365.625 114.261 367.765
110.518 366.322 115.483 368.466
111.969 367.023 116.963 369.177
113.629 367.645 118.629 369.804
115.503 368.146 120.503 370.313
117.563 368.47 122.569 370.68
119.826 368.664 124.851 370.883
122.238 368.733 127.244 370.95
124.813 368.744 129.832 370.988
127.51 368.75 132.536 371.009
130.334 368.743 135.361 371.019
133.296 368.738 138.313 371.052
136.384 368.77 141.385 371.096
139.555 368.816 144.544 371.155
142.817 368.904 147.78 371.249
146.129 369.028 151.077 371.379
149.484 369.138 154.424 371.507
152.891 369.31 157.804 371.623
156.306 369.518 161.239 371.759
159.737 369.684 164.672 371.873
163.199 369.812 168.127 371.94
166.695 369.93 171.627 372.038
170.207 370.046 175.158 372.157
173.772 370.157 178.698 372.269
177.361 370.267 182.291 372.415
180.975 370.367 185.879 372.546
184.518 370.493 189.483 372.675
188.058 370.608 193.038 372.806
191.65 370.691 196.608 372.934
195.256 370.767 200.189 373.069
198.85 370.86 203.698 373.201
202.381 370.946 207.21 373.305
205.846 371.042 210.689 373.406
209.283 371.14 214.106 373.491
212.668 371.264 217.48 373.6
216.064 371.406 220.84 373.708
219.482 371.543 224.201 373.818
222.884 371.678 227.575 373.928
226.298 371.815 230.973 374.056
229.736 371.946 234.34 374.194
233.194 372.081 237.755 374.321
236.65 372.202 241.19 374.414
240.111 372.286 244.61 374.514
243.564 372.362 248.033 374.589
247.015 372.439 251.427 374.688
250.457 372.513 254.816 374.762
253.892 372.591 258.237 374.862
257.29 372.696 261.62 374.969
260.691 372.783 265.012 375.083
264.069 372.88 268.395 375.209
267.432 372.989 271.759 375.342
270.777 373.106 275.059 375.475
274.109 373.237 278.368 375.631
277.433 373.382 281.692 375.797
280.759 373.51 284.986 375.953
284.056 373.639 288.291 376.092
287.359 373.744 291.593 376.224
290.66 373.828 294.898 376.329
293.948 373.891 298.16 376.409
297.238 373.938 301.444 376.498
300.521 373.989 304.68 376.586
303.768 374.045 307.945 376.678
306.958 374.123 311.176 376.758
310.147 374.188 314.424 376.846
313.322 374.161 317.588 376.937
316.484 374.148 320.74 377.002
319.614 374.138 323.873 377.075
322.711 374.135 326.954 377.146
325.755 374.16 330.039 377.237
328.76 374.253 333.016 377.396
331.723 374.48 335.961 377.692
334.63 374.898 338.839 378.164
337.444 375.575 341.656 378.827
340.191 376.426 344.391 379.716
342.858 377.501 347.045 380.799
345.468 378.758 349.632 382.063
348.032 380.139 352.191 383.463
350.528 381.659 354.717 384.96
353.019 383.175 357.2 386.479
355.491 384.652 359.667 387.958
357.947 386.052 362.168 389.334
360.45 387.298 364.723 390.597
362.989 388.343 367.283 391.6
365.63 389.18 369.956 392.454
368.277 389.785 372.57 393.074
371 390.204 375.301 393.496
373.811 390.41 378.057 393.721
376.67 390.516 380.916 393.791
379.566 390.476 383.794 393.733
382.519 390.335 386.768 393.571
385.569 390.096 389.764 393.347
388.668 389.806 392.853 393.059
391.801 389.496 395.978 392.749
394.948 389.201 399.08 392.469
398.071 388.865 402.194 392.15
401.148 388.482 405.24 391.762
404.066 388.059 408.112 391.34
406.692 387.53 410.755 390.82
409 386.806 413.018 390.108
410.963 385.896 414.942 389.204
412.562 384.785 416.58 388.149
413.997 383.545 417.976 386.889
415.181 382.106 419.129 385.425
416.123 380.517 420.044 383.8
416.78 378.715 420.734 382.024
417.258 376.862 421.208 380.128
417.474 374.922 421.442 378.166
417.571 372.941 421.537 376.119
417.595 370.957 421.557 374.1
417.608 368.989 421.565 372.114
417.584 367.038 421.546 370.135
417.564 365.09 421.516 368.149
417.542 363.163 421.489 366.203
417.538 361.254 421.468 364.294
417.529 359.369 421.443 362.373
417.528 357.497 421.435 360.482
417.533 355.637 421.419 358.594
417.535 353.779 421.417 356.713
417.572 351.871 421.416 354.805
417.625 349.951 421.445 352.889
417.694 348.024 421.517 350.949
417.786 346.082 421.595 348.973
417.909 344.103 421.724 346.979
418.016 342.077 421.817 344.933
418.081 339.965 421.86 342.816
418.09 337.761 421.859 340.608
418.051 335.424 421.801 338.232
417.958 332.974 421.692 335.768
417.86 330.443 421.549 333.208
417.713 327.892 421.329 330.66
417.483 325.34 421.035 328.082
417.033 322.796 420.62 325.548
416.342 320.296 420.018 323.074
415.5 317.847 419.227 320.572
414.502 315.486 418.252 318.21
413.318 313.202 417.086 315.91
412.033 310.983 415.819 313.69
410.705 308.826 414.506 311.533
409.333 306.723 413.142 309.401
407.939 304.69 411.76 307.361
406.473 302.693 410.302 305.369
404.955 300.72 408.774 303.348
403.422 298.744 407.262 301.337
401.884 296.709 405.728 299.282
400.392 294.64 404.271 297.213
398.848 292.569 402.854 295.093
397.412 290.464 401.505 292.978
396.057 288.363 400.207 290.846
394.718 286.28 398.923 288.727
393.408 284.21 397.666 286.643
392.117 282.094 396.401 284.56
390.835 279.983 395.162 282.441
389.58 277.838 393.935 280.297
388.345 275.666 392.754 278.118
387.12 273.483 391.547 275.878
385.876 271.265 390.339 273.709
384.628 269.049 389.129 271.459
383.382 266.843 387.925 269.248
382.126 264.656 386.696 267.054
380.854 262.504 385.447 264.871
379.661 260.395 384.169 262.731
378.447 258.284 382.916 260.691
377.135 256.232 381.614 258.608
375.83 254.204 380.344 256.615
374.666 252.142 379.103 254.61
373.467 250.09 377.822 252.591
372.26 248.017 376.512 250.538
371.007 245.9 375.194 248.475
369.693 243.723 373.818 246.364
368.315 241.49 372.405 244.191
366.888 239.204 370.955 241.928
365.461 236.869 369.474 239.647
364.013 234.51 367.992 237.31
362.53 232.104 366.504 234.901
361.127 229.647 365.031 232.483
359.661 227.165 363.537 229.989
358.173 224.665 362.021 227.505
356.667 222.124 360.514 225.094
355.094 219.563 358.82 222.497
353.424 216.994 357.175 220.014
351.712 214.401 355.407 217.373
349.976 211.758 353.666 214.763
348.217 209.054 351.872 212.032
346.44 206.296 350.096 209.335
344.719 203.491 348.304 206.556
343.049 200.668 346.554 203.801
341.324 197.881 344.752 200.991
339.569 195.094 342.992 198.187
337.853 192.287 341.279 195.413
336.195 189.467 339.548 192.598
334.505 186.644 337.836 189.779
332.81 183.813 336.143 186.944
331.136 180.975 334.461 184.107
329.491 178.149 332.78 181.279
327.933 175.42 331.169 178.571
326.471 172.833 329.639 175.957
325.095 170.445 328.239 173.569
323.762 168.206 326.882 171.274
322.412 165.997 325.536 169.079
321.011 163.835 324.153 166.896
319.642 161.679 322.83 164.768
318.296 159.472 321.513 162.585
316.952 157.229 320.172 160.319
315.589 154.961 318.819 158.058
314.136 152.693 317.424 155.767
312.632 150.387 315.979 153.436
311.148 148.012 314.544 151.073
309.613 145.58 313.051 148.638
308.017 143.109 311.527 146.129
306.331 140.598 309.92 143.637
304.564 138.076 308.277 141.075
302.797 135.509 306.557 138.437
300.997 132.894 304.778 135.651
299.223 130.219 303.081 132.982
297.437 127.496 301.323 130.209
295.655 124.726 299.64 127.527
293.887 121.905 297.81 124.581
292.107 119.015 296.086 121.81
290.286 116.097 294.291 118.885
288.486 113.135 292.52 115.991
286.686 110.205 290.693 113.016
284.894 107.269 288.898 110.077
283.126 104.35 287.096 107.187
281.355 101.454 285.317 104.3
279.594 98.5937 283.551 101.437
277.854 95.7823 281.81 98.6068
276.123 93.0151 280.103 95.8056
274.407 90.2946 278.387 93.0424
272.693 87.6206 276.686 90.3309
270.986 84.9908 275.034 87.734
269.325 82.3706 273.38 85.1184
267.721 79.7614 271.802 82.5474
266.125 77.1878 270.173 79.9939
264.543 74.6501 268.558 77.3973
262.986 72.1461 267.033 74.9514
261.442 69.6721 265.583 72.6172
259.914 67.2289 264.02 70.0657
258.305 64.8845 262.547 67.6501
256.746 62.5662 261.087 65.2387
255.295 60.2347 259.722 62.8447
253.998 57.8593 258.518 60.4533
252.911 55.4136 257.504 57.992
252.071 52.9184 256.745 55.4991
251.456 50.3795 256.184 52.933
251.102 47.849 255.875 50.3706
250.932 45.3623 255.744 47.8269
250.859 42.9704 255.715 45.4138
250.881 40.7031 255.701 43.0959
250.86 38.5296 255.639 40.8498
250.643 36.4222 255.444 38.7379
250.22 34.4315 255.017 36.718
249.55 32.5224 254.374 34.8063
248.682 30.8059 253.499 33.079
247.595 29.2962 252.367 31.504
246.326 27.9868 251.075 30.1672
244.807 26.8705 249.589 29.0269
243.208 26.0462 248 28.1759
241.618 25.512 246.403 27.6121
240.183 25.2447 244.975 27.325
238.935 25.1827 243.705 27.2388
237.834 25.3064 242.605 27.3405
236.751 25.5474 241.572 27.6081
235.82 26.015 240.638 28.0495
235.019 26.634 239.833 28.6334
234.322 27.3804 239.123 29.3602
233.665 28.27 238.514 30.2733
233.152 29.3702 238.013 31.3573
232.718 30.6238 237.585 32.5817
232.381 32.0261 237.268 33.9476
232.146 33.5639 237.049 35.4834
231.97 35.2309 236.891 37.1371
231.824 37.0574 236.756 38.9411
231.712 38.9718 236.651 40.8849
231.614 41.0547 236.53 42.9221
231.5 43.2654 236.41 45.0565
231.399 45.5764 236.3 47.392
231.32 47.958 236.205 49.7457
231.245 50.4551 236.125 52.2167
231.18 53.0457 236.054 54.7751
231.113 55.7346 235.986 57.4498
231.018 58.532 235.909 60.2419
230.923 61.4683 235.839 63.0779
230.782 64.3864 235.76 65.9509
230.554 67.3012 235.578 68.7846
230.383 70.2794 235.425 71.8216
230.252 73.2658 235.299 74.7511
230.117 76.2792 235.171 77.7764
229.964 79.299 235.014 80.8181
229.813 82.3509 234.868 83.8785
229.64 85.3617 234.735 86.8974
229.508 88.3724 234.604 89.9708
229.396 91.4042 234.505 92.9479
229.226 94.3904 234.343 95.8713
229.043 97.3836 234.154 98.8368
228.916 100.421 234.043 101.87
228.777 103.43 233.895 104.871
228.62 106.515 233.739 107.956
228.493 109.618 233.612 111.081
228.345 112.766 233.472 114.163
228.262 115.954 233.333 117.417
228.174 119.124 233.197 120.516
228.063 122.3 233.058 123.691
227.924 125.439 232.895 126.812
227.8 128.526 232.746 129.905
227.652 131.598 232.585 132.978
227.535 134.639 232.441 136.019
227.42 137.638 232.304 138.997
227.314 140.648 232.156 142.016
227.209 143.552 232.024 144.934
227.067 146.491 231.846 147.872
226.959 149.421 231.71 150.747
226.876 152.286 231.603 153.599
226.801 155.135 231.494 156.404
226.732 157.929 231.384 159.193
226.671 160.677 231.281 161.934
226.582 163.434 231.164 164.669
226.485 166.141 231.03 167.368
226.397 168.835 230.903 170.052
226.292 171.503 230.751 172.721
226.194 174.156 230.605 175.386
226.098 176.846 230.465 178.041
226.004 179.603 230.34 180.778
225.899 182.37 230.214 183.529
225.79 185.147 230.087 186.262
225.666 187.882 229.949 188.988
225.56 190.597 229.839 191.677
225.451 193.273 229.703 194.385
225.344 195.959 229.6 197.084
225.255 198.651 229.506 199.749
225.193 201.335 229.42 202.392
225.127 204.007 229.33 204.997
225.066 206.635 229.241 207.621
225.011 209.237 229.163 210.144
224.943 211.826 229.078 212.723
224.891 214.4 229.009 215.261
224.851 216.936 228.943 217.771
224.575 219.362 228.877 220.234
224.296 221.837 228.809 222.717
224.077 224.336 228.754 225.271
223.913 226.902 228.703 227.843
223.742 229.522 228.622 230.493
223.607 232.177 228.556 233.133
223.385 235.003 228.434 235.867
223.16 237.809 228.278 238.635
222.961 240.675 228.13 241.503
222.792 243.535 228.003 244.327
222.589 246.352 227.863 247.141
222.381 249.17 227.721 249.865
222.221 251.92 227.618 252.565
222.08 254.673 227.535 255.311
221.957 257.368 227.452 257.958
221.829 260.047 227.383 260.562
221.693 262.647 227.261 263.218
221.569 265.262 227.178 265.85
221.46 267.84 227.096 268.431
221.336 270.382 227.01 271.002
221.19 272.766 226.893 273.418
221.088 275.002 226.813 275.609
221.026 277.046 226.774 277.653
221.049 278.872 226.815 279.409
221.13 280.543 226.899 281.069
221.22 282.1 227.012 282.59
221.344 283.572 227.163 284.041
221.383 284.983 227.232 285.428
221.427 286.297 227.309 286.72
221.355 287.505 227.277 287.903
221.243 288.626 227.2 288.998
221.037 289.679 227.014 290.054
220.706 290.652 226.706 291.011
220.342 291.553 226.349 291.915
219.854 292.365 225.89 292.751
219.27 293.213 225.32 293.606
218.538 294.065 224.595 294.455
217.687 294.89 223.737 295.289
216.658 295.681 222.708 296.083
215.445 296.4 221.496 296.762
214.043 296.981 220.086 297.33
212.393 297.367 218.477 297.717
210.497 297.523 216.624 297.93
208.423 297.551 214.567 297.967
206.131 297.483 212.314 297.913
203.651 297.386 209.839 297.858
200.976 297.311 207.201 297.828
198.089 297.235 204.363 297.793
194.998 297.17 201.266 297.779
191.702 297.088 197.995 297.752
188.259 296.973 194.546 297.706
184.688 296.837 191.005 297.638
180.991 296.698 187.361 297.576
177.262 296.546 183.647 297.49
173.558 296.375 179.929 297.382
169.919 296.278 176.212 297.274
166.317 296.216 172.55 297.173
162.711 296.177 168.903 297.073
159.135 296.12 165.242 296.956
155.571 296.038 161.639 296.851
152.008 295.961 158.007 296.748
148.468 295.873 154.478 296.652
144.947 295.785 150.921 296.562
141.444 295.698 147.397 296.469
137.976 295.609 143.868 296.384
134.475 295.536 140.453 296.284
131.021 295.387 136.981 296.165
127.585 295.185 133.62 295.996
124.194 294.919 130.225 295.729
120.833 294.569 126.87 295.412
117.524 294.148 123.553 295.006
114.277 293.717 120.319 294.591
111.044 293.263 117.082 294.165
107.875 292.82 113.91 293.744
104.689 292.433 110.706 293.351
101.526 292.113 107.528 293.034
98.3207 291.868 104.301 292.788
95.0757 291.698 101.039 292.628
91.7816 291.601 97.717 292.543
88.4617 291.51 94.3608 292.483
85.094 291.416 90.9546 292.417
81.6725 291.325 87.5382 292.352
78.2236 291.217 84.0705 292.271
74.7664 291.107 80.6053 292.188
71.3442 290.985 77.1615 292.07
67.9419 290.873 73.8073 291.964
64.5746 290.766 70.4434 291.895
61.2464 290.656 67.1419 291.78
57.9444 290.556 63.8992 291.681
54.6885 290.464 60.6576 291.581
51.4652 290.375 57.4177 291.49
48.2504 290.299 54.2093 291.394
45.0501 290.226 51.0136 291.32
41.8753 290.158 47.9144 291.228
38.7115 290.079 44.7958 291.151
35.5787 289.999 41.6891 291.075
32.468 289.919 38.5825 290.995
29.399 289.856 35.5314 290.922
26.3744 289.806 32.5112 290.873
23.4662 289.754 29.6145 290.847
20.7033 289.696 26.9547 290.793
18.0656 289.632 24.332 290.723
15.5451 289.574 21.821 290.675
13.1479 289.52 19.4242 290.62
10.888 289.488 17.1949 290.608
8.79307 289.52 15.1027 290.647
6.88382 289.607 13.2033 290.754
5.08284 289.771 11.3779 290.916
3.36077 289.989 9.66338 291.144
1.69344 290.246 7.99868 291.416
0.0817619 290.524 6.38675 291.696
-1.45404 290.825 4.86686 291.996
-2.91214 291.154 3.4259 292.32
-4.26383 291.496 2.0794 292.669
-5.46963 291.865 0.891015 293.015
-6.5618 292.25 -0.188318 293.415
-7.56733 292.72 -1.17043 293.859
-8.25085 293.151 -1.85306 294.283
-8.61556 293.415 -2.21228 294.547
-8.70138 293.498 -2.30193 294.632
-8.67782 293.476 -2.27761 294.602
-8.67069 293.481 -2.27565 294.606
-8.66047 293.477 -2.27542 294.601
-8.6517 293.469 -2.27209 294.612
-8.64383 293.46 -2.27732 294.613
-8.65193 293.468 -2.28768 294.63
-8.68785 293.502 -2.32999 294.662
-8.76211 293.57 -2.40991 294.739
-8.92049 293.731 -2.5742 294.913
-9.16968 294.008 -2.82928 295.202
-9.5061 294.395 -3.18213 295.625
-9.95865 294.935 -3.62903 296.186
-10.5205 295.676 -4.19064 296.938
-11.1175 296.668 -4.77487 297.931
-11.7085 297.866 -5.36337 299.176
-12.2376 299.339 -5.89046 300.643
-12.6833 301.018 -6.33339 302.313
-13.0706 302.865 -6.72423 304.154
-13.3687 304.91 -7.02598 306.211
-13.5656 307.103 -7.22621 308.436
-13.7225 309.484 -7.39315 310.791
