0 0.000136196 0.00798494 100 11.6279
0 0.000130476 0.0127263 200 12.0482
0 7.82792e-05 0.0136574 300 10.274
0 4.78423e-05 0.00666344 400 10.2828
0 3.37731e-05 0.00248752 500 10.3306
0 1.98676e-05 0.000629685 600 10.772
0 2.76306e-05 0.00068284 700 11.1288
0 2.62172e-05 0.000438731 800 10.7962
10 5.3711e-05 0.00389286 100 11.6279
10 5.63645e-05 0.00305769 200 12.0482
10 4.49882e-05 0.00391465 300 9.77199
10 2.87321e-05 0.00127613 400 10.3359
10 2.36805e-05 0.000276394 500 10.3093
10 8.09724e-06 0.000477166 600 10.7914
10 1.60284e-05 0.00160929 700 11.1465
10 1.22528e-05 0.00135655 800 10.7962
20 7.73585e-05 0.00610145 100 11.7647
20 5.5243e-05 0.00154903 200 11.9048
20 5.82317e-05 0.00198158 300 9.61539
20 3.15501e-05 0.000856721 400 10.3627
20 2.31716e-05 0.000201107 500 10.3306
20 1.21254e-05 0.000838488 600 10.8303
20 1.65952e-05 0.00227427 700 11.1643
20 1.13696e-05 0.00169878 800 10.8108
30 9.76566e-05 0.00839667 100 11.7647
30 3.06881e-05 0.00309408 200 11.4943
30 4.09823e-05 0.00231165 300 9.61539
30 2.00583e-05 0.00143057 400 10.4167
30 1.52544e-05 0.000338543 500 10.3734
30 2.82148e-05 0.00148075 600 10.8499
30 2.21905e-05 0.00337035 700 11.1643
30 1.53562e-05 0.00221673 800 10.8254
40 0.000137155 0.00317906 100 11.9048
40 6.10355e-05 0.00263191 200 11.0497
40 4.35824e-05 0.00169037 300 9.61539
40 2.18367e-05 0.000523164 400 10.4439
40 1.15135e-05 0.000248273 500 10.4167
40 2.07002e-05 0.00132321 600 10.8893
40 1.8808e-05 0.002614 700 11.1643
40 1.55371e-05 0.00146794 800 10.8548
50 0.000149067 0.0022822 100 11.9048
50 5.77745e-05 0.00409231 200 10.7527
50 3.91305e-05 0.00225469 300 9.6463
50 2.08594e-05 0.000568027 400 10.4167
50 3.90625e-06 0.000396057 500 10.4384
50 2.32897e-05 0.00146207 600 10.9091
50 2.3407e-05 0.0024827 700 11.0935
50 1.83005e-05 0.00122979 800 10.8844
60 0.000110809 0.00296658 100 12.0482
60 4.33995e-05 0.00392771 200 10.5263
60 2.92064e-05 0.00186314 300 9.70874
60 1.5775e-05 0.000525924 400 10.2828
60 4.78416e-06 0.000490238 500 10.4822
60 2.87611e-05 0.00185431 600 10.9489
60 2.85828e-05 0.00269375 700 10.8696
60 1.96929e-05 0.00121738 800 10.9141
70 0.000131021 0.00356641 100 12.0482
70 4.36733e-05 0.00361598 200 10.3093
70 2.50038e-05 0.00159372 300 9.74026
70 1.44436e-05 0.000460291 400 10.1266
70 1.33543e-05 0.000719287 500 10.5263
70 2.95337e-05 0.00230205 600 10.9689
70 2.63413e-05 0.0028294 700 10.7198
70 1.90877e-05 0.00118877 800 10.9439
80 0.000117797 0.00471142 100 12.1951
80 5.77745e-05 0.00386438 200 9.90099
80 2.40313e-05 0.0016256 300 9.80392
80 1.36479e-05 0.000600147 400 10.0251
80 1.76864e-05 0.00105549 500 10.5708
80 2.7789e-05 0.00270673 600 11.0092
80 2.38294e-05 0.0028263 700 10.6545
80 1.62634e-05 0.00114295 800 10.9739
90 0.000112623 0.00711709 100 12.1951
90 5.15017e-05 0.0063485 200 9.17431
90 2.83316e-05 0.00218222 300 9.86842
90 1.9068e-05 0.000849101 400 10
90 1.66303e-05 0.00118069 500 10.5932
90 2.78842e-05 0.00259328 600 11.0294
90 2.26463e-05 0.00242236 700 10.6545
90 1.47751e-05 0.000830036 800 11.0041
100 6.62338e-05 0.00588268 100 12.0482
100 7.55661e-05 0.00447619 200 8.81057
100 2.51622e-05 0.00146005 300 9.93377
100 1.52954e-05 0.0011173 400 10
100 2.08766e-05 0.00212874 500 10.6157
100 2.94551e-05 0.00376523 600 11.0497
100 2.24954e-05 0.00313057 700 10.6545
100 1.13532e-05 0.00115107 800 11.0193
110 3.34749e-05 0.00438398 100 11.3636
110 3.74261e-05 0.00379613 200 8.73362
110 1.49173e-05 0.000411672 300 9.96678
110 1.83918e-05 0.00263261 400 10.0251
110 3.94277e-05 0.0053271 500 10.6383
110 3.9401e-05 0.00801179 600 11.0497
110 3.04937e-05 0.00605562 700 10.6707
110 1.88323e-05 0.00264987 800 11.0345
120 2.39208e-05 0.00693198 100 10.4167
120 2.27719e-05 0.00447889 200 8.73362
120 2.37541e-05 0.000683267 300 10
120 3.24351e-05 0.0034488 400 10.0503
120 4.72913e-05 0.00671654 500 10.661
120 4.19099e-05 0.00945174 600 11.0294
120 3.05017e-05 0.00639824 700 10.7034
120 2.20237e-05 0.00270741 800 11.0497
130 7.14295e-05 0.0108758 100 9.80392
130 3.51258e-05 0.00568706 200 8.77193
130 3.67206e-05 0.00130552 300 9.96678
130 4.92846e-05 0.00518692 400 10.0756
130 5.42514e-05 0.0088999 500 10.6838
130 4.87008e-05 0.0117482 600 10.9689
130 3.36858e-05 0.00717466 700 10.7198
130 2.17942e-05 0.00293585 800 11.0497
140 4.20036e-05 0.00784992 100 9.34579
140 3.30268e-05 0.00294841 200 8.77193
140 2.75734e-05 0.00179066 300 9.80392
140 3.95369e-05 0.00478549 400 10.1266
140 5.2591e-05 0.00802858 500 10.7066
140 4.65592e-05 0.0101077 600 10.7335
140 3.07163e-05 0.00557977 700 10.7527
140 1.49879e-05 0.00212482 800 11.065
150 8.4432e-05 0.0102568 100 8.92857
150 3.6212e-05 0.00252294 200 8.81057
150 3.25522e-05 0.00275167 300 9.58466
150 4.55608e-05 0.00604562 400 10.1523
150 5.52186e-05 0.00967341 500 10.7296
150 4.63311e-05 0.0109055 600 10.5079
150 3.49617e-05 0.00585504 700 10.7692
150 1.792e-05 0.00226012 800 11.065
160 2.92969e-05 0.00800991 100 8.26446
160 2.78363e-05 0.00134375 200 8.84956
160 2.98346e-05 0.00292799 300 9.40439
160 4.77644e-05 0.00561429 400 10.1781
160 4.85158e-05 0.00884443 500 10.7527
160 3.87655e-05 0.0089105 600 10.4167
160 2.95125e-05 0.00455977 700 10.8025
160 1.55491e-05 0.001569 800 11.065
170 2.44141e-05 0.00578995 100 7.29927
170 2.65205e-05 0.000697512 200 8.92857
170 2.29602e-05 0.00309223 300 9.375
170 4.35028e-05 0.00569174 400 10.2041
170 4.73216e-05 0.00865687 500 10.7759
170 3.58819e-05 0.00783424 600 10.3986
170 2.78499e-05 0.00372332 700 10.8192
170 1.02859e-05 0.00132436 800 11.0803
180 7.84298e-05 0.00342927 100 6.89655
180 2.34172e-05 0.000757641 200 9.04977
180 2.15926e-05 0.00296134 300 9.40439
180 4.03206e-05 0.00534802 400 10.2564
180 4.34332e-05 0.00801293 500 10.8225
180 3.05261e-05 0.00665042 600 10.4167
180 1.92807e-05 0.00292246 700 10.8527
180 1.03039e-05 0.000963934 800 11.0803
190 9.83863e-05 0.00306143 100 6.89655
190 2.51358e-05 0.00137386 200 9.17431
190 2.10962e-05 0.00367155 300 9.49367
190 4.05601e-05 0.00617388 400 10.3627
190 4.44962e-05 0.00881673 500 10.8932
190 3.14242e-05 0.00675882 600 10.4712
190 1.86782e-05 0.00303838 700 10.9204
190 1.07117e-05 0.00092285 800 11.0957
200 9.9351e-05 0.00222555 100 7.0922
200 2.5017e-05 0.00183828 200 9.38967
200 1.8051e-05 0.0039787 300 9.6463
200 4.92694e-05 0.00651124 400 10.4712
200 4.35647e-05 0.00901435 500 10.989
200 3.02099e-05 0.00651354 600 10.5634
200 1.74805e-05 0.00286585 700 10.989
200 1.0358e-05 0.000850521 800 11.1421
210 6.30999e-05 0.00210364 100 7.29927
210 2.89901e-05 0.00291849 200 9.61539
210 2.53719e-05 0.00544259 300 9.80392
210 5.32382e-05 0.00834721 400 10.6101
210 4.53455e-05 0.0108333 500 11.0865
210 3.11384e-05 0.00749453 600 10.6762
210 1.96927e-05 0.00341405 700 11.0759
210 1.44307e-05 0.00111891 800 11.2045
220 5.48095e-05 0.00272814 100 7.57576
220 3.57981e-05 0.00414831 200 9.80392
220 3.94675e-05 0.00665783 300 9.96678
220 5.67212e-05 0.00993186 400 10.7527
220 4.71196e-05 0.0123883 500 11.1607
220 3.36334e-05 0.00810826 600 10.772
220 2.31036e-05 0.00371086 700 11.1643
220 1.42619e-05 0.00124032 800 11.2676
230 5.12114e-05 0.00227264 100 7.8125
230 3.24809e-05 0.00362138 200 10
230 4.75086e-05 0.00597772 300 10.1351
230 5.57941e-05 0.00873746 400 10.8992
230 4.43781e-05 0.0108905 500 11.2108
230 2.95449e-05 0.00662935 600 10.8696
230 1.70293e-05 0.00278624 700 11.236
230 5.66017e-06 0.000787622 800 11.3154
240 5.48095e-05 0.00226996 100 8.06452
240 3.2755e-05 0.00401755 200 10.0503
240 3.97018e-05 0.0060638 300 10.274
240 5.19346e-05 0.00880202 400 11.0193
240 4.57538e-05 0.01066 500 11.1359
240 2.76337e-05 0.00605901 600 10.9489
240 1.33813e-05 0.0025187 700 11.3086
240 4.52649e-06 0.000722855 800 11.3636
250 4.05597e-05 0.00276269 100 8.33333
250 2.9901e-05 0.0033592 200 10
250 4.08528e-05 0.00500785 300 10.4167
250 5.02873e-05 0.00756768 400 11.1421
250 4.4464e-05 0.00887025 500 10.9649
250 2.93086e-05 0.00471241 600 11.0294
250 1.18378e-05 0.00173263 700 11.3636
250 7.76852e-06 0.000511393 800 11.4286
260 5.16749e-05 0.00305284 100 8.62069
260 3.17383e-05 0.00351441 200 9.85222
260 3.29566e-05 0.00495612 300 10.5634
260 4.87525e-05 0.00754198 400 11.2676
260 3.89776e-05 0.00827455 500 10.846
260 2.68804e-05 0.00426501 600 11.1317
260 1.35619e-05 0.0015634 700 11.4379
260 1.08155e-05 0.000464012 800 11.4943
270 6.80098e-05 0.00683209 100 8.92857
270 4.83992e-05 0.00821202 200 9.90099
270 6.69311e-05 0.0102043 300 10.7527
270 5.85697e-05 0.0132317 400 11.396
270 4.3881e-05 0.012984 500 10.8696
270 3.2715e-05 0.00717077 600 11.236
270 2.01446e-05 0.00318355 700 11.5132
270 6.01127e-06 0.00132742 800 11.5774
280 6.00011e-05 0.00677582 100 9.43396
280 5.01531e-05 0.00811858 200 10.0503
280 6.16568e-05 0.00998942 300 10.989
280 5.66029e-05 0.0129022 400 11.5942
280 4.28584e-05 0.0121264 500 10.9649
280 3.08499e-05 0.00649781 600 11.3422
280 1.72282e-05 0.00287034 700 11.6086
280 6.01127e-06 0.00117056 800 11.6788
290 5.3711e-05 0.00609642 100 10.101
290 4.11434e-05 0.0073583 200 10.3093
290 5.26404e-05 0.00916032 300 11.236
290 5.48241e-05 0.0119517 400 11.8343
290 4.11672e-05 0.0108317 500 11.0865
290 3.31873e-05 0.0056521 600 11.4943
290 1.19604e-05 0.00242473 700 11.7253
290 3.55893e-06 0.000980493 800 11.782
300 4.25674e-05 0.00567996 100 10.8696
300 3.48703e-05 0.00707482 200 10.6383
300 5.29665e-05 0.00913935 300 11.5385
300 5.31121e-05 0.0119228 400 12.0482
300 3.92337e-05 0.0104063 500 11.236
300 2.76935e-05 0.00529202 600 11.6505
300 9.30642e-06 0.00227954 700 11.8644
300 5.52697e-06 0.000883721 800 11.9048
310 3.65396e-05 0.0048625 100 11.7647
310 3.31169e-05 0.00635597 200 10.989
310 5.10824e-05 0.00842084 300 11.8577
310 5.16469e-05 0.0111661 400 12.3077
310 3.67873e-05 0.00943302 500 11.3895
310 2.64958e-05 0.00459792 600 11.811
310 1.43634e-05 0.00190865 700 11.9863
310 4.18436e-06 0.000686097 800 12.0301
320 4.36732e-05 0.00863797 100 12.5
320 4.60645e-05 0.0106984 200 11.2994
320 7.11707e-05 0.0129834 300 12.0968
320 6.17165e-05 0.0156503 400 12.5
320 4.39136e-05 0.012598 500 11.5207
320 2.92746e-05 0.00654932 600 11.9284
320 1.92428e-05 0.00305743 700 12.069
320 4.04862e-06 0.00125768 800 12.1212
330 9.14798e-05 0.0129044 100 13.1579
330 6.20044e-05 0.0150914 200 11.4943
330 7.93048e-05 0.0173293 300 12.2951
330 7.09713e-05 0.0199183 400 12.6183
330 5.10168e-05 0.0152456 500 11.6279
330 2.95785e-05 0.00814938 600 12.024
330 2.2657e-05 0.00383841 700 12.1107
330 6.68607e-06 0.0016448 800 12.1951
340 0.000105857 0.0133878 100 13.6986
340 5.91509e-05 0.0151895 200 11.6959
340 8.91056e-05 0.0176797 300 12.3967
340 6.76052e-05 0.020141 400 12.6582
340 4.81705e-05 0.0142266 500 11.6822
340 3.23178e-05 0.00748306 600 12.0724
340 2.30192e-05 0.00335591 700 12.1107
340 4.88282e-06 0.00139846 800 12.2324
350 8.73467e-05 0.0112715 100 13.6986
350 8.64558e-05 0.0126532 200 11.7647
350 8.33921e-05 0.0154653 300 12.4481
350 5.999e-05 0.0175801 400 12.6183
350 4.2557e-05 0.0111411 500 11.7096
350 2.95785e-05 0.00538943 600 12.0724
350 1.85344e-05 0.00215032 700 12.069
350 7.86384e-06 0.000804458 800 12.2324
360 5.81855e-05 0.00843152 100 13.3333
360 4.70883e-05 0.010009 200 11.8343
360 7.47651e-05 0.0125866 300 12.4481
360 5.72313e-05 0.0141607 400 12.3839
360 3.6265e-05 0.00789309 500 11.7647
360 1.85398e-05 0.00335177 600 12.0724
360 7.04486e-06 0.00117216 700 12.0482
360 4.84452e-06 0.000245415 800 12.2137
370 4.20036e-05 0.0054476 100 12.0482
370 4.64511e-05 0.00733799 200 11.8343
370 6.96277e-05 0.0102979 300 12.5
370 5.87475e-05 0.0110228 400 11.7994
370 3.80364e-05 0.0054642 500 11.7647
370 1.4072e-05 0.00192559 600 12.0724
370 5.03007e-06 0.000580664 700 12.0482
370 4.6483e-06 0.000235749 800 12.0664
380 4.97952e-05 0.00698493 100 10.8696
380 8.3866e-05 0.00890654 200 11.8343
380 7.15604e-05 0.0121356 300 12.4481
380 5.13866e-05 0.0113091 400 11.4286
380 3.59878e-05 0.00549525 500 11.7925
380 1.77924e-05 0.00181894 600 12.0482
380 4.62699e-06 0.000513726 700 12.0482
380 5.06996e-06 0.00036531 800 11.9225
390 4.73407e-05 0.00654755 100 10.3093
390 6.39914e-05 0.00846914 200 11.8343
390 6.47788e-05 0.011443 300 12.4481
390 4.55935e-05 0.00936696 400 11.2994
390 3.07581e-05 0.00411026 500 11.7925
390 6.90534e-06 0.00126248 600 12
390 9.79052e-06 0.000295302 700 12.0482
390 5.45915e-06 0.00042147 800 11.8168
400 5.89993e-05 0.0100188 100 10.101
400 8.69028e-05 0.012265 200 11.7647
400 7.60127e-05 0.0149873 300 12.3967
400 5.05238e-05 0.0109717 400 11.236
400 2.96531e-05 0.00473496 500 11.7647
400 1.58012e-05 0.00153228 600 11.9522
400 4.06735e-06 0.000350541 700 12.0275
400 7.74451e-06 0.000803337 800 11.713
410 3.12653e-05 0.00781885 100 10
410 8.54851e-05 0.0103631 200 11.7647
410 7.38381e-05 0.0130429 300 12.2951
410 5.14735e-05 0.00836176 400 11.236
410 2.78964e-05 0.00318535 500 11.7647
410 9.42045e-06 0.000629392 600 11.8577
410 7.44775e-06 0.000289256 700 12.0275
410 9.17562e-06 0.00064425 800 11.5774
420 9.77786e-05 0.00649758 100 10.101
420 9.80841e-05 0.0102005 200 11.7647
420 7.33882e-05 0.0123093 300 12.2449
420 4.75925e-05 0.00687235 400 11.2676
420 2.66731e-05 0.00223207 500 11.7647
420 8.45729e-06 0.000122412 600 11.811
420 6.6175e-06 0.000255233 700 12.0275
430 9.45556e-05 0.00734054 100 10.3093
430 9.56223e-05 0.0102418 200 11.9048
430 7.43387e-05 0.0119345 300 12.0968
430 4.58055e-05 0.00581448 400 11.3314
430 2.17272e-05 0.00146741 500 11.7925
430 5.86841e-06 0.000333772 600 11.811
430 7.14771e-06 0.000459334 700 12.0275
440 9.95906e-05 0.00793355 100 10.7527
440 0.000103639 0.0110938 200 12.1951
440 7.86338e-05 0.0122864 300 11.9048
440 4.60488e-05 0.0054912 400 11.4613
440 2.21833e-05 0.00130299 500 11.8765
440 1.02617e-05 0.000417011 600 11.8812
440 8.01419e-06 0.000656864 700 12.0275
450 0.000125822 0.00814053 100 11.3636
450 0.000113784 0.0117113 200 12.5
450 8.17881e-05 0.0119763 300 11.6279
450 5.21065e-05 0.0051531 400 11.6279
450 2.01324e-05 0.00106289 500 12.0192
450 7.45863e-06 0.000403718 600 11.976
450 1.13338e-05 0.00064756 700 12.0482
460 9.71671e-05 0.00789792 100 12.0482
460 0.000108857 0.0116063 200 12.9032
460 7.68274e-05 0.0109535 300 11.583
460 4.73098e-05 0.00446702 400 11.7994
460 2.08994e-05 0.000800329 500 12.1359
460 1.33722e-05 0.000430086 600 12.0968
460 8.19431e-06 0.000781055 700 12.0482
470 0.000155946 0.0078488 100 12.8205
470 0.000106616 0.0117662 200 13.3333
470 7.21504e-05 0.0104092 300 11.583
470 4.68191e-05 0.00402163 400 11.976
470 1.86061e-05 0.00047692 500 12.2549
470 7.93197e-06 0.000507901 600 12.22
470 1.05558e-05 0.000841866 700 12.069
480 0.000135845 0.0083844 100 13.3333
480 0.000106756 0.0119236 200 13.6054
480 6.85927e-05 0.00936423 300 11.583
480 4.4769e-05 0.0033356 400 12.1212
480 1.50023e-05 0.000317686 500 12.3457
480 1.15949e-05 0.000640109 600 12.3203
480 1.11171e-05 0.000990616 700 12.0482
490 0.000146811 0.00926017 100 13.6986
490 0.000108088 0.0124526 200 13.7931
490 7.13194e-05 0.00877527 300 11.6279
490 4.0853e-05 0.00267642 400 12.1951
490 1.60763e-05 5.3835e-05 500 12.3762
490 1.33225e-05 0.000780051 600 12.3711
490 1.27481e-05 0.00117354 700 12.0069
500 0.00015564 0.0107119 100 13.8889
500 0.000113705 0.0136345 200 13.7931
500 7.44099e-05 0.00851477 300 11.6279
500 3.51472e-05 0.00226612 400 12.2324
500 1.78474e-05 0.000385858 500 12.3457
500 1.40012e-05 0.000944334 600 12.3967
500 1.62096e-05 0.00125676 700 11.925
510 0.000178943 0.0116949 100 13.8889
510 0.000105746 0.0141307 200 13.6986
510 6.36234e-05 0.00743925 300 11.6279
510 3.12416e-05 0.00167052 400 12.2324
510 1.06082e-05 0.000823958 500 12.2549
510 1.53548e-05 0.00107118 600 12.3967
520 0.000150895 0.00872846 100 13.8889
520 8.89702e-05 0.00980546 200 13.4228
520 5.43489e-05 0.00426469 300 11.6279
520 2.42304e-05 0.000446227 400 12.1951
520 3.23889e-06 0.000675062 500 12.1655
520 1.95314e-05 0.00060797 600 12.3711
530 0.000130747 0.00380234 100 13.6986
530 7.48528e-05 0.00379494 200 12.6582
530 5.10045e-05 0.00128849 300 11.6279
530 2.25087e-05 0.000496715 400 12.1581
530 2.48977e-05 0.000330614 500 12.1065
530 2.70768e-05 0.00194776 600 12.2699
540 0.000119903 0.00545188 100 13.6986
540 6.94842e-05 0.0041749 200 11.3636
540 3.86194e-05 0.00110677 300 11.6732
540 1.68263e-05 0.000452343 400 12.1212
540 2.02505e-05 0.000648912 500 12.0773
540 2.1346e-05 0.00204556 600 12.0482
550 0.000105857 0.00363341 100 13.6986
550 5.66809e-05 0.00197002 200 10.8696
550 2.9161e-05 0.000439661 300 11.6732
550 1.93781e-05 0.000340442 400 12.0846
550 3.90875e-05 0.00173397 500 12.0773
550 2.73082e-05 0.0034678 600 11.8812
560 9.3414e-05 0.00581892 100 13.6986
560 5.20772e-05 0.00236528 200 10.6952
560 1.6438e-05 0.000273771 300 11.6732
560 2.12136e-05 0.000540981 400 12.0482
560 3.79485e-05 0.0014786 500 12.1065
560 1.87705e-05 0.00278968 600 11.7417
570 8.67991e-05 0.00553996 100 13.5135
570 4.82141e-05 0.00155059 200 10.6383
570 2.10962e-05 0.000595911 300 11.7188
570 1.89505e-05 0.000674328 400 11.976
570 3.91119e-05 0.00223896 500 12.1065
570 3.01441e-05 0.00356214 600 11.6279
580 8.0233e-05 0.00539899 100 13.3333
580 4.52815e-05 0.00112598 200 10.6383
580 2.00665e-05 0.000727199 300 11.6732
580 2.22758e-05 0.000824565 400 11.8694
580 3.69037e-05 0.00266546 500 12.1065
590 4.31239e-05 0.00278821 100 12.987
590 4.68345e-05 0.000501578 200 10.6952
590 2.60417e-05 0.000684481 300 11.6732
590 3.80581e-05 0.00154795 400 11.7647
590 4.18792e-05 0.00439302 500 12.0773
600 2.0716e-05 0.00287515 100 11.7647
600 3.94422e-05 0.000605954 200 10.7527
600 4.56604e-05 0.00104002 300 11.6279
600 5.55666e-05 0.00177014 400 11.6959
600 4.6344e-05 0.00424332 500 11.9904
610 3.71864e-05 0.00103439 100 9.80392
610 2.34172e-05 0.00104899 200 10.7527
610 4.79526e-05 0.00150976 300 11.6279
610 5.82379e-05 0.00195236 400 11.6959
610 4.50288e-05 0.00423705 500 11.7647
620 3.65396e-05 0.00112793 100 8.92857
620 2.62948e-05 0.00157231 200 10.8108
620 5.00079e-05 0.00181781 300 11.583
620 6.16199e-05 0.0021394 400 11.6959
620 4.10047e-05 0.00408773 500 11.5473
630 4.83374e-05 0.00175638 100 8.69565
630 2.48976e-05 0.00218259 200 10.8108
630 5.52673e-05 0.0019905 300 11.5385
630 6.4929e-05 0.00306311 400 11.6959
630 3.74934e-05 0.00488515 500 11.4155
640 5.3041e-05 0.00206626 100 8.69565
640 3.93666e-05 0.002597 200 10.8696
640 5.6029e-05 0.00198117 300 11.4943
640 6.40509e-05 0.00353139 400 11.7302
640 4.18565e-05 0.00519385 500 11.3122
650 6.157e-05 0.00264982 100 8.77193
650 5.29287e-05 0.00272804 200 10.929
650 5.7083e-05 0.00221213 300 11.4068
650 6.6348e-05 0.00402725 400 11.7647
650 3.91607e-05 0.00560665 500 11.1857
660 5.45916e-05 0.00371459 100 8.84956
660 4.86449e-05 0.00361332 200 10.989
660 5.46891e-05 0.00289464 300 11.3636
660 5.6616e-05 0.0042701 400 11.7994
670 6.05942e-05 0.00441661 100 9.09091
670 4.06332e-05 0.00420374 200 11.1111
670 6.7247e-05 0.00308786 300 11.3636
670 5.67606e-05 0.00428271 400 11.8694
680 7.14295e-05 0.00378794 100 9.52381
680 6.15703e-05 0.00335887 200 11.3636
680 8.76819e-05 0.00283444 300 11.5385
680 6.36541e-05 0.00494321 400 11.9403
690 8.73467e-05 0.00207403 100 10.101
690 7.33648e-05 0.0022217 200 11.7647
690 8.8778e-05 0.00328332 300 11.7647
690 6.20777e-05 0.00612169 400 12.0846
700 9.56836e-05 0.00126589 100 10.8696
700 7.7513e-05 0.00207711 200 12.1951
700 9.20597e-05 0.00412356 300 12.0968
700 7.38527e-05 0.00703044 400 12.2324
710 6.157e-05 0.00094191 100 11.6279
710 8.49606e-05 0.00191141 200 12.6582
710 8.59886e-05 0.00387442 300 12.3967
710 6.11343e-05 0.00663052 400 12.3457
720 3.55474e-05 0.00201847 100 12.5
720 7.65457e-05 0.00206611 200 13.0719
720 7.45167e-05 0.00253968 300 12.6582
720 4.86608e-05 0.00500133 400 12.4224
730 3.31169e-05 0.00499614 100 13.3333
730 6.95271e-05 0.00444379 200 13.4228
730 7.61867e-05 0.00189635 300 12.931
730 4.59679e-05 0.00261414 400 12.3839
740 4.70882e-05 0.00464969 100 13.8889
740 7.7513e-05 0.00322892 200 13.6054
740 7.49774e-05 0.00209908 300 13.1004
740 4.41826e-05 0.00354245 400 12.3457
750 6.90535e-05 0.00726304 100 14.0845
750 8.15965e-05 0.0042778 200 13.6054
750 7.20217e-05 0.0025238 300 13.2159
750 3.49559e-05 0.00270585 400 12.2324
760 0.000101017 0.00768025 100 14.2857
760 8.552e-05 0.00464541 200 13.4228
760 7.79571e-05 0.0028802 300 13.2159
760 4.32279e-05 0.0031254 400 12.0482
770 6.95695e-05 0.00745698 100 14.0845
770 7.54082e-05 0.0045459 200 13.0719
770 6.47175e-05 0.00209206 300 13.1579
780 6.2721e-05 0.00841127 100 13.8889
780 8.11937e-05 0.00509398 200 12.8205
780 5.93805e-05 0.00180168 300 13.0435
790 0.000113677 0.00812144 100 13.6986
790 0.000105915 0.00469084 200 12.6582
790 7.0441e-05 0.00253384 300 12.7119
800 0.000113046 0.00471069 100 13.3333
800 0.000109512 0.00177477 200 12.6582
800 5.09005e-05 0.00391006 300 12.1951
810 0.000117696 0.0023519 100 13.1579
810 0.000107535 0.00409681 200 12.6582
810 5.82999e-05 0.00635071 300 11.8577
820 9.02993e-05 0.00407012 100 12.8205
820 7.76667e-05 0.00259624 200 12.6582
820 3.27146e-05 0.00324424 300 11.6279
830 9.0563e-05 0.00404754 100 12.3457
830 8.72451e-05 0.00178585 200 12.6582
830 4.2224e-05 0.00243775 300 11.3636
840 8.25761e-05 0.00342246 100 12.0482
840 6.80102e-05 0.00241042 200 12.6582
850 0.000100544 0.00227232 100 11.7647
850 6.53736e-05 0.00318466 200 12.5786
860 0.000148426 0.0020408 100 11.6279
860 6.47783e-05 0.0026013 200 12.2699
870 0.000102888 0.00293389 100 11.7647
870 3.33858e-05 0.00196509 200 11.7647
880 0.000117696 0.00153606 100 11.9048
880 4.37415e-05 0.00313945 200 11.3636
890 0.000125822 0.00246548 100 12.0482
890 2.9901e-05 0.00305088 200 11.1111
900 0.000134256 0.00324714 100 12.3457
900 5.69955e-05 0.00353886 200 10.989
910 0.000117391 0.0045357 100 12.6582
910 5.56194e-05 0.00411419 200 10.8108
920 0.000101957 0.00599219 100 12.987
930 0.000123816 0.00604438 100 13.3333
940 5.0034e-05 0.00211797 100 13.1579
950 1.89111e-05 0.00521081 100 12.0482
960 4.42158e-05 0.00563393 100 10.989
970 6.99114e-05 0.00960271 100 10.2041
980 4.36732e-05 0.0100067 100 9.70874
990 5.58864e-05 0.00841817 100 9.09091
