0 0.000123527 0.00919523 100 11.6279
0 0.000128102 0.0126322 200 12.0482
0 7.26261e-05 0.0145488 300 10.274
0 5.21351e-05 0.00701395 400 10.2828
0 3.03209e-05 0.00251006 500 10.3306
0 1.99009e-05 0.000612048 600 10.772
0 2.82316e-05 0.000585095 700 11.1288
0 2.7269e-05 0.000710218 800 10.7962
10 6.45937e-05 0.00361138 100 11.6279
10 8.85337e-05 0.00202032 200 12.0482
10 4.41861e-05 0.0039006 300 9.77199
10 3.05666e-05 0.00129321 400 10.3359
10 1.68581e-05 0.000435657 500 10.3093
10 8.37861e-06 0.000390116 600 10.7914
10 1.74805e-05 0.00139694 700 11.1465
10 1.36206e-05 0.00129319 800 10.7962
20 7.1095e-05 0.00251825 100 11.7647
20 8.7552e-05 0.00374752 200 11.9048
20 7.0347e-05 0.0048468 300 9.61539
20 4.26902e-05 0.00149989 400 10.3627
20 1.88859e-05 0.000393993 500 10.3306
20 6.25094e-06 0.000519908 600 10.8303
20 1.62545e-05 0.00132858 700 11.1643
20 1.24189e-05 0.00107382 800 10.8108
30 8.5971e-05 0.0072724 100 11.7647
30 5.80832e-05 0.00303678 200 11.4943
30 5.09005e-05 0.00292491 300 9.61539
30 2.74592e-05 0.00154695 400 10.4167
30 1.48103e-05 0.000177385 500 10.3734
30 1.47386e-05 0.00132787 600 10.8499
30 2.09382e-05 0.00281446 700 11.1643
30 1.39182e-05 0.00190009 800 10.8254
40 9.01672e-05 0.00412272 100 11.9048
40 7.70116e-05 0.00241431 200 11.0497
40 4.71167e-05 0.00184317 300 9.61539
40 2.39209e-05 0.000869943 400 10.4439
40 1.3029e-05 9.23074e-05 500 10.4167
40 1.5864e-05 0.00135253 600 10.8893
40 2.11232e-05 0.00257542 700 11.1643
40 1.62863e-05 0.00151248 800 10.8548
50 0.000111131 0.00198688 100 11.9048
50 7.46934e-05 0.00374499 200 10.7527
50 4.01991e-05 0.00229878 300 9.6463
50 1.79406e-05 0.000560991 400 10.4167
50 5.52427e-06 0.000247121 500 10.4384
50 1.90507e-05 0.00137024 600 10.9091
50 2.36654e-05 0.00242554 700 11.0935
50 1.72958e-05 0.00122072 800 10.8844
60 0.000101722 0.0027079 100 12.0482
60 5.05084e-05 0.00385894 200 10.5263
60 3.00116e-05 0.00195302 300 9.70874
60 1.02858e-05 0.000743072 400 10.2828
60 1.02887e-05 0.00032908 500 10.4822
60 2.84369e-05 0.00154879 600 10.9489
60 2.99463e-05 0.00251069 700 10.8696
60 2.01326e-05 0.00107558 800 10.9141
70 0.000163849 0.0040151 100 12.0482
70 6.02492e-05 0.00650581 200 10.3093
70 3.80319e-05 0.00291286 300 9.74026
70 1.52466e-05 0.000719884 400 10.1266
70 1.25061e-05 0.000137139 500 10.5263
70 2.87726e-05 0.00115137 600 10.9689
70 2.70881e-05 0.00195885 700 10.7198
70 2.04265e-05 0.000689099 800 10.9439
80 0.000139909 0.00333289 100 12.1951
80 5.202e-05 0.00429934 200 9.90099
80 2.83316e-05 0.00174202 300 9.80392
80 7.91106e-06 0.000485618 400 10.0251
80 1.48746e-05 0.000817202 500 10.5708
80 2.90703e-05 0.00222056 600 11.0092
80 2.55347e-05 0.00260004 700 10.6545
80 1.64117e-05 0.000984442 800 10.9739
90 0.000109511 0.00581211 100 12.1951
90 4.17189e-05 0.00672699 200 9.17431
90 3.1936e-05 0.00221551 300 9.86842
90 1.44951e-05 0.000720177 400 10
90 1.74147e-05 0.000963074 500 10.5932
90 3.02537e-05 0.00218156 600 11.0294
90 2.48979e-05 0.0023606 700 10.6545
90 1.5087e-05 0.000746617 800 11.0041
100 0.000156328 0.0101114 100 12.0482
100 9.64911e-05 0.00913025 200 8.81057
100 4.17508e-05 0.00279054 300 9.93377
100 2.16998e-05 0.000676697 400 10
100 1.77671e-05 0.000842638 500 10.6157
100 2.93875e-05 0.00191072 600 11.0497
100 2.3355e-05 0.00201839 700 10.6545
100 1.29188e-05 0.000529602 800 11.0193
110 3.65396e-05 0.00330851 100 11.3636
110 4.12158e-05 0.00235715 200 8.73362
110 1.04218e-05 0.000405006 300 9.96678
110 1.87528e-05 0.00234542 400 10.0251
110 2.79135e-05 0.00472213 500 10.6383
110 3.87057e-05 0.00691301 600 11.0497
110 2.90304e-05 0.00531998 700 10.6707
110 1.74139e-05 0.00231474 800 11.0345
120 3.68644e-05 0.00423489 100 10.4167
120 2.31612e-05 0.00247786 200 8.73362
120 8.91476e-06 0.000196821 300 10
120 2.49276e-05 0.00291287 400 10.0503
120 4.23097e-05 0.00564071 500 10.661
120 3.9443e-05 0.00785565 600 11.0294
120 2.82316e-05 0.00538531 700 10.7034
120 1.66818e-05 0.00227342 800 11.0497
130 3.75056e-05 0.00698696 100 9.80392
130 1.29187e-05 0.00337744 200 8.77193
130 2.25528e-05 0.000643122 300 9.96678
130 3.90247e-05 0.00423784 400 10.0756
130 4.36959e-05 0.00735033 500 10.6838
130 4.44039e-05 0.00966418 600 10.9689
130 3.13824e-05 0.005921 700 10.7198
130 1.93205e-05 0.00244089 800 11.0497
140 4.14321e-05 0.00277511 100 9.34579
140 2.45359e-05 0.000821246 200 8.77193
140 9.49049e-06 0.00049177 300 9.80392
140 1.5489e-05 0.00234815 400 10.1266
140 3.91119e-05 0.00449835 500 10.7066
140 3.78842e-05 0.00602006 600 10.7335
140 2.56582e-05 0.0031725 700 10.7527
140 1.09354e-05 0.00105173 800 11.065
150 2.67443e-05 0.00362011 100 8.92857
150 1.38107e-05 0.000324843 200 8.81057
150 2.13459e-05 0.00158582 300 9.58466
150 3.31396e-05 0.00423316 400 10.1523
150 4.61275e-05 0.00687036 500 10.7296
150 4.01009e-05 0.00795596 600 10.5079
150 2.63598e-05 0.00417066 700 10.7692
150 1.2268e-05 0.00154676 800 11.065
160 7.12625e-05 0.010738 100 8.26446
160 3.84474e-05 0.00106212 200 8.84956
160 4.86927e-05 0.0040691 300 9.40439
160 5.3587e-05 0.007831 400 10.1781
160 5.79987e-05 0.0111902 500 10.7527
160 4.70052e-05 0.0113279 600 10.4167
160 3.44075e-05 0.00613329 700 10.8025
160 1.62405e-05 0.00250273 800 11.065
170 3.31169e-05 0.00427953 100 7.29927
170 1.38107e-05 0.000514305 200 8.92857
170 2.8144e-05 0.0031545 300 9.375
170 4.5838e-05 0.00598159 400 10.2041
170 5.16855e-05 0.00858386 500 10.7759
170 3.90803e-05 0.00796671 600 10.3986
170 2.59318e-05 0.00392413 700 10.8192
170 1.10876e-05 0.00154504 800 11.0803
180 2.44141e-05 0.00447622 100 6.89655
180 1.38107e-05 0.0010468 200 9.04977
180 3.56963e-05 0.00440516 300 9.40439
180 4.89508e-05 0.00741551 400 10.2564
180 5.36681e-05 0.010071 500 10.8225
180 3.79802e-05 0.00854341 600 10.4167
180 2.59411e-05 0.00419009 700 10.8527
180 1.14999e-05 0.00166335 800 11.0803
190 6.38512e-05 0.00341702 100 6.89655
190 9.76563e-06 0.00177398 200 9.17431
190 3.3077e-05 0.00499163 300 9.49367
190 4.77176e-05 0.00791573 400 10.3627
190 5.41547e-05 0.0104521 500 10.8932
190 3.86372e-05 0.00823707 600 10.4712
190 2.56867e-05 0.00401133 700 10.9204
190 1.32322e-05 0.00148889 800 11.0957
200 5.60993e-05 0.00320514 100 7.0922
200 1.58221e-05 0.00244187 200 9.38967
200 3.58075e-05 0.00632139 300 9.6463
200 5.42366e-05 0.00934716 400 10.4712
200 5.64401e-05 0.0118551 500 10.989
200 3.97941e-05 0.0088352 600 10.5634
200 2.42142e-05 0.00433308 700 10.989
200 1.77948e-05 0.00162313 800 11.1421
210 4.25674e-05 0.00227717 100 7.29927
210 1.70899e-05 0.00291696 200 9.61539
210 3.66845e-05 0.00673621 300 9.80392
210 5.99155e-05 0.00979577 400 10.6101
210 5.49675e-05 0.0122232 500 11.0865
210 3.91735e-05 0.00865658 600 10.6762
210 2.56772e-05 0.00415192 700 11.0759
210 1.4572e-05 0.00150833 800 11.2045
220 4.22864e-05 0.00300893 100 7.57576
220 3.79795e-05 0.00434122 200 9.80392
220 4.14323e-05 0.0084173 300 9.96678
220 5.94786e-05 0.0118405 400 10.7527
220 5.73953e-05 0.0142366 500 11.1607
220 4.22875e-05 0.00955302 600 10.772
220 2.54965e-05 0.00467511 700 11.1643
220 1.83514e-05 0.0017123 800 11.2676
230 3.65396e-05 0.00259207 100 7.8125
230 2.78363e-05 0.0037327 200 10
230 4.53402e-05 0.00726084 300 10.1351
230 5.88235e-05 0.0102717 400 10.8992
230 5.46543e-05 0.0124219 500 11.2108
230 3.76474e-05 0.0078004 600 10.8696
230 2.11578e-05 0.00357181 700 11.236
230 1.04832e-05 0.00109708 800 11.3154
240 4.83374e-05 0.00290929 100 8.06452
240 3.94422e-05 0.0045877 200 10.0503
240 3.7997e-05 0.00775992 300 10.274
240 5.97536e-05 0.010617 400 11.0193
240 5.54255e-05 0.0126397 500 11.1359
240 3.80151e-05 0.00740657 600 10.9489
240 1.88468e-05 0.00339209 700 11.3086
240 6.90535e-06 0.00104047 800 11.3636
250 3.58812e-05 0.00347695 100 8.33333
250 3.24809e-05 0.00387921 200 10
250 3.7997e-05 0.00660732 300 10.4167
250 5.80842e-05 0.00923355 400 11.1421
250 5.30784e-05 0.0108326 500 10.9649
250 3.38003e-05 0.00592864 600 11.0294
250 1.70721e-05 0.00251738 700 11.3636
250 4.99595e-06 0.00079327 800 11.4286
260 4.55439e-05 0.00369961 100 8.62069
260 3.50408e-05 0.00407585 200 9.85222
260 4.42161e-05 0.00664885 300 10.5634
260 5.90763e-05 0.00920793 400 11.2676
260 4.85747e-05 0.0102565 500 10.846
260 3.38982e-05 0.00545652 600 11.1317
260 1.61795e-05 0.00228157 700 11.4379
260 4.27246e-06 0.000724474 800 11.4943
270 5.07437e-05 0.00559699 100 8.92857
270 4.73408e-05 0.0061942 200 9.90099
270 5.40802e-05 0.00872926 300 10.7527
270 6.03985e-05 0.0114266 400 11.396
270 4.63852e-05 0.0116069 500 10.8696
270 3.177e-05 0.00625169 600 11.236
270 1.46152e-05 0.00275676 700 11.5132
270 8.99106e-06 0.000958822 800 11.5774
280 4.25674e-05 0.00544271 100 9.43396
280 4.81522e-05 0.00613911 200 10.0503
280 5.1982e-05 0.00851511 300 10.989
280 5.95787e-05 0.0111005 400 11.5942
280 4.64981e-05 0.0108507 500 10.9649
280 2.9846e-05 0.00568137 600 11.3422
280 1.1398e-05 0.00246047 700 11.6086
280 3.71262e-06 0.000829629 800 11.6788
290 3.65396e-05 0.00451749 100 10.101
290 4.07065e-05 0.0052669 200 10.3093
290 5.15727e-05 0.00761872 300 11.236
290 5.97536e-05 0.0100471 400 11.8343
290 4.43674e-05 0.00953235 500 11.0865
290 3.13609e-05 0.00481046 600 11.4943
290 1.39858e-05 0.00202509 700 11.7253
290 4.35878e-06 0.00060183 800 11.782
300 3.00997e-05 0.00344728 100 10.8696
300 3.61296e-05 0.00452866 200 10.6383
300 4.97423e-05 0.00702366 300 11.5385
300 5.70879e-05 0.00940874 400 12.0482
300 4.22195e-05 0.00862556 500 11.236
300 2.67569e-05 0.00417692 600 11.6505
300 9.61501e-06 0.00168709 700 11.8644
300 2.8628e-06 0.000458062 800 11.9048
310 2.92969e-05 0.00301211 100 11.7647
310 3.35639e-05 0.00409055 200 10.989
310 5.05611e-05 0.00649659 300 11.8577
310 5.63522e-05 0.00883595 400 12.3077
310 4.17081e-05 0.00786636 500 11.3895
310 2.58377e-05 0.00365805 600 11.811
310 1.10071e-05 0.00142945 700 11.9863
310 3.45267e-06 0.000397174 800 12.0301
320 3.8136e-05 0.00683074 100 12.5
320 5.27595e-05 0.00880596 200 11.2994
320 6.70497e-05 0.0112512 300 12.0968
320 6.59538e-05 0.0135372 400 12.5
320 4.62617e-05 0.0111219 500 11.5207
320 2.92973e-05 0.0057224 600 11.9284
320 1.14406e-05 0.00261241 700 12.069
320 1.27592e-05 0.000774104 800 12.1212
330 6.80098e-05 0.012301 100 13.1579
330 7.29166e-05 0.0147408 200 11.4943
330 7.86338e-05 0.0169932 300 12.2951
330 7.64506e-05 0.019181 400 12.6183
330 5.40754e-05 0.0148564 500 11.6279
330 3.26237e-05 0.00802682 600 12.024
330 2.56298e-05 0.00383395 700 12.1107
330 8.30169e-06 0.00138822 800 12.1951
340 6.45937e-05 0.0122935 100 13.6986
340 6.87078e-05 0.0151699 200 11.6959
340 8.06957e-05 0.0174337 300 12.3967
340 7.3143e-05 0.019395 400 12.6582
340 5.08202e-05 0.0138776 500 11.6822
340 3.21019e-05 0.00736662 600 12.0724
340 2.52279e-05 0.00334628 700 12.1107
340 2.28373e-06 0.00117571 800 12.2324
350 6.25306e-05 0.010593 100 13.6986
350 5.07439e-05 0.0132582 200 11.7647
350 7.7514e-05 0.0157582 300 12.4481
350 6.6617e-05 0.0174461 400 12.6183
350 4.78527e-05 0.011244 500 11.7096
350 2.78842e-05 0.00558831 600 12.0724
350 2.00113e-05 0.0022328 700 12.069
350 4.00234e-06 0.000644856 800 12.2324
360 5.73601e-05 0.00718756 100 13.3333
360 6.40379e-05 0.0100825 200 11.8343
360 7.46233e-05 0.012643 300 12.4481
360 6.3396e-05 0.0140942 400 12.3839
360 4.20043e-05 0.008048 500 11.7647
360 2.22126e-05 0.00350842 600 12.0724
360 5.12589e-06 0.00102749 700 12.0482
360 4.72777e-06 0.000158432 800 12.2137
370 4.36732e-05 0.00453546 100 12.0482
370 5.4373e-05 0.00787021 200 11.8343
370 7.42495e-05 0.0105777 300 12.5
370 6.46299e-05 0.0115915 400 11.7994
370 4.05956e-05 0.00583515 500 11.7647
370 1.76241e-05 0.00214258 600 12.0724
370 4.62699e-06 0.000410077 700 12.0482
370 5.72561e-06 0.000228494 800 12.0664
380 6.97407e-05 0.00616914 100 10.8696
380 7.41326e-05 0.00905438 200 11.8343
380 7.75652e-05 0.0118815 300 12.4481
380 5.63654e-05 0.0114303 400 11.4286
380 3.66183e-05 0.00556634 500 11.7925
380 1.48059e-05 0.00195542 600 12.0482
380 9.22766e-06 0.000302424 700 12.0482
380 4.09436e-06 0.000378374 800 11.9225
390 5.50266e-05 0.0060685 100 10.3093
390 7.18045e-05 0.00876129 200 11.8343
390 7.42139e-05 0.0112483 300 12.4481
390 5.15024e-05 0.00961689 400 11.2994
390 3.17949e-05 0.00432038 500 11.7925
390 1.02939e-05 0.00140066 600 12
390 5.53659e-06 0.000100147 700 12.0482
390 4.31584e-06 0.000422672 800 11.8168
400 8.08251e-05 0.00927043 100 10.101
400 8.65247e-05 0.011701 200 11.7647
400 8.28502e-05 0.0138677 300 12.3967
400 5.32102e-05 0.0105057 400 11.236
400 3.23893e-05 0.00457336 500 11.7647
400 1.15663e-05 0.00153573 600 11.9522
400 4.243e-06 0.000185013 700 12.0275
400 6.93227e-06 0.000714359 800 11.713
410 9.83863e-05 0.0115027 100 10
410 8.30088e-05 0.013802 200 11.7647
410 8.73641e-05 0.0159031 300 12.2951
410 5.8353e-05 0.0107257 400 11.236
410 3.38154e-05 0.00444973 500 11.7647
410 1.66979e-05 0.00115117 600 11.8577
410 5.448e-06 0.000310796 700 12.0275
410 6.71388e-06 0.00102402 800 11.5774
420 4.75918e-05 0.01066 100 10.101
420 9.70148e-05 0.012978 200 11.7647
420 8.09579e-05 0.0144112 300 12.2449
420 5.1052e-05 0.00849845 400 11.2676
420 2.52967e-05 0.00323433 500 11.7647
420 2.18973e-05 0.000533213 600 11.811
420 5.83608e-06 0.000259193 700 12.0275
430 9.25164e-05 0.00889957 100 10.3093
430 8.73816e-05 0.0110735 200 11.9048
430 7.66548e-05 0.0123107 300 12.0968
430 4.73098e-05 0.00630656 400 11.3314
430 2.21833e-05 0.00196969 500 11.7925
430 7.63415e-06 8.6608e-05 600 11.811
430 8.71234e-06 0.000369727 700 12.0275
440 7.61157e-05 0.00844689 100 10.7527
440 9.43674e-05 0.0106091 200 12.1951
440 7.4836e-05 0.0114201 300 11.9048
440 4.52326e-05 0.00526033 400 11.4613
440 1.82438e-05 0.00147141 500 11.8765
440 8.68904e-06 0.000246887 600 11.8812
440 9.04123e-06 0.000468955 700 12.0275
450 6.30999e-05 0.00687709 100 11.3636
450 9.60887e-05 0.00921648 200 12.5
450 7.37842e-05 0.00955575 300 11.6279
450 4.18797e-05 0.00411613 400 11.6279
450 1.58071e-05 0.0009286 500 12.0192
450 7.89011e-06 0.000243219 600 11.976
450 1.46319e-05 0.00046632 700 12.0482
460 7.59589e-05 0.00728014 100 12.0482
460 9.38607e-05 0.00930743 200 12.9032
460 6.89779e-05 0.00880771 300 11.583
460 3.98186e-05 0.0036605 400 11.7994
460 1.30655e-05 0.000767505 500 12.1359
460 8.61248e-06 0.000195636 600 12.0968
460 9.56427e-06 0.000641903 700 12.0482
470 9.56836e-05 0.00674738 100 12.8205
470 9.43989e-05 0.00921057 200 13.3333
470 6.59542e-05 0.00830885 300 11.583
470 3.78618e-05 0.00319141 400 11.976
470 1.04268e-05 0.000497974 500 12.2549
470 6.14407e-06 0.000339239 600 12.22
470 1.04399e-05 0.000695682 700 12.069
480 0.000103235 0.00720048 100 13.3333
480 9.72909e-05 0.00930965 200 13.6054
480 6.14631e-05 0.00747411 300 11.583
480 3.54848e-05 0.00272306 400 12.1212
480 9.76563e-06 0.000332055 500 12.3457
480 7.27887e-06 0.000543276 600 12.3203
480 9.14823e-06 0.00100686 700 12.0482
490 0.000113677 0.00753645 100 13.6986
490 9.71376e-05 0.00910401 200 13.7931
490 6.44097e-05 0.0066028 300 11.6279
490 3.18557e-05 0.00207723 400 12.1951
490 1.00543e-05 0.000223818 500 12.3762
490 9.62905e-06 0.000627619 600 12.3711
490 1.30685e-05 0.00119641 700 12.0069
500 0.00012285 0.00861875 100 13.8889
500 0.000103236 0.0102488 200 13.7931
500 6.64345e-05 0.00659457 300 11.6279
500 3.08335e-05 0.00172209 400 12.2324
500 9.95903e-06 0.000170118 500 12.3457
500 2.25823e-05 0.000771818 600 12.3967
500 1.26716e-05 0.00115814 700 11.925
510 0.000114721 0.00882625 100 13.8889
510 9.51537e-05 0.0102728 200 13.6986
510 5.42758e-05 0.0055002 300 11.6279
510 2.13885e-05 0.00105683 400 12.2324
510 8.11194e-06 0.000632366 500 12.2549
510 2.24941e-05 0.000886864 600 12.3967
520 0.000134078 0.0101709 100 13.8889
520 9.73521e-05 0.0109159 200 13.4228
520 5.80038e-05 0.00485977 300 11.6279
520 2.13187e-05 0.000604864 400 12.1951
520 7.24239e-06 0.000946445 500 12.1655
520 1.88585e-05 0.000762656 600 12.3711
530 0.000133007 0.00661986 100 13.6986
530 8.41499e-05 0.00707899 200 12.6582
530 4.95823e-05 0.00239141 300 11.6279
530 1.68263e-05 0.00033678 400 12.1581
530 1.8296e-05 0.000779714 500 12.1065
530 2.47377e-05 0.000798676 600 12.2699
540 0.000120597 0.00592881 100 13.6986
540 7.44536e-05 0.00540364 200 11.3636
540 3.64672e-05 0.00139474 300 11.6732
540 2.08951e-05 0.000455699 400 12.1212
540 1.99898e-05 0.0005944 500 12.0773
540 2.31757e-05 0.00157967 600 12.0482
550 0.000108965 0.00483139 100 13.6986
550 6.00014e-05 0.00335144 200 10.8696
550 2.55799e-05 0.00049525 300 11.6732
550 9.534e-06 0.000512375 400 12.0846
550 3.06027e-05 0.000909559 500 12.0773
550 2.53982e-05 0.00246236 600 11.8812
560 0.00010404 0.00436845 100 13.6986
560 5.46463e-05 0.00233632 200 10.6952
560 2.00665e-05 0.000257149 300 11.6732
560 2.29025e-05 0.000591078 400 12.0482
560 3.49117e-05 0.00140698 500 12.1065
560 2.64707e-05 0.00309634 600 11.7417
570 9.74122e-05 0.00429435 100 13.5135
570 4.84607e-05 0.00162975 200 10.6383
570 1.26074e-05 0.000459657 300 11.7188
570 2.08594e-05 0.000752391 400 11.976
570 4.14903e-05 0.00197608 500 12.1065
570 3.2947e-05 0.00372592 600 11.6279
580 0.000101135 0.00311554 100 13.3333
580 4.85836e-05 0.00117316 200 10.6383
580 2.18366e-05 0.000666809 300 11.6732
580 2.04263e-05 0.000864584 400 11.8694
580 4.41303e-05 0.00257818 500 12.1065
590 6.25306e-05 0.00304489 100 12.987
590 3.73464e-05 0.000669589 200 10.6952
590 2.28446e-05 0.00106302 300 11.6732
590 2.82615e-05 0.00108135 400 11.7647
590 4.32682e-05 0.00273289 500 12.0773
600 4.11433e-05 0.0026885 100 11.7647
600 2.12837e-05 0.00052534 200 10.7527
600 3.32766e-05 0.00153359 300 11.6279
600 4.50841e-05 0.00201924 400 11.6959
600 4.98921e-05 0.0037131 500 11.9904
610 4.11433e-05 0.000610136 100 9.80392
610 2.08594e-05 0.000938239 200 10.7527
610 4.28159e-05 0.00195148 300 11.6279
610 5.15169e-05 0.00262154 400 11.6959
610 4.97772e-05 0.00461002 500 11.7647
620 3.78221e-05 0.000683395 100 8.92857
620 3.04932e-05 0.00132716 200 10.8108
620 4.56314e-05 0.00204273 300 11.583
620 5.01686e-05 0.00276495 400 11.6959
620 4.83583e-05 0.00472103 500 11.5473
630 4.95552e-05 0.00135184 100 8.69565
630 3.47848e-05 0.00180735 200 10.8108
630 5.4422e-05 0.00280882 300 11.5385
630 5.25479e-05 0.00412981 400 11.6959
630 4.15018e-05 0.00615749 500 11.4155
640 5.25896e-05 0.0015686 100 8.69565
640 4.36051e-05 0.00215496 200 10.8696
640 6.27429e-05 0.00272924 300 11.4943
640 5.41678e-05 0.00429845 400 11.7302
640 5.00066e-05 0.00633377 500 11.3122
650 6.40376e-05 0.00216718 100 8.77193
650 5.91005e-05 0.00239052 200 10.929
650 5.41536e-05 0.00347071 300 11.4068
650 6.92388e-05 0.00543303 400 11.7647
650 4.40654e-05 0.00748281 500 11.1857
660 5.16749e-05 0.00309635 100 8.84956
660 5.42083e-05 0.00339628 200 10.989
660 5.8504e-05 0.00392491 300 11.3636
660 6.38178e-05 0.00563156 400 11.7994
670 5.52428e-05 0.00372749 100 9.09091
670 5.50268e-05 0.00396964 200 11.1111
670 5.80722e-05 0.00430502 300 11.3636
670 6.42831e-05 0.00584122 400 11.8694
680 6.1956e-05 0.00346618 100 9.52381
680 6.5828e-05 0.0039387 200 11.3636
680 6.66137e-05 0.00455256 300 11.5385
680 7.21583e-05 0.00646422 400 11.9403
690 6.5145e-05 0.00239433 100 10.101
690 7.19289e-05 0.0031642 200 11.7647
690 7.82284e-05 0.00434568 300 11.7647
690 7.06767e-05 0.00682374 400 12.0846
700 8.12664e-05 0.000952448 100 10.8696
700 6.89243e-05 0.00246103 200 12.1951
700 8.04326e-05 0.00407089 300 12.0968
700 7.26934e-05 0.00687091 400 12.2324
710 6.21482e-05 0.000815617 100 11.6279
710 8.08258e-05 0.00230893 200 12.6582
710 7.90706e-05 0.00374006 300 12.3967
710 6.98282e-05 0.00651805 400 12.3457
720 5.98021e-05 0.0027461 100 12.5
720 7.48926e-05 0.003327 200 13.0719
720 6.7581e-05 0.00340007 300 12.6582
720 5.77497e-05 0.00537273 400 12.4224
730 4.36732e-05 0.00529118 100 13.3333
730 6.82727e-05 0.00504843 200 13.4228
730 6.4245e-05 0.00394925 300 12.931
730 5.67344e-05 0.00437159 400 12.3839
740 5.48095e-05 0.00505493 100 13.8889
740 7.42933e-05 0.0040974 200 13.6054
740 6.91505e-05 0.00345962 300 13.1004
740 4.93148e-05 0.00441936 400 12.3457
750 7.25884e-05 0.00646914 100 14.0845
750 6.8054e-05 0.0042053 200 13.6054
750 6.703e-05 0.00323055 300 13.2159
750 4.93903e-05 0.00393032 400 12.2324
760 6.87074e-05 0.00689769 100 14.2857
760 8.06043e-05 0.00420961 200 13.4228
760 7.20033e-05 0.0026558 300 13.2159
760 4.64516e-05 0.00340213 400 12.0482
770 8.48545e-05 0.00616329 100 14.0845
770 7.25067e-05 0.00404346 200 13.0719
770 7.69135e-05 0.00310341 300 13.1579
780 8.78909e-05 0.00696292 100 13.8889
780 7.23009e-05 0.00505011 200 12.8205
780 7.24252e-05 0.00364536 300 13.0435
790 9.64282e-05 0.00543857 100 13.6986
790 9.2453e-05 0.00380558 200 12.6582
790 8.261e-05 0.00421141 300 12.7119
800 0.000106754 0.00884067 100 13.3333
800 9.12851e-05 0.00658102 200 12.6582
800 6.0354e-05 0.00596313 300 12.1951
810 9.91107e-05 0.00392958 100 13.1579
810 7.91491e-05 0.00413374 200 12.6582
810 6.16353e-05 0.00605224 300 11.8577
820 7.79725e-05 0.00532955 100 12.8205
820 7.97867e-05 0.00444757 200 12.6582
820 4.156e-05 0.00497561 300 11.6279
830 8.28643e-05 0.00317045 100 12.3457
830 9.32234e-05 0.00319214 200 12.6582
830 4.95289e-05 0.0049751 300 11.3636
840 6.36642e-05 0.00283864 100 12.0482
840 8.22875e-05 0.00246442 200 12.6582
850 6.157e-05 0.0023998 100 11.7647
850 7.85822e-05 0.00340023 200 12.5786
860 9.18699e-05 0.00465527 100 11.6279
860 8.50657e-05 0.00301833 200 12.2699
870 0.000118805 0.00267454 100 11.7647
870 4.89502e-05 0.00296053 200 11.7647
880 0.000116064 0.0014497 100 11.9048
880 5.66283e-05 0.00411268 200 11.3636
890 7.75124e-05 0.00509249 100 12.0482
890 2.80497e-05 0.00385435 200 11.1111
900 3.62119e-05 0.00538542 100 12.3457
900 4.07065e-05 0.00376532 200 10.989
910 0.000151132 0.00321856 100 12.6582
910 4.14322e-05 0.00426841 200 10.8108
920 0.000173462 0.00597673 100 12.987
930 0.00014336 0.00468201 100 13.3333
940 6.17633e-05 0.0044106 100 13.1579
950 6.29107e-05 0.002978 100 12.0482
960 6.60536e-05 0.00308994 100 10.989
970 5.0034e-05 0.00647084 100 10.2041
980 6.45937e-05 0.00270688 100 9.70874
990 8.0233e-05 0.00887822 100 9.09091
