-5.55112e-17 2.22045e-16 0 -2.98023e-08
0.00203758 3.94173 -0.0354011 3.94291
0.00757102 7.90877 -0.0568788 7.89197
0.00678092 11.9043 -0.0934513 11.8693
-0.00585175 15.9307 -0.149345 15.9013
0.00500609 19.9867 -0.14396 19.9746
-0.00736932 24.0721 -0.159491 24.0502
0.00196227 28.1947 -0.170799 28.1679
0.00682708 32.3353 -0.188222 32.2867
0.0121194 36.5079 -0.194788 36.4573
0.0194295 40.7044 -0.193489 40.6488
0.0262236 44.9282 -0.223212 44.8684
0.0335922 49.1796 -0.217151 49.1082
0.0253698 53.4572 -0.254983 53.3605
0.0132291 57.7455 -0.299557 57.6257
0.00276421 62.028 -0.336091 61.9228
-0.00595393 66.2894 -0.354236 66.2385
-0.0270227 70.53 -0.394692 70.457
-0.0467759 74.7424 -0.429326 74.6673
-0.0528733 78.935 -0.45643 78.9059
-0.0483881 83.0972 -0.463018 83.0333
-0.0751804 87.2502 -0.485909 87.2495
-0.111047 91.3752 -0.503898 91.3749
-0.169705 95.4608 -0.53562 95.5184
-0.234406 99.5151 -0.571336 99.6201
-0.28676 103.546 -0.610066 103.676
-0.334309 107.565 -0.639852 107.741
-0.394315 111.577 -0.65709 111.632
-0.42959 115.56 -0.675799 115.661
-0.430614 119.561 -0.679457 119.704
-0.456074 123.624 -0.669397 123.663
-0.47085 127.692 -0.648827 127.686
-0.470125 131.756 -0.608471 131.72
-0.46612 135.815 -0.563556 135.672
-0.464181 139.863 -0.521426 139.756
-0.474702 143.91 -0.491123 143.841
-0.484415 147.954 -0.462677 147.887
-0.497985 151.992 -0.429255 151.915
-0.518837 156.033 -0.42817 155.947
-0.490889 160.079 -0.389408 159.941
-0.47678 164.13 -0.386473 164.009
-0.449484 168.2 -0.371526 168.119
-0.411154 172.284 -0.370858 172.254
-0.358878 176.409 -0.364818 176.382
-0.313655 180.542 -0.350647 180.556
-0.318656 184.704 -0.365041 184.754
-0.308933 188.9 -0.375656 188.967
-0.300756 193.121 -0.372009 193.322
-0.295505 197.381 -0.345431 197.563
-0.332199 201.657 -0.356632 201.776
-0.348136 205.97 -0.355763 206.169
-0.342964 210.323 -0.331932 210.563
-0.357581 214.714 -0.329658 214.895
-0.360488 219.142 -0.325201 219.301
-0.375507 223.589 -0.322504 223.737
-0.378527 228.06 -0.333565 228.283
-0.37457 232.542 -0.331006 232.782
-0.378408 237.045 -0.325093 237.19
-0.382092 241.571 -0.331258 241.723
-0.377078 246.123 -0.321838 246.333
-0.365894 250.696 -0.311961 250.867
-0.356528 255.288 -0.302183 255.464
-0.3408 259.9 -0.290012 260.064
-0.325374 264.511 -0.25452 264.761
-0.317394 269.138 -0.226358 269.431
-0.31404 273.765 -0.194781 274.037
-0.306203 278.395 -0.138751 278.734
-0.27649 283.05 -0.09348 283.39
-0.230158 287.7 -0.0196225 288.133
-0.192693 292.369 0.0565126 292.763
-0.168171 297.072 0.122287 297.502
-0.143657 301.821 0.205746 302.327
-0.111308 306.609 0.261616 307.094
-0.0932494 311.433 0.313806 311.898
-0.107981 316.295 0.349848 316.758
-0.10397 321.182 0.376186 321.715
-0.0964844 326.068 0.390887 326.636
-0.0744272 330.951 0.410236 331.522
-0.0543496 335.802 0.448424 336.383
-0.0425701 340.629 0.506608 341.227
-0.0351466 345.453 0.491712 346.053
-0.0415633 350.253 0.487599 350.901
-0.0750661 355.038 0.474972 355.64
-0.109101 359.812 0.461404 360.434
-0.141995 364.587 0.446295 365.158
-0.185891 369.387 0.461299 369.939
-0.237813 374.225 0.457224 374.713
-0.270401 378.993 0.467667 379.537
-0.296087 383.841 0.503321 384.321
-0.316454 388.686 0.51259 389.186
-0.32379 393.558 0.558462 394.1
