0 8.76192e-05 0.00203436 100 8.47458
0 6.6772e-05 0.00518708 200 9.43396
0 4.63228e-05 0.00638115 300 10.4167
0 3.37412e-05 0.00286185 400 10.4712
0 2.99411e-05 0.00312754 500 10.4167
0 2.94326e-05 0.0035238 600 10.4167
0 2.33654e-05 0.00389047 700 10.279
0 2.16398e-05 0.00403319 800 10.2828
10 0.000101605 0.00314445 100 9.00901
10 7.81258e-05 0.00819385 200 9.7561
10 5.18289e-05 0.00816708 300 10.7143
10 3.92911e-05 0.00425017 400 10.6667
10 3.50616e-05 0.00436214 500 10.5708
10 2.86342e-05 0.00460779 600 10.5448
10 2.54296e-05 0.00485158 700 10.3704
10 2.17171e-05 0.0047251 800 10.3761
20 7.09271e-05 0.00162463 100 9.61539
20 7.04638e-05 0.00703652 200 10
20 4.96891e-05 0.00661551 300 10.9489
20 3.36527e-05 0.00331226 400 10.8108
20 2.97814e-05 0.00326021 500 10.7066
20 2.43328e-05 0.00340829 600 10.6572
20 2.24954e-05 0.00366429 700 10.4478
20 2.17856e-05 0.00371966 800 10.4712
30 8.11196e-05 0.00159653 100 10.101
30 6.36645e-05 0.00653853 200 10.2564
30 4.59207e-05 0.00562835 300 11.194
30 3.24351e-05 0.00284508 400 10.929
30 2.87716e-05 0.00275454 500 10.8225
30 2.15928e-05 0.00281613 600 10.7527
30 2.08567e-05 0.00308561 700 10.5105
30 2.16053e-05 0.00328163 800 10.5541
40 8.70733e-05 0.00243482 100 10.6383
40 5.45372e-05 0.00539384 200 10.4712
40 3.64672e-05 0.00462849 300 11.4068
40 3.12178e-05 0.00240383 400 11.0193
40 2.51455e-05 0.00231206 500 10.917
40 2.10334e-05 0.00229963 600 10.8303
40 1.98158e-05 0.00277283 700 10.5422
40 2.06983e-05 0.00303468 800 10.6242
50 7.29161e-05 0.00363367 100 10.989
50 3.90626e-05 0.00407337 200 10.6383
50 3.10954e-05 0.00331261 300 11.5385
50 2.39209e-05 0.00158453 400 11.0803
50 2.20972e-05 0.00112271 500 10.989
50 1.59887e-05 0.00125143 600 10.8893
50 1.67121e-05 0.00189199 700 10.5581
50 2.04811e-05 0.002117 800 10.6809
60 5.77743e-05 0.00496223 100 11.3636
60 2.65205e-05 0.00351732 200 10.8108
60 2.85644e-05 0.00273556 300 11.6279
60 2.11785e-05 0.000888551 400 11.0803
60 1.87083e-05 0.000686501 500 11.0132
60 1.48728e-05 0.00115672 600 10.9091
60 1.50094e-05 0.00183745 700 10.5581
60 1.72851e-05 0.00189776 800 10.7239
70 8.31515e-05 0.00215371 100 11.4943
70 3.70258e-05 0.00874119 200 10.929
70 3.13077e-05 0.00472494 300 11.6279
70 2.66327e-05 0.00240936 400 11.0803
70 2.22263e-05 0.00165915 500 10.9649
70 1.50279e-05 0.00135665 600 10.9091
70 1.63292e-05 0.00175 700 10.5581
70 1.75948e-05 0.00164107 800 10.7672
80 0.0001072 0.00355124 100 11.4943
80 4.09255e-05 0.00981553 200 11.0497
80 3.19775e-05 0.00485383 300 11.583
80 3.14081e-05 0.0025259 400 11.0497
80 2.72391e-05 0.00233217 500 10.9409
80 1.65385e-05 0.00217459 600 10.8893
80 1.77841e-05 0.00275296 700 10.5581
80 2.0188e-05 0.00245937 800 10.7962
90 9.27738e-05 0.00456243 100 11.4943
90 5.59932e-05 0.010689 200 11.236
90 3.94675e-05 0.00533932 300 11.5385
90 3.82729e-05 0.00398282 400 11.0497
90 2.13285e-05 0.0039183 500 10.917
90 1.70122e-05 0.00356599 600 10.8499
90 1.70864e-05 0.00335799 700 10.5581
90 1.82598e-05 0.0028587 800 10.8254
100 5.65227e-05 0.00577083 100 11.236
100 7.33242e-05 0.0112907 200 11.4286
100 2.98346e-05 0.00482774 300 11.4504
100 3.584e-05 0.00368372 400 11.0193
100 2.08766e-05 0.00343896 500 10.917
100 1.90855e-05 0.00323929 600 10.772
100 1.76605e-05 0.00273784 700 10.5581
100 1.80649e-05 0.00237673 800 10.8548
110 8.93704e-05 0.00727006 100 10.8696
110 7.66625e-05 0.00990232 200 11.5607
110 3.5022e-05 0.00466071 300 11.4068
110 3.1879e-05 0.00393079 400 11.0193
110 1.9335e-05 0.00355599 500 10.917
110 1.71865e-05 0.00325571 600 10.6952
110 1.30126e-05 0.00253456 700 10.574
110 1.60095e-05 0.00212806 800 10.8548
120 0.00014336 0.0116719 100 10.4167
120 7.94122e-05 0.0100582 200 11.6959
120 4.0034e-05 0.00547798 300 11.2782
120 3.36084e-05 0.00497763 400 11.0193
120 1.63411e-05 0.00467708 500 10.8932
120 1.5569e-05 0.00442547 600 10.6007
120 1.06018e-05 0.00348672 700 10.59
120 1.4366e-05 0.00299004 800 10.8254
130 0.000111131 0.0128672 100 10.2041
130 6.10843e-05 0.00899844 200 11.7647
130 3.73997e-05 0.00528526 300 11.1524
130 2.61528e-05 0.00426914 400 10.9589
130 1.09619e-05 0.00389755 500 10.846
130 1.39063e-05 0.0033741 600 10.5263
130 1.33813e-05 0.00249593 700 10.59
130 1.61254e-05 0.00198372 800 10.7962
140 7.53285e-05 0.0113623 100 10.101
140 4.30548e-05 0.00805716 200 11.6959
140 2.5528e-05 0.00522385 300 11.0294
140 1.66929e-05 0.00436089 400 10.929
140 5.34885e-06 0.00405208 500 10.8225
140 7.72041e-06 0.00339069 600 10.453
140 1.20415e-05 0.00278152 700 10.6061
140 1.49256e-05 0.00211874 800 10.7672
150 4.70882e-05 0.0124121 100 10.2041
150 2.74048e-05 0.00785806 200 11.6279
150 1.75299e-05 0.00452088 300 10.9091
150 1.54408e-05 0.00397142 400 10.8401
150 6.01994e-06 0.00394271 500 10.7759
150 1.15949e-05 0.00353511 600 10.3986
150 1.65512e-05 0.00304141 700 10.6383
150 1.76054e-05 0.00297046 800 10.7527
160 4.88282e-05 0.013977 100 10.3093
160 2.45359e-05 0.00799961 200 11.5607
160 9.62904e-06 0.00470143 300 10.8696
160 1.99091e-05 0.00443741 400 10.7817
160 4.78416e-06 0.00458343 500 10.7527
160 1.34216e-05 0.0040994 600 10.3806
160 1.56599e-05 0.0036046 700 10.6707
160 1.88224e-05 0.00369759 800 10.7527
170 4.36732e-05 0.0141961 100 10.6383
170 2.54891e-05 0.00806008 200 11.4943
170 1.18491e-05 0.00547246 300 10.8303
170 2.46571e-05 0.00536532 400 10.7527
170 1.262e-05 0.00567373 500 10.7296
170 1.90507e-05 0.00542895 600 10.3806
170 1.87691e-05 0.00494532 700 10.7034
170 2.17085e-05 0.00551218 800 10.7672
180 6.21482e-05 0.0145209 100 10.989
180 1.84322e-05 0.0064933 200 11.4286
180 2.18972e-05 0.00333805 300 10.8696
180 1.94165e-05 0.00315949 400 10.7527
180 1.09619e-05 0.00314956 500 10.6838
180 1.74162e-05 0.00302268 600 10.3986
180 2.0277e-05 0.00275259 700 10.7362
180 1.88125e-05 0.0034669 800 10.7672
190 6.5145e-05 0.0133852 100 11.4943
190 1.65584e-05 0.00467243 200 11.4943
190 2.61433e-05 0.00164562 300 10.9091
190 2.59239e-05 0.00179085 400 10.8108
190 1.76594e-05 0.00207423 500 10.6383
190 2.078e-05 0.00227743 600 10.4348
190 2.29769e-05 0.00227588 700 10.7858
190 1.98155e-05 0.00348507 800 10.7527
200 5.81855e-05 0.0114618 100 12.1951
200 1.52466e-05 0.00475818 200 11.5607
200 1.91892e-05 0.00238301 300 11.0294
200 2.45359e-05 0.00294808 400 10.8696
200 1.53168e-05 0.00319233 500 10.6383
200 2.17303e-05 0.00338906 600 10.5079
200 2.386e-05 0.00326279 700 10.8192
200 2.31696e-05 0.00440134 800 10.7239
210 4.65791e-05 0.00877028 100 12.8205
210 1.33721e-05 0.00463473 200 11.6959
210 1.71479e-05 0.00312373 300 11.1111
210 3.33413e-05 0.00382677 400 10.929
210 1.7055e-05 0.00401609 500 10.6157
210 2.29171e-05 0.00430823 600 10.5634
210 2.63229e-05 0.00400897 700 10.8527
210 2.75138e-05 0.00516957 800 10.7095
220 2.29024e-05 0.0093344 100 13.3333
220 2.14233e-05 0.00775342 200 11.6959
220 2.07161e-05 0.0071236 300 11.194
220 3.95557e-05 0.00770698 400 10.989
220 2.21618e-05 0.00804567 500 10.5932
220 2.83786e-05 0.00780238 600 10.6195
220 3.15139e-05 0.00727488 700 10.8527
220 3.10808e-05 0.00824693 800 10.6667
230 3.38291e-05 0.00650968 100 13.6986
230 2.52541e-05 0.00501357 200 11.5607
230 2.52673e-05 0.00549317 300 11.194
230 2.80763e-05 0.00618614 400 10.989
230 2.19239e-05 0.0066308 500 10.5485
230 2.65956e-05 0.00629992 600 10.6572
230 2.92226e-05 0.00621544 700 10.8527
230 2.88103e-05 0.00683941 800 10.582
240 3.23889e-05 0.0033315 100 13.5135
240 3.63762e-05 0.0021067 200 11.4286
240 3.09674e-05 0.00343687 300 11.1524
240 2.18025e-05 0.00412655 400 10.9589
240 2.31716e-05 0.00467503 500 10.4603
240 2.65332e-05 0.00441432 600 10.6762
240 2.78061e-05 0.00495403 700 10.8359
240 2.66611e-05 0.00514965 800 10.4987
250 3.93665e-05 0.00148458 100 13.1579
250 3.33858e-05 0.00208251 200 11.1732
250 3.64672e-05 0.00281416 300 10.989
250 1.65585e-05 0.00350049 400 10.8696
250 2.2376e-05 0.00359899 500 10.395
250 2.72232e-05 0.00320486 600 10.6952
250 2.67174e-05 0.00402059 700 10.8192
250 2.51659e-05 0.00353573 800 10.4302
260 2.44141e-05 0.00251222 100 12.5
260 4.20037e-05 0.00371073 200 10.929
260 4.84746e-05 0.00340044 300 10.7914
260 1.64682e-05 0.00371504 400 10.7527
260 2.55965e-05 0.00348085 500 10.3093
260 2.64958e-05 0.00315782 600 10.6762
260 2.75777e-05 0.00441358 700 10.7692
260 2.23512e-05 0.00323097 800 10.3761
270 3.38291e-05 0.0028708 100 11.6279
270 3.10741e-05 0.00420255 200 10.6952
270 4.69477e-05 0.00545407 300 10.6007
270 2.36704e-05 0.00607495 400 10.5263
270 3.2886e-05 0.00622997 500 10.2459
270 3.14768e-05 0.00556328 600 10.6572
270 2.74273e-05 0.00702112 700 10.7034
270 2.52545e-05 0.00504648 800 10.3093
280 3.90625e-05 0.00418606 100 10.8696
280 3.11698e-05 0.00467068 200 10.4712
280 4.66079e-05 0.00604491 300 10.453
280 2.50171e-05 0.00662595 400 10.2828
280 3.33039e-05 0.00641576 500 10.1833
280 3.34853e-05 0.00583786 600 10.6007
280 3.01002e-05 0.0073608 700 10.5422
280 2.39834e-05 0.00505812 800 10.2433
290 5.89993e-05 0.00589486 100 10.4167
290 4.21453e-05 0.00626884 200 10.3093
290 5.37362e-05 0.00723078 300 10.3448
290 3.10982e-05 0.00756593 400 10.101
290 3.53865e-05 0.00729387 500 10.1626
290 3.78054e-05 0.00679509 600 10.5263
290 3.24121e-05 0.00826047 700 10.3858
290 2.36392e-05 0.00571739 800 10.1911
300 7.48523e-05 0.00372492 100 9.90099
300 5.05084e-05 0.00480773 200 10.2041
300 4.05926e-05 0.00529298 300 10.274
300 2.54891e-05 0.00567952 400 9.95025
300 3.24187e-05 0.00518236 500 10.1626
300 3.32372e-05 0.00525059 600 10.4712
300 3.28669e-05 0.00618393 700 10.2489
300 2.24011e-05 0.0040754 800 10.1394
310 9.50586e-05 0.00447101 100 9.70874
310 5.8237e-05 0.00477426 200 10.1523
310 3.27954e-05 0.00505165 300 10.2389
310 2.87321e-05 0.00523532 400 9.87654
310 3.19744e-05 0.00462691 500 10.2041
310 3.4306e-05 0.00523027 600 10.453
310 3.30072e-05 0.00558661 700 10.1597
310 2.33138e-05 0.00369486 800 10.0503
320 7.05901e-05 0.00453059 100 9.61539
320 5.74642e-05 0.00445212 200 10.101
320 2.70399e-05 0.00507403 300 10.2389
320 2.66886e-05 0.00488835 400 9.82801
320 3.15389e-05 0.00407876 500 10.2459
320 3.071e-05 0.00490462 600 10.453
320 2.93886e-05 0.0046296 700 10.1156
320 2.24344e-05 0.00297633 800 9.96264
330 6.76584e-05 0.00520209 100 9.52381
330 5.99517e-05 0.00390754 200 10.0503
330 1.61125e-05 0.004782 300 10.2389
330 2.55475e-05 0.00382127 400 9.85222
330 2.73788e-05 0.00282064 500 10.3093
330 2.86226e-05 0.00371664 600 10.4895
330 2.57245e-05 0.00299314 700 10.1156
330 2.04993e-05 0.00179612 800 9.92556
340 7.07588e-05 0.00487319 100 9.61539
340 5.62587e-05 0.00400889 200 10
340 1.98007e-05 0.00492443 300 10.2389
340 2.97012e-05 0.00410092 400 9.85222
340 2.95564e-05 0.00339344 500 10.3734
340 3.0056e-05 0.00475522 600 10.5079
340 2.59974e-05 0.00343272 700 10.1156
340 2.12577e-05 0.00204757 800 9.91326
350 6.40376e-05 0.00423998 100 9.70874
350 5.66283e-05 0.00458589 200 10.0503
350 2.12214e-05 0.00558076 300 10.2041
350 2.92461e-05 0.00483324 400 9.90099
350 3.06027e-05 0.00395049 500 10.4384
350 2.79079e-05 0.00531855 600 10.5263
350 2.42142e-05 0.00369684 700 10.1302
350 2.02065e-05 0.0024569 800 9.92556
360 7.25884e-05 0.00453033 100 9.80392
360 5.55657e-05 0.00488859 200 10.101
360 2.31326e-05 0.00538366 300 10.1351
360 3.2664e-05 0.00491571 400 9.95025
360 3.20042e-05 0.00417502 500 10.4822
360 2.98903e-05 0.00572435 600 10.5079
360 2.41438e-05 0.00368946 700 10.1302
360 1.87132e-05 0.0023899 800 9.93789
370 4.39454e-05 0.0037124 100 9.90099
370 5.06851e-05 0.00512632 200 10.1523
370 2.17759e-05 0.00575298 300 10.0334
370 3.41581e-05 0.00502984 400 10
370 3.26094e-05 0.00415868 500 10.5263
370 2.90703e-05 0.00560569 600 10.453
370 2.21905e-05 0.00356906 700 10.1302
370 1.74139e-05 0.00261842 800 9.95025
380 2.44141e-05 0.0045127 100 10
380 6.03481e-05 0.00660766 200 10.2041
380 2.29602e-05 0.00675888 300 9.96678
380 3.23661e-05 0.00594106 400 10.0503
380 3.51567e-05 0.00478594 500 10.5263
380 3.25628e-05 0.00610576 600 10.3806
380 2.17475e-05 0.00385222 700 10.1449
380 1.69806e-05 0.00302829 800 9.96264
390 2.71864e-05 0.00551687 100 10.2041
390 5.80832e-05 0.00710613 200 10.3093
390 2.53196e-05 0.00733157 300 9.93377
390 3.18323e-05 0.00604499 400 10.101
390 3.58152e-05 0.00495693 500 10.5263
390 3.51641e-05 0.0060454 600 10.3448
390 1.91159e-05 0.00382141 700 10.1449
390 1.36206e-05 0.00315405 800 9.97506
400 2.58374e-05 0.00773644 100 10.3093
400 4.47519e-05 0.00874426 200 10.3627
400 2.65455e-05 0.00865752 300 9.90099
400 3.31621e-05 0.0067673 400 10.2041
400 3.38859e-05 0.00579283 500 10.5485
400 3.15294e-05 0.00637389 600 10.274
400 1.75361e-05 0.00427984 700 10.1449
400 1.31049e-05 0.00375222 800 10
410 2.48976e-05 0.0093403 100 10.4167
410 3.40049e-05 0.00937506 200 10.4712
410 3.14765e-05 0.00902177 300 9.90099
410 3.49559e-05 0.00679708 400 10.2828
410 3.30884e-05 0.00610458 500 10.5708
410 3.01001e-05 0.00606887 600 10.2215
410 1.75361e-05 0.00439971 700 10.101
410 1.17404e-05 0.00395516 800 10.0251
420 4.52814e-05 0.0101908 100 10.5263
420 3.78222e-05 0.0101299 200 10.4712
420 3.45652e-05 0.00924811 300 9.86842
420 3.10262e-05 0.00689436 400 10.3627
420 3.2697e-05 0.00658903 500 10.6157
420 2.84369e-05 0.00604125 600 10.1868
420 1.79339e-05 0.004679 700 10.0143
420 1.42096e-05 0.00420472 800 10.0629
430 9.27738e-05 0.0100198 100 10.4167
430 3.22968e-05 0.0103365 200 10.5263
430 3.67567e-05 0.00907644 300 9.86842
430 3.43756e-05 0.00663158 400 10.4439
430 3.34895e-05 0.00688076 500 10.6383
430 2.81207e-05 0.00583829 600 10.1868
430 1.86129e-05 0.0045766 700 9.97151
430 1.16448e-05 0.00411507 800 10.0883
440 9.405e-05 0.0098345 100 10.3093
440 3.2389e-05 0.0105877 200 10.5263
440 3.67567e-05 0.008828 300 9.90099
440 3.47421e-05 0.00658743 400 10.5263
440 3.40123e-05 0.00721698 500 10.6838
440 2.35161e-05 0.00568064 600 10.1868
440 1.9444e-05 0.00466529 700 9.94318
440 1.4838e-05 0.00425792 800 10.1266
450 8.96368e-05 0.0107318 100 10.3093
450 3.95177e-05 0.0114291 200 10.4167
450 4.32468e-05 0.00949373 300 9.93377
450 4.12523e-05 0.00708259 400 10.582
450 3.36032e-05 0.00821915 500 10.6838
450 2.63076e-05 0.00616445 600 10.1868
450 2.05037e-05 0.00501218 700 9.94318
450 1.50375e-05 0.00464702 800 10.1523
460 0.000100781 0.0109555 100 10.3093
460 3.70258e-05 0.010808 200 10.2564
460 4.51352e-05 0.00889175 300 9.93377
460 4.00983e-05 0.00680805 400 10.6383
460 3.2138e-05 0.00807224 500 10.6383
460 2.37124e-05 0.00577141 600 10.1695
460 2.0241e-05 0.00485822 700 9.94318
460 1.37837e-05 0.00456087 800 10.1781
470 9.72897e-05 0.0104273 100 10.3093
470 3.06881e-05 0.0101625 200 10.0503
470 4.53694e-05 0.0080407 300 9.96678
470 4.04866e-05 0.00633267 400 10.6383
470 2.96852e-05 0.00766153 500 10.5263
470 2.34032e-05 0.00536853 600 10.1523
470 1.76605e-05 0.00460027 700 9.92908
470 1.73389e-05 0.00471421 800 10.2041
480 8.18511e-05 0.00998523 100 10.3093
480 3.35639e-05 0.00928417 200 9.85222
480 4.60072e-05 0.00731455 300 10
480 4.20926e-05 0.00586111 400 10.6101
480 3.64225e-05 0.00722683 500 10.4167
480 2.05234e-05 0.00491248 600 10.1351
480 1.31243e-05 0.00456497 700 9.92908
480 1.61023e-05 0.00498679 800 10.2433
490 9.91107e-05 0.009817 100 10.2041
490 4.09983e-05 0.0092357 200 9.70874
490 4.38551e-05 0.00685877 300 10.0671
490 4.02651e-05 0.0056621 400 10.582
490 3.75061e-05 0.00667888 500 10.3093
490 1.87705e-05 0.00470048 600 10.101
490 1.22618e-05 0.00476986 700 9.92908
490 1.709e-05 0.00553549 800 10.2696
500 6.97407e-05 0.00868493 100 10.3093
500 4.51497e-05 0.0079001 200 9.61539
500 3.62121e-05 0.00531823 300 10.1351
500 3.51684e-05 0.00493999 400 10.582
500 2.93134e-05 0.00538683 500 10.1833
500 1.51813e-05 0.00454543 600 10.0503
500 9.51326e-06 0.00517834 700 9.94318
500 1.16448e-05 0.00597544 800 10.3093
510 6.23397e-05 0.00819805 100 10.3093
510 4.14322e-05 0.00690354 200 9.52381
510 2.80024e-05 0.00462749 300 10.2041
510 3.10742e-05 0.00461345 400 10.582
510 2.52401e-05 0.00471414 500 10.101
510 1.29699e-05 0.00474772 600 9.95025
510 9.09488e-06 0.00519696 700 9.97151
510 1.27738e-05 0.00595866 800 10.3359
520 7.90354e-05 0.00636064 100 10.4167
520 3.55475e-05 0.00467977 200 9.52381
520 2.39208e-05 0.00342713 300 10.3448
520 2.44142e-05 0.00386034 400 10.6383
520 2.17053e-05 0.0040038 500 10.101
520 9.96701e-06 0.00500241 600 9.88468
520 5.62379e-06 0.00531391 700 10
520 1.17562e-05 0.00589367 800 10.3896
530 7.48523e-05 0.00632316 100 10.5263
530 3.02971e-05 0.00408943 200 9.56938
530 2.4791e-05 0.00333089 300 10.453
530 2.40761e-05 0.00374372 400 10.6952
530 1.65152e-05 0.00390782 500 10.1215
530 7.97361e-06 0.00521406 600 9.85222
530 8.65632e-06 0.00533669 700 10.043
530 1.25085e-05 0.00581167 800 10.4439
540 7.35672e-05 0.00568018 100 10.5263
540 3.12653e-05 0.00333491 200 9.66184
540 1.98007e-05 0.00295541 300 10.5634
540 2.2772e-05 0.00342868 400 10.7527
540 1.5686e-05 0.00369694 500 10.1215
540 8.41804e-06 0.00521276 600 9.85222
540 8.62816e-06 0.00522288 700 10.0865
540 1.21152e-05 0.00559116 800 10.4849
550 6.45937e-05 0.00344427 100 10.3093
550 2.81557e-05 0.00248863 200 9.70874
550 2.21379e-05 0.0026415 300 10.6762
550 1.69146e-05 0.00278416 400 10.7527
550 1.12199e-05 0.00330544 500 10.1215
550 8.01503e-06 0.0050117 600 9.86842
550 1.08288e-05 0.00494308 700 10.1302
550 1.41043e-05 0.00515885 800 10.5263
560 5.39325e-05 0.00418048 100 9.80392
560 2.94997e-05 0.00327927 200 9.70874
560 2.43598e-05 0.00322764 300 10.7143
560 2.00211e-05 0.00355135 400 10.6383
560 1.33186e-05 0.00365607 500 10.101
560 1.0358e-05 0.00516669 600 9.85222
560 1.2102e-05 0.00494871 700 10.1597
560 1.55969e-05 0.00519527 800 10.5541
570 4.68343e-05 0.00309236 100 9.52381
570 2.94997e-05 0.00335439 200 9.7561
570 2.93421e-05 0.00337432 300 10.6762
570 2.62097e-05 0.00357474 400 10.4987
570 1.47134e-05 0.00385353 500 10.0806
570 9.93373e-06 0.00510068 600 9.85222
570 1.39684e-05 0.00530542 700 10.1892
570 1.67153e-05 0.00528423 800 10.596
580 8.08251e-05 0.00184168 100 9.25926
580 2.67443e-05 0.00351162 200 9.85222
580 2.31326e-05 0.00420252 300 10.6762
580 2.40452e-05 0.0041513 400 10.3627
580 9.76563e-06 0.00447889 500 10.0604
580 9.76564e-06 0.0055803 600 9.85222
580 1.55038e-05 0.00582636 700 10.2339
580 1.78888e-05 0.0051396 800 10.6242
590 6.36642e-05 0.00149196 100 9.00901
590 2.0716e-05 0.00181745 200 9.95025
590 2.80024e-05 0.0016227 300 10.6383
590 3.11461e-05 0.00182275 400 10.2041
590 1.69709e-05 0.00228738 500 10.02
590 1.47835e-05 0.00385881 600 9.85222
590 1.82832e-05 0.00453474 700 10.2639
590 1.95219e-05 0.00366238 800 10.6525
600 2.88871e-05 0.00390776 100 8.84956
600 4.20746e-05 0.00349678 200 10.0503
600 3.67567e-05 0.00405263 300 10.6007
600 3.54638e-05 0.00449913 400 10.0756
600 2.15731e-05 0.00421282 500 9.92064
600 1.70705e-05 0.00483788 600 9.86842
600 2.11463e-05 0.00560163 700 10.2941
600 2.12401e-05 0.00487697 800 10.6952
610 4.22864e-05 0.0031259 100 8.69565
610 4.5805e-05 0.00303635 200 10.1523
610 4.07554e-05 0.0040819 300 10.6383
610 3.44405e-05 0.00418675 400 10
610 2.39807e-05 0.00427006 500 9.80392
610 1.84143e-05 0.0045731 600 9.90099
610 2.27641e-05 0.00544704 700 10.3397
610 2.28457e-05 0.00458403 800 10.7239
620 6.17633e-05 0.00299919 100 8.69565
620 5.80319e-05 0.00410041 200 10.3093
620 4.48408e-05 0.0058109 300 10.6762
620 3.78225e-05 0.0051665 400 10
620 2.58745e-05 0.00498735 500 9.72763
620 2.25235e-05 0.00484179 600 9.93377
620 2.21246e-05 0.00573235 700 10.3858
620 2.6039e-05 0.00493937 800 10.7672
630 6.65928e-05 0.00317362 100 8.77193
630 4.68345e-05 0.00408955 200 10.4712
630 4.16873e-05 0.00556083 300 10.7527
630 3.1879e-05 0.00470524 400 10
630 2.43751e-05 0.0050912 500 9.70874
630 2.10334e-05 0.00496985 600 9.98336
630 2.19369e-05 0.00579663 700 10.4478
630 2.36076e-05 0.00489503 800 10.8108
640 5.39325e-05 0.00262972 100 8.92857
640 4.89502e-05 0.00330675 200 10.6383
640 3.5622e-05 0.00504138 300 10.8303
640 2.80232e-05 0.00422657 400 10.0251
640 2.13285e-05 0.00506363 500 9.72763
640 1.98676e-05 0.0050524 600 10.0334
640 2.23108e-05 0.00571204 700 10.4948
640 2.11082e-05 0.00466564 800 10.8696
650 7.07588e-05 0.00528062 100 9.17431
650 5.06263e-05 0.00513076 200 10.8696
650 3.54356e-05 0.00662418 300 10.8696
650 2.70215e-05 0.0053869 400 10.0756
650 2.284e-05 0.00592809 500 9.76562
650 1.97338e-05 0.00577913 600 10.101
650 2.19147e-05 0.0063316 700 10.574
650 2.32899e-05 0.00545115 800 10.929
660 8.84318e-05 0.005868 100 9.43396
660 5.06263e-05 0.00585236 200 11.1111
660 3.5473e-05 0.00712234 300 10.8696
660 2.61243e-05 0.00594921 400 10.1266
660 2.18149e-05 0.00663195 500 9.82318
660 1.9616e-05 0.0062814 600 10.1868
660 2.18368e-05 0.00685395 700 10.6383
660 2.29352e-05 0.00601555 800 11.0041
670 7.07588e-05 0.00620051 100 9.80392
670 5.12698e-05 0.00583467 200 11.2994
670 4.17508e-05 0.00679217 300 10.8303
670 2.4353e-05 0.00573621 400 10.1781
670 1.81652e-05 0.00618146 500 9.88142
670 2.53851e-05 0.00618318 600 10.2564
670 2.30615e-05 0.00660961 700 10.7198
670 2.47253e-05 0.00582629 800 11.065
680 9.43031e-05 0.00735116 100 10.101
680 6.27213e-05 0.00733949 200 11.3636
680 4.47224e-05 0.00800406 300 10.7914
680 2.37646e-05 0.00634312 400 10.2302
680 2.18367e-05 0.00658845 500 9.92064
680 2.5215e-05 0.00667569 600 10.3448
680 2.46227e-05 0.00697396 700 10.7858
680 2.5577e-05 0.00626861 800 11.1421
690 6.36642e-05 0.00610903 100 10.5263
690 5.45918e-05 0.00624209 200 11.4943
690 4.82281e-05 0.00668437 300 10.7143
690 2.28373e-05 0.00512261 400 10.2564
690 1.78474e-05 0.00574946 500 9.96016
690 2.36565e-05 0.00629515 600 10.4167
690 2.5141e-05 0.00608749 700 10.8527
690 2.11611e-05 0.00539893 800 11.2045
700 6.65928e-05 0.00614477 100 10.8696
700 5.28159e-05 0.00669922 200 11.5607
700 4.35824e-05 0.00653489 300 10.6007
700 2.55767e-05 0.00531372 400 10.2828
700 2.55219e-05 0.00555856 500 10.02
700 2.95673e-05 0.00606115 600 10.4895
700 2.8128e-05 0.00589642 700 10.9204
700 2.53576e-05 0.00572429 800 11.2676
710 5.16749e-05 0.00468316 100 11.3636
710 4.75293e-05 0.00492392 200 11.6959
710 4.0034e-05 0.00517708 300 10.5263
710 2.16998e-05 0.00458035 400 10.2302
710 2.2567e-05 0.00522038 500 10.0806
710 2.56834e-05 0.00588391 600 10.5634
710 2.75247e-05 0.00517906 700 10.989
710 2.45134e-05 0.00487679 800 11.3314
720 4.70882e-05 0.00419085 100 11.7647
720 3.95177e-05 0.00443019 200 11.8343
720 3.65398e-05 0.00463769 300 10.4895
720 2.74592e-05 0.00478462 400 10.1266
720 2.4336e-05 0.00520841 500 10.1215
720 2.54893e-05 0.00592908 600 10.6195
720 2.82144e-05 0.00496509 700 11.041
720 2.39445e-05 0.00464841 800 11.396
730 5.02717e-05 0.00293932 100 12.1951
730 3.76643e-05 0.00382753 200 11.9048
730 3.64309e-05 0.00376598 300 10.453
730 2.47476e-05 0.00469357 400 10
730 2.72391e-05 0.00476622 500 10.1833
730 2.58633e-05 0.00540654 600 10.6952
730 2.47901e-05 0.00434686 700 11.0935
730 2.55916e-05 0.0041681 800 11.4449
740 4.11433e-05 0.00340197 100 12.6582
740 3.42668e-05 0.00398246 200 11.976
740 2.76214e-05 0.00387557 300 10.4167
740 2.3952e-05 0.00531645 400 9.95025
740 2.42771e-05 0.00492053 500 10.2249
740 2.88645e-05 0.00552479 600 10.7335
740 2.74805e-05 0.00444559 700 11.1465
740 2.49428e-05 0.00431917 800 11.4943
750 4.97952e-05 0.00217683 100 12.987
750 3.41798e-05 0.0033402 200 11.976
750 2.93873e-05 0.00341073 300 10.4167
750 2.34808e-05 0.00523125 400 9.92556
750 2.66552e-05 0.0048704 500 10.2669
750 2.68804e-05 0.00527164 600 10.7914
750 2.7124e-05 0.00396542 700 11.1821
750 2.28131e-05 0.00384938 800 11.544
760 3.90625e-05 0.00174803 100 13.1579
760 2.78363e-05 0.00257374 200 11.8343
760 2.03288e-05 0.00294969 300 10.3448
760 2.26407e-05 0.00504145 400 9.90099
760 2.55032e-05 0.00436738 500 10.2881
760 2.8203e-05 0.00476866 600 10.8303
760 2.86423e-05 0.00384935 700 11.2179
760 2.45134e-05 0.00403926 800 11.5774
770 4.02647e-05 0.00153075 100 12.987
770 4.01165e-05 0.00163307 200 11.3636
770 2.57347e-05 0.00247509 300 10.274
770 1.99091e-05 0.00434039 400 9.85222
770 2.87218e-05 0.00412624 500 10.3306
770 2.90019e-05 0.00412734 600 10.8499
770 3.10315e-05 0.00333144 700 11.254
770 2.56134e-05 0.00369632 800 11.611
780 4.88282e-05 0.00278703 100 12.6582
780 5.16751e-05 0.00232482 200 10.929
780 2.47375e-05 0.00301321 300 10.1695
780 2.40452e-05 0.00483071 400 9.82801
780 2.91012e-05 0.00515352 500 10.352
780 2.90589e-05 0.00438756 600 10.8696
780 2.78324e-05 0.00337318 700 11.2721
780 2.37806e-05 0.00372564 800 11.6279
790 4.05597e-05 0.00336474 100 12.0482
790 4.25675e-05 0.00324491 200 10.4167
790 2.16539e-05 0.00357008 300 10.0334
790 2.58375e-05 0.00519539 400 9.77995
790 2.8572e-05 0.00555813 500 10.3734
790 3.0537e-05 0.00456257 600 10.8893
790 2.93057e-05 0.00424608 700 11.2903
790 2.60246e-05 0.00490883 800 11.6448
800 4.58049e-05 0.00243736 100 11.7647
800 4.07065e-05 0.00382095 200 9.95025
800 2.39762e-05 0.0047412 300 9.74026
800 2.70215e-05 0.00545255 400 9.7561
800 3.1128e-05 0.00580156 500 10.3734
800 3.38003e-05 0.00447148 600 10.8893
800 3.06132e-05 0.0043656 700 11.3086
800 2.67308e-05 0.00508214 800 11.611
810 2.84715e-05 0.00461209 100 11.3636
810 2.96005e-05 0.00541233 200 9.66184
810 2.52148e-05 0.00645666 300 9.40439
810 3.39832e-05 0.00579895 400 9.73236
810 3.20489e-05 0.00615923 500 10.395
810 3.22254e-05 0.00507296 600 10.8893
810 3.357e-05 0.00548358 700 11.3086
810 2.80768e-05 0.00651016 800 11.5108
820 4.83374e-05 0.0049109 100 11.1111
820 1.56326e-05 0.00553654 200 9.47867
820 2.36983e-05 0.00743219 300 9.20245
820 3.18088e-05 0.00607448 400 9.70874
820 3.20637e-05 0.00651355 500 10.395
820 3.66309e-05 0.0052359 600 10.9091
820 3.12347e-05 0.00547111 700 11.3269
820 2.90293e-05 0.00594893 800 11.2676
830 2.92969e-05 0.00461963 100 10.7527
830 2.18366e-05 0.00473454 200 9.34579
830 2.61939e-05 0.00670286 300 9.11854
830 3.42453e-05 0.00544653 400 9.73236
830 3.5116e-05 0.00588208 500 10.4167
830 3.81194e-05 0.00513791 600 10.9091
830 3.29851e-05 0.00575734 700 11.3452
830 2.93484e-05 0.00591216 800 11.1111
840 5.12114e-05 0.00367323 100 10.2041
840 2.67443e-05 0.00422398 200 9.25926
840 3.11805e-05 0.00631759 300 9.09091
840 3.6171e-05 0.00490843 400 9.7561
840 3.77343e-05 0.00522087 500 10.4384
840 3.897e-05 0.00491799 600 10.9489
840 3.29334e-05 0.00581522 700 11.3821
840 2.96326e-05 0.00556732 800 11.0345
850 5.16749e-05 0.00429366 100 9.70874
850 3.62942e-05 0.00400415 200 9.21659
850 3.78923e-05 0.00526914 300 9.09091
850 4.30552e-05 0.00453834 400 9.80392
850 4.09698e-05 0.00481687 500 10.5042
850 4.0975e-05 0.00514928 600 11.0092
850 3.47243e-05 0.00640794 700 11.4192
850 2.80236e-05 0.00572263 800 10.9739
860 6.21482e-05 0.00467845 100 9.43396
860 4.24974e-05 0.00364038 200 9.21659
860 3.77522e-05 0.00476837 300 9.11854
860 4.03021e-05 0.00436351 400 9.90099
860 4.07012e-05 0.00383039 500 10.5708
860 4.03643e-05 0.00439395 600 11.0701
860 3.39448e-05 0.00574223 700 11.4943
870 6.55099e-05 0.00488702 100 9.00901
870 4.56094e-05 0.00353819 200 9.17431
870 4.21926e-05 0.00461501 300 9.14634
870 3.86024e-05 0.00447282 400 9.97506
870 4.17424e-05 0.00371207 500 10.6383
870 3.98856e-05 0.00466364 600 11.1317
870 3.40521e-05 0.00600069 700 11.5321
880 6.73051e-05 0.00594154 100 8.62069
880 3.00005e-05 0.00617818 200 9.00901
880 3.42186e-05 0.00657846 300 9.17431
880 3.29818e-05 0.00623561 400 10.0251
880 3.89531e-05 0.00428615 500 10.6838
880 3.71069e-05 0.0043872 600 11.194
880 3.21861e-05 0.00534462 700 11.5702
890 6.01994e-05 0.00736286 100 8.40336
890 3.8833e-05 0.00713121 200 8.73362
890 4.34607e-05 0.00612884 300 9.20245
890 4.09077e-05 0.00625507 400 10.101
890 4.33012e-05 0.00488346 500 10.7296
890 4.01998e-05 0.00572188 600 11.236
890 3.48572e-05 0.00700754 700 11.5702
900 4.58049e-05 0.00803231 100 8.26446
900 3.79795e-05 0.00834542 200 8.51064
900 4.58052e-05 0.00622826 300 9.25926
900 3.90247e-05 0.00644342 400 10.1523
900 4.42813e-05 0.00526181 500 10.7759
900 4.11444e-05 0.00616664 600 11.2782
900 3.41876e-05 0.00741875 700 11.4192
910 4.05597e-05 0.00881967 100 8.13008
910 3.40924e-05 0.00938826 200 8.40336
910 4.56314e-05 0.00626162 300 9.28793
910 4.51831e-05 0.00638825 400 10.2041
910 4.62926e-05 0.00534284 500 10.8225
910 4.04462e-05 0.00637898 600 11.3208
910 3.59025e-05 0.00703679 700 11.2179
920 2.48976e-05 0.0095214 100 8.13008
920 4.3262e-05 0.0109172 200 8.40336
920 4.66079e-05 0.00827299 300 9.34579
920 4.50675e-05 0.00869972 400 10.2564
920 4.55971e-05 0.00777851 500 10.8932
920 4.01669e-05 0.00840154 600 11.4068
920 3.63671e-05 0.00853142 700 11.1288
930 3.58812e-05 0.00939317 100 8.26446
930 4.75919e-05 0.0110263 200 8.47458
930 4.82555e-05 0.00826808 300 9.46372
930 4.72783e-05 0.00877697 400 10.3896
930 5.05944e-05 0.00824713 500 10.989
930 4.06015e-05 0.00901822 600 11.4943
930 3.74612e-05 0.00869209 700 11.1288
940 2.0716e-05 0.0113121 100 8.40336
940 3.85248e-05 0.0125123 200 8.58369
940 4.29703e-05 0.0101214 300 9.61539
940 4.25679e-05 0.00993885 400 10.5263
940 4.45176e-05 0.00860535 500 11.1111
940 3.78229e-05 0.00891417 600 11.6054
940 3.4906e-05 0.00803442 700 11.1465
950 5.85938e-05 0.00759363 100 8.62069
950 6.40844e-05 0.00921318 200 8.73362
950 5.5003e-05 0.00833211 300 9.77199
950 5.39611e-05 0.0094067 400 10.6667
950 5.29795e-05 0.00999236 500 11.236
950 4.55889e-05 0.0111284 600 11.7188
950 3.69643e-05 0.009916 700 11.1465
960 8.24316e-05 0.00657225 100 8.84956
960 7.23833e-05 0.00816108 200 8.84956
960 6.53083e-05 0.00846317 300 9.93377
960 5.89754e-05 0.00996613 400 10.7817
960 5.71788e-05 0.0112967 500 11.3636
960 4.89112e-05 0.012709 600 11.8343
960 4.04048e-05 0.0109923 700 11.1465
970 8.95037e-05 0.00617158 100 9.00901
970 7.5881e-05 0.00806312 200 8.96861
970 6.32894e-05 0.0087215 300 10.101
970 6.05095e-05 0.0100904 400 10.929
970 5.576e-05 0.0116428 500 11.4943
970 4.8387e-05 0.0129938 600 11.9522
980 7.79725e-05 0.00678034 100 9.25926
980 7.09275e-05 0.00867688 200 9.17431
980 5.89101e-05 0.00926864 300 10.274
980 5.81099e-05 0.0101045 400 11.0803
980 5.40136e-05 0.0113019 500 11.6279
980 4.76699e-05 0.0125705 600 12.0724
990 5.54582e-05 0.0081768 100 9.34579
990 6.68612e-05 0.010143 200 9.34579
990 5.45921e-05 0.0105422 300 10.453
990 5.64975e-05 0.0106184 400 11.236
990 5.05001e-05 0.0114603 500 11.7925
990 4.56977e-05 0.0126072 600 12.1951
1000 6.09864e-05 0.00848747 100 9.17431
1000 6.43166e-05 0.00913511 200 9.52381
1000 5.78437e-05 0.0098904 300 10.6383
1000 5.81483e-05 0.00980786 400 11.396
1000 5.25729e-05 0.0109312 500 11.9048
1000 4.54433e-05 0.0121276 600 12.2699
1010 5.6943e-05 0.0107791 100 8.92857
1010 6.35239e-05 0.00954011 200 9.66184
1010 5.36128e-05 0.010452 300 10.7914
1010 6.11586e-05 0.0099716 400 11.5274
1010 5.05284e-05 0.0110867 500 12.0482
1010 4.41871e-05 0.0123856 600 12.2951
1020 5.48095e-05 0.012537 100 8.69565
1020 6.22922e-05 0.00962806 200 9.7561
1020 4.95823e-05 0.0103257 300 10.9489
1020 5.40715e-05 0.00935227 400 11.6279
1020 4.88977e-05 0.0100806 500 12.1359
1020 4.07155e-05 0.0113004 600 12.1704
1030 5.79803e-05 0.0140544 100 8.62069
1030 5.92013e-05 0.00937823 200 9.90099
1030 5.15213e-05 0.0101051 300 11.0701
1030 4.91028e-05 0.0087573 400 11.7302
1030 4.5461e-05 0.00927444 500 12.2249
1030 3.99353e-05 0.00978535 600 11.9522
1040 5.94021e-05 0.0139973 100 8.62069
1040 5.97525e-05 0.00921638 200 10
1040 5.29915e-05 0.00989229 300 11.194
1040 5.40163e-05 0.00855835 400 11.8343
1040 4.6713e-05 0.00918544 500 12.3457
1040 4.07237e-05 0.00934261 600 11.8343
1050 6.58729e-05 0.0152785 100 8.62069
1050 5.71522e-05 0.0099239 200 10.1523
1050 5.26656e-05 0.0103377 300 11.3208
1050 5.6127e-05 0.00908545 400 11.9403
1050 4.46887e-05 0.00964813 500 12.4378
1050 4.05035e-05 0.00914674 600 11.7647
1060 7.02516e-05 0.0140605 100 8.69565
1060 6.01502e-05 0.0104654 200 10.3093
1060 5.36622e-05 0.0104291 300 11.4504
1060 5.42915e-05 0.00939169 400 12.0482
1060 4.63646e-05 0.00993915 500 12.5313
1060 4.1704e-05 0.00881575 600 11.7188
1070 7.82776e-05 0.013553 100 8.77193
1070 5.66809e-05 0.0115051 200 10.4712
1070 5.56257e-05 0.0107876 300 11.583
1070 5.28449e-05 0.00983968 400 12.1581
1070 4.55867e-05 0.0104572 500 12.6263
1070 3.32969e-05 0.00872008 600 11.6279
1080 7.30794e-05 0.0146864 100 8.84956
1080 5.89996e-05 0.0129486 200 10.6952
1080 5.45193e-05 0.0112191 300 11.7188
1080 4.94656e-05 0.0101921 400 12.3077
1080 4.39245e-05 0.0107618 500 12.7551
1090 7.14295e-05 0.0146038 100 9.00901
1090 6.02987e-05 0.0128607 200 10.8696
1090 5.51474e-05 0.0105592 300 11.9048
1090 4.83998e-05 0.00987383 400 12.4611
1090 4.39679e-05 0.0105591 500 12.8535
1100 7.30794e-05 0.0137318 100 9.34579
1100 5.75678e-05 0.0125638 200 11.1732
1100 5.84814e-05 0.0103401 300 12.0968
1100 5.1052e-05 0.010019 400 12.6582
1100 4.34771e-05 0.010758 500 12.987
1110 7.05901e-05 0.0131939 100 9.80392
1110 5.73084e-05 0.0129029 200 11.5607
1110 5.97585e-05 0.0107829 300 12.3967
1110 5.16902e-05 0.0106014 400 12.8617
1110 4.37286e-05 0.0114707 500 13.1579
1120 7.45331e-05 0.0104848 100 10.3093
1120 6.02987e-05 0.0112265 200 11.976
1120 6.40592e-05 0.00931906 300 12.6582
1120 5.07299e-05 0.00979793 400 13.1148
1120 4.29918e-05 0.0109006 500 13.2626
1130 7.2424e-05 0.00978635 100 10.8696
1130 5.75678e-05 0.0111764 200 12.3457
1130 5.80494e-05 0.00931384 300 12.931
1130 5.00943e-05 0.00974533 400 13.3333
1130 4.33453e-05 0.0108538 500 13.2626
1140 7.04211e-05 0.00744932 100 11.236
1140 4.93142e-05 0.00948072 200 12.6582
1140 5.34396e-05 0.00753216 300 13.1579
1140 4.80599e-05 0.00814371 400 13.5593
1140 4.51874e-05 0.00918182 500 13.0548
1150 6.55099e-05 0.00626868 100 11.6279
1150 5.57799e-05 0.00852642 200 12.9032
1150 5.53152e-05 0.00664403 300 13.3333
1150 4.81218e-05 0.00729701 400 13.6986
1150 4.11556e-05 0.00762847 500 12.8205
1160 6.157e-05 0.00628785 100 11.9048
1160 5.03903e-05 0.00817459 200 13.1579
1160 5.1931e-05 0.00598103 300 13.5135
1160 4.61942e-05 0.00643981 400 13.8408
1160 4.00873e-05 0.0064377 500 12.6904
1170 4.83374e-05 0.00688201 100 12.3457
1170 4.82759e-05 0.00799117 200 13.3333
1170 4.88286e-05 0.00556555 300 13.6986
1170 4.1755e-05 0.00604915 400 13.986
1170 3.94156e-05 0.00540362 500 12.5945
1180 7.48523e-05 0.0094264 100 12.6582
1180 4.7717e-05 0.00790096 200 13.6054
1180 4.67214e-05 0.00514069 300 13.8249
1180 3.82923e-05 0.00545556 400 14.0845
1180 3.38859e-05 0.0043513 500 12.4688
1190 5.54582e-05 0.0125283 100 13.1579
1190 5.13279e-05 0.00894337 200 13.7931
1190 4.30319e-05 0.00647247 300 14.0187
1190 3.92152e-05 0.0068417 400 14.2349
1200 6.03971e-05 0.0134723 100 13.5135
1200 4.96154e-05 0.00881026 200 13.986
1200 4.39456e-05 0.00701787 300 14.1509
1200 3.7783e-05 0.00757631 400 14.2857
1210 5.50266e-05 0.0143803 100 13.6986
1210 5.47008e-05 0.00917656 200 14.0845
1210 4.53109e-05 0.00777171 300 14.2857
1210 3.89674e-05 0.00859675 400 14.2857
1220 3.55474e-05 0.0146815 100 13.8889
1220 3.86792e-05 0.00860049 200 14.1844
1220 4.35216e-05 0.00708784 300 14.3541
1220 3.99307e-05 0.00814201 400 13.986
1230 4.05597e-05 0.0140645 100 14.0845
1230 5.32095e-05 0.00737264 200 14.2857
1230 4.40961e-05 0.0062962 300 14.4231
1230 4.04129e-05 0.00675482 400 13.3333
1240 4.36732e-05 0.0139883 100 14.2857
1240 5.19052e-05 0.00769989 200 14.2857
1240 4.5863e-05 0.00696922 300 14.4928
1240 3.91772e-05 0.00686588 400 12.8617
1250 5.21342e-05 0.0122223 100 14.2857
1250 5.21915e-05 0.0068165 200 14.3885
1250 4.58052e-05 0.00680805 300 14.4928
1250 4.51501e-05 0.00564744 400 12.5786
1260 6.09864e-05 0.00839271 100 14.2857
1260 5.80832e-05 0.00504703 200 14.3885
1260 4.90991e-05 0.00563857 300 14.5631
1260 3.84864e-05 0.00435163 400 12.2324
1270 6.99114e-05 0.00576731 100 14.2857
1270 6.03974e-05 0.00498509 200 14.3885
1270 5.4422e-05 0.00594303 300 14.4928
1280 6.78343e-05 0.00409348 100 14.0845
1280 5.7516e-05 0.00423135 200 14.3885
1280 4.93144e-05 0.0053726 300 14.4231
1290 5.28158e-05 0.00299693 100 14.0845
1290 5.40982e-05 0.00367301 200 14.3885
1290 4.48703e-05 0.00521564 300 13.9535
1300 6.90535e-05 0.00255816 100 14.0845
1300 5.93521e-05 0.0037064 200 14.3885
1300 5.10305e-05 0.00487657 300 12.931
1310 6.64136e-05 0.00296861 100 14.0845
1310 6.10843e-05 0.00374528 200 14.4928
1310 5.23882e-05 0.00440915 300 12.3457
1320 6.29107e-05 0.00358708 100 14.0845
1320 5.78776e-05 0.00467958 200 14.4928
1320 6.00239e-05 0.00402462 300 12
1330 6.29107e-05 0.00359011 100 14.0845
1330 5.83392e-05 0.00475777 200 14.4928
1330 4.762e-05 0.00349458 300 11.5385
1340 5.52428e-05 0.00465085 100 14.0845
1340 5.75678e-05 0.00690276 200 14.4928
1350 6.42235e-05 0.004649 100 14.2857
1350 5.11534e-05 0.00743934 200 14.2857
1360 5.39325e-05 0.00373053 100 14.2857
1360 4.86449e-05 0.00664251 200 13.6054
1370 5.02717e-05 0.00452498 100 14.4928
1370 4.61937e-05 0.00658498 200 12.2699
1380 7.32424e-05 0.00649524 100 14.4928
1380 5.32095e-05 0.00620873 200 11.4943
1390 7.67396e-05 0.00875015 100 14.4928
1390 6.8447e-05 0.00563227 200 11.0497
1400 6.99114e-05 0.00914796 100 14.4928
1410 7.93365e-05 0.0114361 100 14.4928
1420 5.39325e-05 0.0129276 100 13.8889
1430 6.00011e-05 0.0114593 100 12.1951
1440 4.83374e-05 0.0115725 100 10.101
1450 4.85834e-05 0.00699119 100 9.25926
1460 6.53277e-05 0.00495818 100 8.54701
