# initialization preprocessing icp loop mapping
0 0.00150314 0.00495557 0 0 0.0199004 0.0263619
1 0.000766261 0.00270276 0.0798238 3.0193e-05 0.000535782 0.0838598
2 0.000779071 0.00239479 0.0357517 7.888e-06 0.000567456 0.0395016
3 0.0007676 0.00218648 0.0870759 7.585e-06 0.000592861 0.0906313
4 0.000759667 0.00239832 0.0881681 1.2381e-05 0.000739199 0.0920785
5 0.000763683 0.0021361 0.0885588 8.53e-06 0.00104835 0.0925168
6 0.000757677 0.00218109 0.0335967 9.737e-06 0.000664434 0.0372105
7 0.000758319 0.00212602 0.0881068 9.8e-06 0.000817207 0.091819
8 0.000755713 0.00216688 0.0633292 1.0371e-05 0.000714255 0.0669773
9 0.000791565 0.00211097 0.0256606 1.0585e-05 0.00352013 0.0320951
10 0.000756076 0.00233184 0.0887902 1.1005e-05 0.000882055 0.0927722
11 0.000767104 0.00315477 0.0923055 1.5551e-05 0.000920105 0.0971641
12 0.000771019 0.00230068 0.0886962 1.2401e-05 0.0145446 0.106326
13 0.000783112 0.00313817 0.0249079 1.2389e-05 0.0078905 0.036733
14 0.00075191 0.00232914 0.089891 1.3351e-05 0.00761337 0.1006
15 0.00074952 0.0031479 0.093137 1.5169e-05 0.00103088 0.0980816
16 0.000766219 0.00228243 0.0444136 1.4591e-05 0.00102694 0.0485049
17 0.000769812 0.00308252 0.0577858 1.4676e-05 0.00200318 0.0636576
18 0.000761632 0.0022891 0.0897077 1.6775e-05 0.000984926 0.0937612
19 0.000758851 0.00311708 0.0927838 1.6433e-05 0.00094246 0.0976198
20 0.000751398 0.00228664 0.0895101 1.6669e-05 0.00136755 0.0939339
21 0.000754093 0.00312256 0.0628048 1.7384e-05 0.00097651 0.0676766
22 0.000750656 0.00232376 0.0592625 1.8213e-05 0.000996443 0.0633525
23 0.000768984 0.00309999 0.0925435 1.7378e-05 0.00102497 0.0974558
24 0.000749214 0.00229101 0.0894199 1.9034e-05 0.0017715 0.0942517
25 0.000752335 0.00311472 0.0924998 1.8873e-05 0.00125671 0.0976435
26 0.000768701 0.00229837 0.087336 1.9371e-05 0.00821159 0.0986349
27 0.000766405 0.00305435 0.0476722 1.9676e-05 0.00793877 0.0594524
28 0.000745197 0.00226518 0.0894988 2.2382e-05 0.00838763 0.10092
29 0.000809931 0.00309039 0.0941234 2.0404e-05 0.00794834 0.105994
30 0.000766094 0.00231383 0.0416311 2.1064e-05 0.00796361 0.0526972
31 0.000748182 0.00313425 0.0932832 2.2638e-05 0.00136614 0.0985562
32 0.000757041 0.00235401 0.0881244 2.1913e-05 0.00157647 0.0928348
33 0.000766759 0.00447331 0.0927731 2.568e-05 0.00121147 0.0992519
34 0.000760017 0.00319857 0.0934374 2.3865e-05 0.00121835 0.0986394
35 0.000738015 0.00375819 0.093946 2.4038e-05 0.00123043 0.0996979
36 0.000823072 0.00373069 0.0921352 2.6115e-05 0.0012723 0.0979892
37 0.00112581 0.00393892 0.0357243 2.5542e-05 0.00126372 0.0420803
38 0.00112437 0.00404741 0.0434446 4.0695e-05 0.00164028 0.0502989
39 0.00112285 0.00402369 0.0930303 2.6907e-05 0.00155284 0.099758
40 0.000768734 0.00382335 0.0938433 2.6292e-05 0.00824092 0.106704
41 0.000803057 0.00369294 0.0732055 2.6775e-05 0.00821815 0.0859476
42 0.00116644 0.0041825 0.0455798 2.6363e-05 0.00828346 0.0592404
43 0.00148595 0.00362168 0.0927864 2.8454e-05 0.00836261 0.106286
44 0.00080157 0.00399522 0.0919196 2.8764e-05 0.00830025 0.105046
45 0.000803936 0.00376127 0.0916381 2.9369e-05 0.00169825 0.097932
46 0.000786529 0.00384304 0.0902228 3.0074e-05 0.00213902 0.0970226
47 0.000814802 0.00374036 0.0914101 3.1528e-05 0.00144225 0.0974405
48 0.00114795 0.00413581 0.0894817 3.102e-05 0.00198805 0.0967856
49 0.00147073 0.00367156 0.0905545 3.0642e-05 0.00189206 0.0976208
50 0.000760019 0.00383588 0.0901159 3.3642e-05 0.00191444 0.0966611
51 0.000768178 0.00320488 0.0897975 3.0441e-05 0.00198071 0.0957827
52 0.0011496 0.00390325 0.0900306 3.1882e-05 0.00226955 0.0973868
53 0.000813096 0.00381675 0.0888688 3.2704e-05 0.00892913 0.102462
54 0.00078601 0.00385081 0.0913363 3.5738e-05 0.00853234 0.104542
55 0.000778589 0.00318972 0.0923935 3.5528e-05 0.0085495 0.104948
56 0.000811685 0.00317528 0.0908168 3.4593e-05 0.00917846 0.104018
57 0.000792364 0.00377745 0.0926629 3.5558e-05 0.00858389 0.105853
58 0.000780797 0.00317808 0.0908368 3.6233e-05 0.00902274 0.103856
59 0.000803023 0.00401485 0.0906326 3.5032e-05 0.00904465 0.104531
60 0.00186088 0.0036199 0.0909033 3.7776e-05 0.00247475 0.0988975
61 0.000787553 0.00379799 0.0922819 3.7913e-05 0.00167815 0.0985847
62 0.000836558 0.00383671 0.0931627 3.7015e-05 0.00165387 0.099528
63 0.00083695 0.00385622 0.091384 5.4894e-05 0.00217886 0.098312
64 0.000732565 0.00317847 0.059126 3.8525e-05 0.00212845 0.0652049
65 0.000826326 0.00376265 0.0921374 3.9044e-05 0.001729 0.0984959
66 0.000838837 0.00380807 0.0906532 3.9138e-05 0.00925762 0.104598
67 0.00111533 0.00387626 0.0912823 3.9867e-05 0.00935376 0.105668
68 0.000780662 0.00386308 0.0925393 4.3274e-05 0.00879254 0.10602
69 0.00076288 0.00319662 0.0916374 4.1972e-05 0.00887033 0.10451
70 0.000806814 0.00376834 0.0918977 4.3065e-05 0.00968718 0.106205
71 0.000824477 0.00397452 0.0240962 3.9561e-05 0.00934814 0.0382847
72 0.000818986 0.00378782 0.0930841 4.3214e-05 0.00886183 0.106597
73 0.000810433 0.00378401 0.0930926 4.3256e-05 0.00948426 0.107216
74 0.000793892 0.00315739 0.0943573 4.3338e-05 0.00890787 0.107262
75 0.00077698 0.00315771 0.0395957 4.2461e-05 0.00183061 0.0454048
76 0.00078357 0.00319711 0.0931114 4.5099e-05 0.00183122 0.0989697
77 0.000791566 0.00319644 0.0933122 4.5489e-05 0.00177838 0.0991256
78 0.000786457 0.0031541 0.0929544 4.6763e-05 0.00177566 0.0987186
79 0.00078824 0.00314502 0.0941287 4.5665e-05 0.00185977 0.0999687
80 0.000794779 0.00318387 0.0930608 4.6527e-05 0.00181609 0.0989033
81 0.000795953 0.0031683 0.0884885 4.4388e-05 0.00963972 0.102138
82 0.000793885 0.00320549 0.0878834 4.5887e-05 0.00945127 0.101381
83 0.000797662 0.00318865 0.0937025 4.7603e-05 0.00894464 0.106682
84 0.00149096 0.00343277 0.0912342 4.8787e-05 0.00925895 0.105467
85 0.000782376 0.00364111 0.0921386 4.9768e-05 0.0105664 0.107179
86 0.000784777 0.00314329 0.0915715 5.1467e-05 0.0090685 0.104621
87 0.000793831 0.0038457 0.0945669 7.8569e-05 0.00907356 0.10836
88 0.00116872 0.00393485 0.0937031 5.1194e-05 0.00903225 0.107891
89 0.000828884 0.00376076 0.0917915 5.472e-05 0.00238864 0.0988256
90 0.000821601 0.00383917 0.0919047 5.2795e-05 0.00194392 0.0985641
91 0.000799435 0.00382961 0.0941226 5.281e-05 0.00172369 0.100529
92 0.00114218 0.0042292 0.0289705 5.1298e-05 0.00234536 0.0367399
93 0.000800267 0.00386076 0.0938446 5.2998e-05 0.00177805 0.100338
94 0.00150118 0.00376725 0.0922785 5.4187e-05 0.00178754 0.0993899
95 0.000787491 0.00385211 0.0939059 6.9143e-05 0.0017921 0.100408
96 0.000789454 0.00313109 0.0944732 5.5221e-05 0.00885555 0.107306
97 0.000837506 0.00380068 0.041874 5.5076e-05 0.00890138 0.0554695
98 0.000803179 0.00373264 0.0925713 0.000103398 0.00895996 0.106172
99 0.00111859 0.00389308 0.0918494 5.5788e-05 0.00899722 0.105915
100 0.000797692 0.00317172 0.0945997 7.0639e-05 0.0107797 0.109421
101 0.000706513 0.00315866 0.0924161 5.9029e-05 0.00960509 0.105947
102 0.000809995 0.00316469 0.0927205 7.1216e-05 0.00899244 0.10576
103 0.000844099 0.00315902 0.0947265 5.8433e-05 0.00236372 0.101153
104 0.000810787 0.00318792 0.0945985 5.9111e-05 0.00238817 0.101046
105 0.000799095 0.00317104 0.0948774 6.0142e-05 0.00194466 0.100853
106 0.000788889 0.00319959 0.0918749 6.141e-05 0.00171317 0.0976395
107 0.0007555 0.00312018 0.090699 6.0482e-05 0.00225033 0.0968869
108 0.00078721 0.00313087 0.0940286 6.0457e-05 0.00186155 0.0998703
109 0.000825364 0.00362867 0.0901495 7.3697e-05 0.00221675 0.0968949
110 0.000824728 0.00358019 0.0895792 6.3153e-05 0.00231726 0.0963654
111 0.00117519 0.0040697 0.0908731 7.5956e-05 0.0026339 0.0988294
112 0.000783152 0.00389251 0.091158 6.4885e-05 0.00940677 0.105307
113 0.000841659 0.00384665 0.0885271 6.4361e-05 0.00953668 0.102818
114 0.000830527 0.00381285 0.0258579 7.5525e-05 0.00941627 0.039994
115 0.000806361 0.00315337 0.0918207 7.9412e-05 0.0103529 0.106214
116 0.000793819 0.00322358 0.0902319 6.7083e-05 0.00945248 0.10377
117 0.000785211 0.00320506 0.0909085 8.1484e-05 0.00899946 0.103981
118 0.000786993 0.00314139 0.0918148 7.0366e-05 0.00232427 0.0981388
119 0.000803847 0.00316354 0.0937479 7.0028e-05 0.00237884 0.100166
120 0.000966726 0.00313922 0.0926551 8.262e-05 0.00191056 0.0987553
121 0.00079052 0.00312709 0.0932132 8.3066e-05 0.00173792 0.0989528
122 0.000794519 0.0031519 0.0929488 8.1018e-05 0.00181466 0.0987921
123 0.000799695 0.00315928 0.0859841 8.1889e-05 0.0018838 0.0919098
124 0.000800864 0.00318466 0.0931852 7.2002e-05 0.00176273 0.0990063
125 0.000793998 0.00321246 0.0900534 8.3621e-05 0.00261487 0.0967605
126 0.00079421 0.00316489 0.0904149 0.000100386 0.00933506 0.10381
127 0.000802037 0.0031411 0.035218 7.257e-05 0.00883667 0.0480711
128 0.000794948 0.0032003 0.0915391 7.4476e-05 0.00899713 0.104608
129 0.000798587 0.0031314 0.0923373 7.6036e-05 0.0104321 0.106777
130 0.000791452 0.00315811 0.0902762 8.6481e-05 0.00943522 0.103748
131 0.000767919 0.00314885 0.0575411 0.000103565 0.00954701 0.0711098
132 0.00083513 0.00317217 0.092938 7.6191e-05 0.00893217 0.105955
133 0.000783581 0.00316016 0.0491756 8.7273e-05 0.00232788 0.0555357
134 0.000790638 0.00319722 0.0636019 7.959e-05 0.00187836 0.0695486
135 0.000748304 0.00312113 0.0416929 8.9926e-05 0.00176091 0.0474143
136 0.000793318 0.00313324 0.0938283 9.028e-05 0.00171889 0.099565
137 0.000801943 0.00317946 0.0929105 7.8862e-05 0.00173335 0.0987051
138 0.000783067 0.0031449 0.0900029 7.9765e-05 0.00216618 0.096178
139 0.000787974 0.00319193 0.0921232 7.9125e-05 0.00176324 0.0979465
140 0.000786674 0.00321387 0.092578 9.3577e-05 0.002226 0.0988992
141 0.000800655 0.00314983 0.0890785 0.000110733 0.003413 0.0965538
142 0.000797959 0.00322173 0.0920583 9.9959e-05 0.00224816 0.0984272
143 0.000844015 0.00314581 0.0909413 8.4143e-05 0.00903981 0.104056
144 0.000794336 0.00317609 0.0930257 8.4866e-05 0.0106359 0.107718
145 0.000791208 0.00319101 0.0894286 8.6319e-05 0.00938968 0.102888
146 0.000793638 0.003177 0.0888039 8.545e-05 0.00954669 0.102408
147 0.000795164 0.00316417 0.0899161 8.563e-05 0.00243172 0.0963938
148 0.000789563 0.00319287 0.0914558 8.6854e-05 0.00238284 0.0979091
149 0.000855591 0.00320521 0.0931022 8.0501e-05 0.00194608 0.0991906
150 0.000789892 0.00318182 0.090834 8.1799e-05 0.00223311 0.0971222
151 0.000831398 0.00318316 0.0925698 8.383e-05 0.00176779 0.0984369
152 0.000792005 0.00317874 0.0922906 8.314e-05 0.00178338 0.0981293
153 0.00079631 0.00319369 0.0428532 9.3367e-05 0.0022333 0.0491708
154 0.000771499 0.00314206 0.0408729 9.4824e-05 0.00220439 0.047087
155 0.000783938 0.00315084 0.0912932 8.849e-05 0.00225152 0.0975692
156 0.00079727 0.00321587 0.0915349 8.572e-05 0.00899344 0.104629
157 0.000804678 0.00319963 0.0931823 0.000100197 0.0105273 0.107815
158 0.000790692 0.00321088 0.092658 8.8877e-05 0.00904741 0.105797
159 0.000789213 0.00327308 0.0943857 9.8738e-05 0.00242094 0.100969
160 0.000793369 0.00318847 0.0922756 0.000103126 0.00235882 0.0987204
161 0.0007788 0.00319957 0.0941811 0.000104039 0.00238023 0.100645
162 0.000808862 0.00322169 0.0544128 0.000101816 0.00196609 0.0605128
163 0.000790732 0.0032877 0.094721 0.000102781 0.00175214 0.100655
164 0.000804179 0.00318193 0.0595876 0.000118099 0.00178111 0.0654746
165 0.000801951 0.0032329 0.0560878 8.8756e-05 0.00192399 0.0621366
166 0.000800768 0.00317172 0.0939928 0.000103026 0.00179405 0.0998637
167 0.000893999 0.00321289 0.0927301 0.000106905 0.00225173 0.0991967
168 0.000785714 0.00324101 0.0931678 9.4917e-05 0.002242 0.0995322
169 0.000804605 0.00318925 0.0930459 0.000109063 0.0089738 0.106124
170 0.000800624 0.00316352 0.0932653 9.5763e-05 0.00904366 0.10637
171 0.000819566 0.00319821 0.0822196 9.1757e-05 0.0109584 0.0972885
172 0.000804205 0.00317486 0.0939439 9.5144e-05 0.00904108 0.10706
173 0.000793751 0.00324262 0.0935904 0.000107428 0.00900757 0.106743
174 0.000791247 0.00327276 0.0932333 9.7593e-05 0.00238509 0.0997807
175 0.000800177 0.00316566 0.0938088 0.000109144 0.00240785 0.100293
176 0.00080358 0.0031647 0.0932893 9.9855e-05 0.00196291 0.0993216
177 0.000786839 0.00316768 0.0937692 9.8215e-05 0.00184813 0.0996717
178 0.000788837 0.00328059 0.0470649 9.6664e-05 0.00178872 0.0530213
179 0.000777466 0.00318359 0.0930817 0.000115454 0.0018 0.0989598
180 0.000792366 0.00321503 0.0604519 0.000103048 0.00225845 0.0668219
181 0.000796905 0.00318377 0.0927208 0.000101387 0.00233284 0.0991371
182 0.000777907 0.00322773 0.0512028 0.000113451 0.00964836 0.0649714
183 0.000812742 0.00318634 0.094197 0.000115195 0.00902928 0.107341
184 0.000802881 0.00323806 0.0945647 0.000113413 0.0106168 0.109337
185 0.000791043 0.00314917 0.094271 0.000114667 0.00897729 0.107305
186 0.000798045 0.0031317 0.0935092 0.00011865 0.00899874 0.106558
187 0.000787258 0.00334334 0.0942117 0.000118491 0.0024573 0.10092
188 0.000792862 0.0032321 0.0943305 0.000116995 0.00241146 0.100886
189 0.000799887 0.00318064 0.0949406 0.000106159 0.00194868 0.100978
190 0.000786623 0.00324744 0.0939256 0.000115702 0.00175838 0.0998352
191 0.000803115 0.00314519 0.0886972 0.000149177 0.00271573 0.095512
192 0.000792303 0.00321124 0.0925514 0.000120134 0.00180164 0.0984775
193 0.000784605 0.00329671 0.0711471 0.000105669 0.00225976 0.0775955
194 0.000795081 0.00326472 0.0555352 0.000105941 0.00222154 0.0619237
195 0.000798137 0.00322828 0.0920535 0.000121879 0.00895685 0.10516
196 0.000796222 0.00323508 0.0929521 0.000122956 0.00913213 0.10624
197 0.000799651 0.00326482 0.0936429 0.000124918 0.0105549 0.108388
198 0.000798148 0.00314493 0.093491 0.000124935 0.00892062 0.106481
199 0.000797312 0.00322807 0.0937939 0.00012519 0.00234294 0.100289
200 0.000784729 0.00315427 0.0933608 0.000124661 0.00237553 0.099801
201 0.00082385 0.00314598 0.091894 0.000127236 0.00247634 0.098469
202 0.000766322 0.00320769 0.0926325 0.000128142 0.00191771 0.0986543
203 0.00077238 0.00320183 0.0900519 0.0001188 0.00218639 0.0963329
204 0.000766366 0.00315497 0.0920409 0.000130199 0.00179058 0.0978843
205 0.000783628 0.003215 0.0937906 0.000116611 0.00178486 0.0996917
206 0.000784092 0.0032235 0.0924495 0.000120145 0.00232807 0.0989064
207 0.000787548 0.00316479 0.091494 0.000131298 0.00222932 0.097808
208 0.000789006 0.00321107 0.09249 0.000130111 0.0022465 0.0988677
209 0.000785966 0.00314088 0.0926303 0.000130084 0.00905907 0.105748
210 0.000782678 0.00331721 0.0936577 0.000133027 0.0104681 0.10836
211 0.000778107 0.00319639 0.0903716 0.00012107 0.00939094 0.103859
212 0.000790005 0.00316945 0.085693 0.000120199 0.00234889 0.0921224
213 0.000780357 0.00323411 0.0905367 0.000121629 0.00238086 0.0970561
214 0.000779422 0.00320176 0.087632 0.000132479 0.00252667 0.0942733
215 0.000789879 0.00317564 0.0915112 0.000138118 0.00193999 0.0975557
216 0.000787024 0.00323201 0.0896085 0.000123256 0.00222194 0.0959741
217 0.000769159 0.00316117 0.0874343 0.000121939 0.00189309 0.0933809
218 0.000785864 0.0032186 0.0897429 0.000131128 0.00219989 0.0960793
219 0.000789253 0.00322122 0.0880992 0.000126279 0.00294675 0.0951838
220 0.000787512 0.00322422 0.0896092 0.000125318 0.00277784 0.096525
221 0.000792431 0.00316462 0.0885401 0.00012367 0.00962046 0.102242
222 0.000797985 0.00318205 0.0928068 0.00013986 0.00915465 0.106082
223 0.000786847 0.00323479 0.0911563 0.000140381 0.0106604 0.10598
224 0.000809232 0.00316428 0.0939571 0.000139086 0.00900834 0.10708
225 0.000788452 0.00323023 0.0948803 0.000138701 0.0023771 0.101416
226 0.000820811 0.0031919 0.0947523 0.000129391 0.00245167 0.101348
227 0.00079798 0.00316741 0.0949045 0.000143079 0.00239477 0.101409
228 0.000786807 0.00316292 0.0953687 0.000138538 0.00193144 0.10139
229 0.000791851 0.003224 0.0952283 0.000158807 0.00173996 0.101144
230 0.000789424 0.00317093 0.0940807 0.000130191 0.00174706 0.0999192
231 0.000787087 0.00319142 0.0933948 0.000131015 0.00222075 0.0997258
232 0.000784866 0.00318643 0.0941959 0.000143148 0.00227632 0.100588
233 0.000772523 0.00317744 0.0942678 0.000142773 0.00886848 0.107231
234 0.000791059 0.00319082 0.0920654 0.000145371 0.00913839 0.105332
235 0.000796678 0.00314373 0.0925587 0.000137002 0.0106768 0.107314
236 0.00078599 0.00317201 0.0932698 0.000146447 0.00898219 0.106358
237 0.000798797 0.00316606 0.0936904 0.000149503 0.00240515 0.100211
238 0.000778338 0.00320226 0.09483 0.000148596 0.00232403 0.101285
239 0.000784288 0.00319664 0.093552 0.000137281 0.00236084 0.100032
240 0.000783248 0.00317691 0.095268 0.00014808 0.00191863 0.101296
241 0.000788552 0.00313986 0.0935871 0.000148273 0.00171544 0.0993808
242 0.000870895 0.00324294 0.0943641 0.00013965 0.00173428 0.100353
243 0.000780107 0.00319146 0.093053 0.000130633 0.0087946 0.105951
244 0.00078394 0.00321294 0.0926391 0.000144896 0.008843 0.105625
245 0.000789209 0.00319615 0.0925744 0.000133833 0.00882762 0.105522
246 0.000785191 0.00317827 0.0928736 0.000146618 0.00898756 0.105973
247 0.000783617 0.00320087 0.0938001 0.000132306 0.0103679 0.108286
248 0.00078972 0.00323654 0.0936751 0.000135999 0.00893406 0.106772
249 0.000792019 0.00318954 0.0671251 0.000135331 0.00896502 0.0802081
250 0.000782695 0.00319482 0.0950434 0.000146232 0.00230836 0.101477
251 0.000784246 0.0031846 0.0937379 0.000138197 0.00234403 0.10019
252 0.000778796 0.00317576 0.094488 0.000135741 0.00195908 0.100539
253 0.000788521 0.00324103 0.0946095 0.000148642 0.00172057 0.100509
254 0.000758781 0.00318811 0.0934109 0.000152046 0.00173233 0.0992437
255 0.000781876 0.00318534 0.0914871 0.00015575 0.00175411 0.0973656
256 0.00078411 0.00328732 0.0921578 0.000152954 0.00220145 0.0985846
257 0.000787441 0.00322688 0.0936083 0.000156757 0.00220437 0.099985
258 0.000775744 0.00317017 0.094725 0.000153718 0.00884233 0.107669
259 0.000777323 0.00323647 0.0947213 0.000142965 0.00897903 0.107858
260 0.000784807 0.00321044 0.0938848 0.000152676 0.0104917 0.108526
261 0.000768008 0.00322054 0.0944152 0.000143098 0.00892074 0.107468
262 0.000781022 0.00315466 0.094563 0.000156849 0.00900214 0.107659
263 0.00078749 0.00315745 0.0917657 0.000159656 0.0023961 0.0982679
264 0.000789661 0.00315098 0.0928917 0.000148664 0.00236386 0.0993462
265 0.000781615 0.00320754 0.0639855 0.000148005 0.00190912 0.0700329
266 0.00077378 0.0031838 0.0914845 0.000155129 0.00170866 0.097307
267 0.000774266 0.00320128 0.0928088 0.000149995 0.00179491 0.0987309
268 0.000751098 0.00313733 0.0937091 0.000162056 0.00218505 0.0999472
269 0.000771373 0.0031701 0.0919769 0.000151638 0.00218794 0.0982593
270 0.000767259 0.00328182 0.0920822 0.00015244 0.00881923 0.105105
