1 -3.64932e-10 -5.02005e-12 2.32831e-10 -6.92874e-10 1 4.10834e-10 7.45058e-09 1.04042e-13 9.60589e-11 1 0
0.999998 0.000900029 0.00172968 0.00438463 -0.000891673 0.999988 -0.00482669 -0.00947697 -0.001734 0.00482513 0.999987 0.950468
0.999996 -0.0010148 0.00275736 0.0067903 0.00103049 0.999983 -0.00569534 -0.0186225 -0.00275153 0.00569816 0.99998 1.90326
0.999987 -0.00327224 0.00391268 0.00644333 0.003281 0.999992 -0.00223273 -0.0224471 -0.00390535 0.00224554 0.99999 2.86472
0.999972 -0.00692389 0.00271047 0.0110309 0.0069129 0.999968 0.00404581 -0.0269207 -0.0027384 -0.00402696 0.999988 3.80934
0.999951 -0.00978681 0.00121882 0.0180928 0.00978134 0.999942 0.00441101 -0.0308944 -0.00126192 -0.00439888 0.99999 4.75056
0.999924 -0.0122954 0.0011933 0.0165384 0.0122929 0.999922 0.00207506 -0.0330683 -0.00121872 -0.00206024 0.999997 5.6998
0.999932 -0.0116326 -0.000396383 0.0190882 0.0116321 0.999932 -0.00132949 -0.0352679 0.000411821 0.00132479 0.999999 6.62141
0.999928 -0.0119972 -0.00108463 0.0156676 0.0119949 0.999926 -0.00209752 -0.039822 0.00110971 0.00208436 0.999997 7.55632
0.99993 -0.0117647 -0.00158675 0.0100561 0.0117641 0.999931 -0.000414641 -0.0414659 0.00159152 0.000395947 0.999999 8.49575
0.999924 -0.0119356 -0.00299483 0.00728299 0.0119426 0.999926 0.00233235 -0.045696 0.00296677 -0.00236794 0.999993 9.41106
0.99992 -0.012007 -0.0040956 0.005316 0.0120233 0.99992 0.00397576 -0.0493487 0.00404754 -0.00402468 0.999984 10.3315
0.999907 -0.0130364 -0.00410346 -0.00871952 0.0130563 0.999903 0.00486094 -0.0518748 0.00403969 -0.00491406 0.99998 11.2513
0.999894 -0.0135937 -0.00523905 -0.0146411 0.013619 0.999896 0.004824 -0.0537295 0.00517293 -0.00489483 0.999975 12.1456
0.999892 -0.0134541 -0.00598294 -0.0205004 0.0134755 0.999903 0.00355258 -0.0524059 0.00593457 -0.00363282 0.999976 13.0581
0.99987 -0.0145115 -0.00711315 -0.0316299 0.0145234 0.999893 0.00162683 -0.0555147 0.00708878 -0.00172992 0.999973 13.9634
0.999846 -0.0146776 -0.00959272 -0.0355989 0.01468 0.999892 0.000182334 -0.0533753 0.00958901 -0.000323127 0.999954 14.8702
0.999831 -0.0150474 -0.0105718 -0.0513353 0.0150399 0.999887 -0.000786731 -0.0585434 0.0105824 0.000627601 0.999944 15.7526
0.999831 -0.0140367 -0.0118388 -0.0663634 0.0140203 0.999901 -0.00146035 -0.0610345 0.0118581 0.00129412 0.999929 16.6607
0.999827 -0.0126558 -0.0136299 -0.082034 0.0126332 0.999919 -0.001739 -0.0642442 0.0136508 0.00156651 0.999906 17.5448
0.999808 -0.0123067 -0.0152826 -0.0961622 0.012296 0.999924 -0.000795316 -0.0689135 0.0152913 0.000607247 0.999883 18.4253
0.999776 -0.0131567 -0.0165637 -0.118353 0.0131675 0.999913 0.000543207 -0.0734901 0.0165551 -0.000761186 0.999863 19.3456
0.999769 -0.0123254 -0.0176334 -0.136511 0.0123432 0.999923 0.000904647 -0.0770978 0.0176209 -0.00112209 0.999844 20.1899
0.999726 -0.0132702 -0.0193004 -0.15226 0.0132889 0.999911 0.000841528 -0.0819731 0.0192875 -0.00109778 0.999813 21.0717
0.999693 -0.0128182 -0.0211988 -0.169254 0.0128342 0.999918 0.000621645 -0.0846791 0.0211891 -0.000893522 0.999775 21.9438
0.999664 -0.0131342 -0.0223531 -0.190882 0.0131592 0.999913 0.000971349 -0.0873792 0.0223384 -0.00126517 0.99975 22.7706
0.999655 -0.0127152 -0.0229741 -0.217005 0.0127818 0.999915 0.00275274 -0.0865325 0.0229371 -0.00304544 0.999732 23.6528
0.999609 -0.014575 -0.0238532 -0.237795 0.0147097 0.999877 0.00548367 -0.0884777 0.0237704 -0.0058324 0.9997 24.4882
0.999592 -0.014154 -0.0248156 -0.265162 0.0143326 0.999873 0.00703396 -0.0901781 0.0247129 -0.00738676 0.999667 25.3179
0.999603 -0.0130006 -0.0249855 -0.281162 0.013151 0.999896 0.00586721 -0.0930232 0.0249066 -0.00619346 0.999671 26.1751
0.999592 -0.0121928 -0.0258337 -0.317594 0.0122856 0.999919 0.00343537 -0.0938008 0.0257897 -0.00375135 0.99966 26.9697
0.99958 -0.0111698 -0.0267358 -0.337652 0.0112178 0.999936 0.00164517 -0.093596 0.0267158 -0.00194439 0.999641 27.7734
0.999584 -0.0104244 -0.0269046 -0.359914 0.0104684 0.999944 0.00149426 -0.0935357 0.0268876 -0.00177528 0.999637 28.5684
0.999506 -0.0120783 -0.0290009 -0.396759 0.0121162 0.999926 0.00113125 -0.0999497 0.0289851 -0.00148207 0.999579 29.361
0.999479 -0.010606 -0.0304854 -0.419692 0.0106228 0.999944 0.000390061 -0.104623 0.0304795 -0.000713698 0.999535 30.142
0.99942 -0.01032 -0.0324595 -0.446034 0.0103307 0.999947 0.000161935 -0.109365 0.0324561 -0.00049717 0.999473 30.9058
0.999325 -0.0105498 -0.0351861 -0.491989 0.0106027 0.999943 0.00131662 -0.108846 0.0351702 -0.0016888 0.99938 31.6668
0.999263 -0.0113849 -0.0366735 -0.507379 0.0115244 0.999927 0.0035932 -0.113648 0.0366299 -0.00401319 0.999321 32.4042
0.999197 -0.0105039 -0.0386734 -0.549118 0.0107095 0.99993 0.00511374 -0.116057 0.038617 -0.00552381 0.999239 33.1636
0.999134 -0.00948599 -0.0405194 -0.585945 0.00971528 0.999938 0.00546546 -0.119378 0.040465 -0.00585438 0.999164 33.8845
0.999094 -0.00667367 -0.0420274 -0.619244 0.00688392 0.999965 0.00486004 -0.118758 0.0419935 -0.00514495 0.999105 34.6105
0.999005 -0.00477047 -0.0443407 -0.662387 0.00495796 0.999979 0.00411947 -0.120132 0.0443201 -0.00433521 0.999008 35.3079
0.998959 -0.0042249 -0.0454165 -0.700836 0.00445788 0.999977 0.00502993 -0.118813 0.0453942 -0.00522716 0.998955 36.0053
0.998905 -0.00347581 -0.0466574 -0.740812 0.00380411 0.999969 0.0069496 -0.117083 0.0466317 -0.00711948 0.998887 36.7072
0.998902 -0.000711831 -0.0468463 -0.774648 0.00106355 0.999972 0.00748352 -0.116629 0.0468396 -0.00752512 0.998874 37.3722
0.998953 0.00269442 -0.0456651 -0.808013 -0.00243636 0.999981 0.0057059 -0.120636 0.0456796 -0.00558866 0.998941 38.0283
0.999021 0.00480539 -0.0439696 -0.851584 -0.00470075 0.999986 0.00248306 -0.118582 0.0439809 -0.00227394 0.99903 38.7004
0.999109 0.00497163 -0.0419205 -0.876274 -0.00494771 0.999988 0.00067441 -0.117868 0.0419234 -0.000466397 0.999121 39.3268
0.999243 0.00600284 -0.038432 -0.914923 -0.0059559 0.999981 0.00133566 -0.118322 0.0384393 -0.00110575 0.99926 39.9679
0.999331 0.0104716 -0.0350293 -0.939161 -0.0103408 0.999939 0.00391484 -0.122082 0.0350681 -0.00354999 0.999379 40.6096
0.999385 0.0150081 -0.0316944 -0.972598 -0.0147757 0.999862 0.00755357 -0.121037 0.0318034 -0.00708062 0.999469 41.2186
0.999429 0.0199695 -0.0272515 -0.993887 -0.0197363 0.999767 0.00879792 -0.124415 0.0274208 -0.00825506 0.99959 41.8156
0.999476 0.0243305 -0.0213706 -1.01568 -0.0241396 0.999667 0.00914396 -0.122174 0.021586 -0.00862328 0.99973 42.404
0.999488 0.0277373 -0.0159372 -1.03145 -0.0275636 0.999559 0.0110154 -0.118554 0.0162357 -0.0105705 0.999812 42.9558
0.99942 0.0328357 -0.00903449 -1.04692 -0.0327246 0.99939 0.0121866 -0.118696 0.00942913 -0.0118839 0.999885 43.5244
0.999327 0.0366348 -0.00173388 -1.06045 -0.036611 0.999255 0.0122322 -0.117547 0.00218072 -0.0121604 0.999924 44.0507
0.999199 0.0396899 0.00512119 -1.06275 -0.0397492 0.999137 0.0120481 -0.119239 -0.00463858 -0.012242 0.999914 44.5565
0.998961 0.0437864 0.0126052 -1.06475 -0.0439329 0.998967 0.011589 -0.116983 -0.0120848 -0.0121308 0.999853 45.0532
0.998615 0.0485386 0.0203039 -1.06308 -0.0487234 0.998774 0.00870975 -0.114403 -0.0198562 -0.00968696 0.999756 45.5178
0.998336 0.0501744 0.0284162 -1.0584 -0.050363 0.998713 0.00596046 -0.117333 -0.0280806 -0.00738167 0.999578 45.9406
0.99801 0.0514987 0.0363885 -1.03318 -0.0517323 0.998646 0.00550824 -0.115628 -0.0360555 -0.00737974 0.999323 46.3702
0.997741 0.0503048 0.0445165 -1.02196 -0.0506541 0.998693 0.00675449 -0.118767 -0.0441186 -0.00899418 0.998986 46.7665
0.997282 0.0519667 0.0522381 -1.00073 -0.052427 0.998597 0.00747929 -0.117989 -0.0517761 -0.0101976 0.998607 47.1465
0.996604 0.0550234 0.0612579 -0.972829 -0.0556031 0.998423 0.00779859 -0.118353 -0.0607322 -0.0111782 0.998092 47.4951
0.99574 0.0597681 0.0702092 -0.95855 -0.060417 0.998148 0.0071528 -0.119806 -0.0696517 -0.0113642 0.997507 47.8176
0.994848 0.0636126 0.0789372 -0.940522 -0.0643832 0.997899 0.00725331 -0.119583 -0.07831 -0.0122982 0.996853 48.1276
0.994068 0.0630891 0.0885908 -0.904173 -0.0640182 0.997919 0.00768337 -0.123283 -0.0879218 -0.0133092 0.996039 48.4042
0.99315 0.0619178 0.0990899 -0.87464 -0.0628138 0.998008 0.00594526 -0.126005 -0.0985244 -0.0121287 0.995061 48.6698
0.991989 0.0607362 0.11077 -0.831449 -0.0613048 0.998118 0.0017315 -0.129142 -0.110456 -0.00850834 0.993845 48.9307
0.990397 0.0613406 0.123898 -0.796048 -0.0615358 0.998102 -0.00225409 -0.129853 -0.123801 -0.00539174 0.992292 49.2002
0.988269 0.063394 0.138945 -0.755443 -0.0633531 0.99798 -0.00472166 -0.131795 -0.138964 -0.00413634 0.990289 49.4423
0.985655 0.0651722 0.15568 -0.699757 -0.0650239 0.997865 -0.00605054 -0.135197 -0.155742 -0.00415917 0.987789 49.7087
0.982822 0.0657606 0.172446 -0.651315 -0.0654619 0.997828 -0.00742456 -0.136484 -0.172559 -0.00399163 0.984991 49.9472
0.979569 0.0649651 0.190327 -0.577915 -0.0645624 0.997879 -0.00832241 -0.139658 -0.190464 -0.00413561 0.981685 50.1968
0.975705 0.0638482 0.209579 -0.512445 -0.0633811 0.997949 -0.00895177 -0.144189 -0.209721 -0.00454908 0.977751 50.4555
0.971079 0.0643126 0.229936 -0.445238 -0.0636714 0.997919 -0.0102152 -0.147477 -0.230114 -0.00472055 0.973152 50.6802
0.965749 0.0663634 0.25085 -0.360236 -0.0653507 0.997786 -0.0123746 -0.149919 -0.251116 -0.00444242 0.967947 50.9268
0.959433 0.0677967 0.273664 -0.274845 -0.0663504 0.99769 -0.0145486 -0.154743 -0.274018 -0.00419925 0.961716 51.1658
0.952156 0.0688924 0.297745 -0.190294 -0.0672816 0.997611 -0.0156682 -0.160612 -0.298113 -0.00511416 0.954517 51.4043
0.943522 0.0716838 0.323462 -0.0918894 -0.0700344 0.997404 -0.016752 -0.166694 -0.323823 -0.00684755 0.946093 51.6394
0.933566 0.073867 0.350712 0.0263547 -0.0722584 0.997229 -0.0176906 -0.1753 -0.351047 -0.00882651 0.936316 51.8879
0.92227 0.0748902 0.379223 0.13284 -0.0729844 0.997144 -0.0194212 -0.1814 -0.379595 -0.00976581 0.925102 52.1192
0.909526 0.0734008 0.409115 0.271226 -0.0708273 0.997258 -0.0214616 -0.191767 -0.409569 -0.00945671 0.91223 52.3509
0.89463 0.070708 0.441177 0.424607 -0.0668519 0.997467 -0.0243013 -0.201375 -0.441778 -0.00775281 0.897091 52.5886
0.877251 0.069772 0.474934 0.580921 -0.063944 0.997548 -0.0284376 -0.211703 -0.475754 -0.0054223 0.879562 52.7979
0.857636 0.0720132 0.509191 0.752426 -0.0637252 0.997398 -0.0337256 -0.22027 -0.510294 -0.00352393 0.859993 53.0341
0.835996 0.0741495 0.543703 0.913885 -0.0635908 0.997244 -0.0382258 -0.227988 -0.545038 -0.00261784 0.838407 53.2573
0.811134 0.0771425 0.57975 1.11954 -0.0647242 0.997014 -0.0421082 -0.241104 -0.581268 -0.00336846 0.813706 53.4795
0.78393 0.0812475 0.615511 1.3481 -0.067709 0.996675 -0.0453254 -0.255544 -0.617147 -0.00614368 0.786824 53.7216
0.753738 0.0855844 0.651578 1.56231 -0.071182 0.996283 -0.0485186 -0.266175 -0.653308 -0.00981029 0.757028 53.9422
0.720858 0.0871274 0.687585 1.8297 -0.0714496 0.996123 -0.0513168 -0.284748 -0.689391 -0.0121356 0.724288 54.1727
0.684288 0.0852864 0.724207 2.12622 -0.0683581 0.996266 -0.0527353 -0.306009 -0.726001 -0.0134193 0.687563 54.4103
0.645093 0.0838884 0.759485 2.41476 -0.0657117 0.996364 -0.0542383 -0.326821 -0.761273 -0.0149183 0.64826 54.6128
0.602769 0.0838236 0.793501 2.76163 -0.0639275 0.996343 -0.05669 -0.344319 -0.795351 -0.0165555 0.605923 54.8347
0.556975 0.0836128 0.82631 3.10779 -0.0609094 0.996353 -0.0597631 -0.369298 -0.828293 -0.0170435 0.560036 55.0178
0.509216 0.0826017 0.856665 3.48698 -0.0575362 0.996424 -0.061877 -0.394948 -0.858713 -0.0177805 0.512148 55.2061
0.460408 0.080766 0.884026 3.91789 -0.0556502 0.99652 -0.0620605 -0.422907 -0.885961 -0.020623 0.4633 55.3988
0.411025 0.0782413 0.90826 4.31837 -0.0552204 0.996617 -0.0608632 -0.449643 -0.90995 -0.0251382 0.413955 55.543
0.360919 0.0779153 0.929337 4.76458 -0.0576048 0.996464 -0.0611717 -0.468618 -0.930816 -0.0314562 0.364131 55.6931
0.311056 0.0793037 0.947077 5.25289 -0.0564076 0.996296 -0.0648986 -0.488057 -0.948716 -0.0332353 0.314377 55.83
0.264268 0.0754584 0.961493 5.71444 -0.0457615 0.996793 -0.0656511 -0.528199 -0.963363 -0.0266499 0.266874 55.9181
0.219903 0.0699612 0.97301 6.2065 -0.0323457 0.9974 -0.0644046 -0.558892 -0.974985 -0.0173099 0.221594 55.9879
0.177321 0.0677501 0.981818 6.742 -0.022577 0.997645 -0.0647648 -0.598105 -0.983894 -0.0106824 0.178433 56.0481
0.139065 0.0701908 0.987793 7.25094 -0.018746 0.997493 -0.0682409 -0.61372 -0.990106 -0.00902726 0.140032 56.0969
0.106155 0.0703802 0.991856 7.77847 -0.0109646 0.997514 -0.0696082 -0.654107 -0.994289 -0.00348607 0.106662 56.1232
0.0768783 0.0690718 0.994645 8.34264 -0.00242365 0.997608 -0.0690902 -0.695657 -0.997038 0.00290087 0.0768618 56.1397
0.051817 0.0673986 0.99638 8.89009 0.00359085 0.997701 -0.0676747 -0.727656 -0.99865 0.00708455 0.0514559 56.1523
0.0320321 0.0664286 0.997277 9.47686 0.00940172 0.997725 -0.0667604 -0.761265 -0.999443 0.0115146 0.0313347 56.1486
0.0155371 0.0676624 0.997587 10.0756 0.0116845 0.997627 -0.0678471 -0.795619 -0.999811 0.0127105 0.0147096 56.1554
0.00241638 0.0678814 0.99769 10.6504 0.0127472 0.99761 -0.0679068 -0.83098 -0.999916 0.0128818 0.00154531 56.1421
-0.00947026 0.0688133 0.997585 11.2559 0.0134257 0.997548 -0.0686834 -0.86216 -0.999865 0.0127428 -0.0103709 56.1327
-0.0186503 0.0715644 0.997262 11.8597 0.0178735 0.9973 -0.0712329 -0.905649 -0.999666 0.016496 -0.019879 56.1134
-0.0257654 0.0731574 0.996988 12.4979 0.0226433 0.997105 -0.0725809 -0.948798 -0.999412 0.020705 -0.0273473 56.09
-0.0301571 0.0728949 0.996884 13.1265 0.0227118 0.99713 -0.0722258 -0.985609 -0.999287 0.0204629 -0.0317261 56.0708
-0.0341613 0.0701213 0.996953 13.7932 0.0205444 0.997374 -0.069447 -1.02713 -0.999205 0.0181094 -0.0355122 56.0511
-0.0365126 0.0633459 0.997323 14.4512 0.0186519 0.997858 -0.062697 -1.06276 -0.999159 0.0163127 -0.037616 56.0298
-0.0376886 0.0574584 0.997636 15.1361 0.0193309 0.998201 -0.0567606 -1.10389 -0.999103 0.0171459 -0.0387315 56.0073
-0.0380814 0.0551579 0.997751 15.8344 0.0222261 0.998275 -0.0543385 -1.14053 -0.999028 0.0201068 -0.0392416 55.9754
-0.0382969 0.0570634 0.997636 16.5215 0.0264819 0.998075 -0.0560719 -1.18434 -0.998916 0.0242719 -0.0397344 55.9474
-0.0370563 0.0644216 0.997235 17.2176 0.0270824 0.997618 -0.06344 -1.22037 -0.998946 0.0246566 -0.0387127 55.9169
-0.0348762 0.0720461 0.996791 17.9223 0.0263805 0.997117 -0.0711466 -1.2645 -0.999043 0.0238145 -0.0366763 55.8962
-0.0331077 0.0734787 0.996747 18.6281 0.026906 0.996998 -0.0726035 -1.30151 -0.99909 0.0244147 -0.0349853 55.8761
-0.0307831 0.0691741 0.99713 19.3673 0.0276078 0.997281 -0.0683323 -1.34596 -0.999145 0.0254251 -0.0326091 55.8598
-0.028604 0.0627225 0.997621 20.0938 0.02748 0.997702 -0.0619397 -1.39326 -0.999213 0.0256429 -0.0302618 55.845
-0.0257052 0.0606976 0.997825 20.8474 0.0254292 0.997872 -0.0600453 -1.43979 -0.999346 0.0238304 -0.027194 55.8263
-0.0219817 0.0659615 0.99758 21.5781 0.032126 0.997352 -0.0652386 -1.49255 -0.999242 0.0306142 -0.0240426 55.8094
-0.018533 0.0714274 0.997274 22.3046 0.0348787 0.996884 -0.0707513 -1.54219 -0.99922 0.0334724 -0.0209665 55.797
-0.016783 0.0723383 0.997239 23.0434 0.0286394 0.997005 -0.0718393 -1.58604 -0.999449 0.0273547 -0.0188044 55.7911
-0.0137342 0.0693561 0.997497 23.7762 0.0233498 0.997342 -0.0690238 -1.62983 -0.999633 0.0223434 -0.0153171 55.801
-0.00918498 0.0649385 0.997847 24.5195 0.0279784 0.997515 -0.0646593 -1.68186 -0.999566 0.0273243 -0.010979 55.7914
-0.00513843 0.066157 0.997796 25.2465 0.0329976 0.997277 -0.0659527 -1.73585 -0.999442 0.032586 -0.00730746 55.7844
-0.00221674 0.0701598 0.997533 25.9793 0.0331183 0.996994 -0.0700483 -1.78871 -0.999449 0.0328813 -0.00453364 55.7877
0.00121626 0.0715633 0.997435 26.7116 0.0287731 0.997021 -0.0715686 -1.83068 -0.999585 0.0287864 -0.000846463 55.7927
0.00497353 0.0704246 0.997505 27.4807 0.0270107 0.997144 -0.0705338 -1.8856 -0.999623 0.0272941 0.0030571 55.8063
0.00898011 0.0681514 0.997635 28.2061 0.0317068 0.997154 -0.0684039 -1.93245 -0.999457 0.032246 0.00679369 55.808
0.0123161 0.0678809 0.997617 28.942 0.0362477 0.997007 -0.0682868 -1.98816 -0.999267 0.0370023 0.00981869 55.8072
0.0158336 0.0690516 0.997487 29.6961 0.0392101 0.996802 -0.0696265 -2.04249 -0.999106 0.0402141 0.0130754 55.8265
0.0190507 0.0689297 0.99744 30.436 0.039719 0.996781 -0.0696428 -2.09089 -0.999029 0.0409441 0.0162516 55.8373
0.0219039 0.0676545 0.997468 31.1732 0.0408534 0.996814 -0.0685073 -2.13653 -0.998925 0.0422506 0.0190702 55.8557
0.0259832 0.0663848 0.997456 31.9219 0.0437471 0.996761 -0.0674782 -2.19284 -0.998705 0.0453891 0.0229949 55.8785
0.0290887 0.0669019 0.997335 32.6641 0.0417544 0.996806 -0.0680842 -2.23907 -0.998704 0.0436236 0.0262024 55.9011
0.0318523 0.068168 0.997165 33.4099 0.0382015 0.99686 -0.0693674 -2.2859 -0.998762 0.0403027 0.0291481 55.9253
0.0347959 0.0683597 0.997054 34.1738 0.0399533 0.996765 -0.0697342 -2.34074 -0.998596 0.0422621 0.0319521 55.9625
0.0375774 0.0676235 0.997003 34.9061 0.0380355 0.996888 -0.0690493 -2.38902 -0.99857 0.0405162 0.0348884 55.9891
0.0391814 0.0682514 0.996898 35.6877 0.0363443 0.996907 -0.0696804 -2.44035 -0.998571 0.0389618 0.0365796 56.0264
0.0430807 0.0685132 0.99672 36.4227 0.0340401 0.996966 -0.0700014 -2.49363 -0.998492 0.0369441 0.0406178 56.0665
0.0458309 0.0702386 0.996477 37.184 0.03152 0.996927 -0.07172 -2.54335 -0.998452 0.0346959 0.0434762 56.1068
0.0487752 0.0735235 0.9961 37.936 0.0312178 0.996688 -0.0750955 -2.59993 -0.998322 0.0347589 0.0463184 56.154
0.0520095 0.0757195 0.995772 38.707 0.0308423 0.996524 -0.0773875 -2.65446 -0.99817 0.0347368 0.0494933 56.1972
0.0550055 0.0778787 0.995444 39.4664 0.0250496 0.996532 -0.079348 -2.7115 -0.998172 0.0293001 0.052864 56.252
0.0577637 0.0776165 0.995309 40.2307 0.0204408 0.996672 -0.0789091 -2.75905 -0.998121 0.024903 0.0559849 56.3092
0.0612731 0.0775106 0.995107 41.0062 0.0230163 0.996605 -0.0790445 -2.8245 -0.997856 0.027747 0.0592811 56.3619
0.0650621 0.0786771 0.994775 41.8171 0.0228728 0.996508 -0.0803101 -2.8936 -0.997619 0.0279784 0.0630353 56.418
0.0681659 0.0795956 0.994494 42.5894 0.0184116 0.996542 -0.0810216 -2.94791 -0.997504 0.0238332 0.0664647 56.4884
0.0732218 0.0784977 0.994222 43.3674 0.017278 0.996648 -0.0799618 -3.00017 -0.997166 0.0230331 0.0716201 56.551
0.0777479 0.0770645 0.99399 44.1655 0.0188172 0.996717 -0.0787477 -3.07534 -0.996796 0.0248266 0.0760426 56.6211
0.0823241 0.0817123 0.99325 44.9743 0.014706 0.996425 -0.0831924 -3.13036 -0.996497 0.0214555 0.0808281 56.6989
0.0886279 0.0893305 0.992051 45.7635 0.0121984 0.995798 -0.0907577 -3.20201 -0.99599 0.0201451 0.0871658 56.7793
0.0962834 0.094519 0.990856 46.5613 0.0107949 0.995323 -0.0959941 -3.27018 -0.995296 0.0199388 0.0948128 56.8635
0.102891 0.0973276 0.98992 47.3661 0.0057619 0.995126 -0.0984384 -3.34189 -0.994676 0.0158322 0.101828 56.9673
0.1107 0.0958447 0.989222 48.1737 0.00292703 0.995303 -0.0967615 -3.41506 -0.99385 0.013607 0.109899 57.0713
0.118002 0.0936856 0.988584 48.9835 0.00250729 0.995508 -0.0946411 -3.49354 -0.99301 0.0136465 0.117237 57.1719
0.125411 0.0908069 0.98794 49.7986 0.00233579 0.995773 -0.0918233 -3.56878 -0.992102 0.0138233 0.124669 57.2819
0.132999 0.0846 0.987499 50.6078 0.000340454 0.996346 -0.0854038 -3.64026 -0.991116 0.0116948 0.132484 57.4001
0.140095 0.0780968 0.987053 51.426 -0.00217014 0.996906 -0.0785684 -3.70274 -0.990136 0.00886501 0.139831 57.5256
0.147809 0.0741471 0.986233 52.2352 -0.00180549 0.997204 -0.0747014 -3.77203 -0.989014 0.0092609 0.14753 57.6611
0.15518 0.0760746 0.984953 53.0372 -0.00145959 0.997047 -0.0767788 -3.83678 -0.987885 0.0104769 0.154833 57.7937
0.161358 0.0825685 0.983436 53.822 -0.00256912 0.996526 -0.083246 -3.90338 -0.986893 0.0109058 0.161009 57.9288
0.1659 0.0868243 0.982313 54.5853 -0.00372685 0.996165 -0.0874192 -3.96587 -0.986136 0.0108419 0.165587 58.0694
0.171375 0.0890731 0.981171 55.3713 -0.00474946 0.995968 -0.0895868 -4.03933 -0.985195 0.0106929 0.171107 58.2209
0.176574 0.0893107 0.980227 56.1349 -0.00718526 0.995965 -0.0894504 -4.10537 -0.984261 0.00875143 0.176503 58.3687
0.18161 0.0861318 0.979591 56.8789 -0.0042783 0.996217 -0.0868004 -4.17527 -0.983361 0.0115729 0.181291 58.5065
0.186291 0.0804881 0.979192 57.6617 -0.00366949 0.996689 -0.0812282 -4.23832 -0.982488 0.011539 0.18597 58.6631
0.189891 0.0727651 0.979105 58.3978 -0.00412017 0.9973 -0.0733183 -4.30368 -0.981797 0.0098884 0.189678 58.8083
0.193244 0.0698325 0.978662 59.1336 -0.00738654 0.997539 -0.0697209 -4.35765 -0.981123 0.00624418 0.193284 58.9722
0.196157 0.0695766 0.978101 59.881 -0.00896479 0.997565 -0.0691633 -4.42058 -0.980532 0.00479838 0.196303 59.1263
0.198381 0.0715716 0.977508 60.5743 -0.0111977 0.997431 -0.0707577 -4.47045 -0.980061 0.00309111 0.198672 59.2784
0.200467 0.0753312 0.9768 61.2712 -0.0147435 0.997159 -0.0738755 -4.52582 -0.97959 0.000408165 0.201008 59.4347
0.202024 0.0803016 0.976083 61.9663 -0.0163659 0.996771 -0.0786163 -4.58147 -0.979244 -9.21169e-05 0.202686 59.5887
0.203917 0.0857496 0.975226 62.6387 -0.0183716 0.996316 -0.0837627 -4.63734 -0.978816 -0.000835819 0.204741 59.7376
0.205607 0.0875002 0.974715 63.3103 -0.017518 0.996164 -0.0857305 -4.69722 -0.978478 0.000551726 0.206351 59.8891
0.206824 0.0874185 0.974465 63.9976 -0.0191805 0.996171 -0.0852948 -4.7505 -0.97819 -0.00104965 0.207709 60.0421
0.207662 0.084645 0.974531 64.6426 -0.0187654 0.996411 -0.0825467 -4.81411 -0.978021 -0.00114569 0.208505 60.1895
0.208726 0.0820649 0.974525 65.2919 -0.0187624 0.996626 -0.0799074 -4.86649 -0.977794 -0.00160565 0.209561 60.3352
0.208483 0.0810876 0.974659 65.971 -0.0184349 0.996706 -0.0789785 -4.92432 -0.977852 -0.00150204 0.209291 60.4838
0.2068 0.0800741 0.975101 66.5867 -0.0181654 0.996788 -0.0780025 -4.98011 -0.978215 -0.00158217 0.20759 60.6157
0.205081 0.0806122 0.97542 67.22 -0.0190813 0.996742 -0.0783626 -5.03313 -0.978559 -0.00254156 0.205951 60.7493
0.202622 0.0835611 0.975685 67.8224 -0.0197598 0.996499 -0.0812401 -5.08316 -0.979058 -0.0028183 0.203564 60.8815
0.200764 0.0874362 0.97573 68.4157 -0.0190403 0.996169 -0.0853501 -5.14061 -0.979455 -0.00144291 0.20166 61.0034
0.198135 0.0882021 0.976198 69.002 -0.0166967 0.996102 -0.0866117 -5.19052 -0.980033 0.000861489 0.198835 61.1269
0.196389 0.0869949 0.976659 69.5916 -0.0170577 0.996209 -0.0853062 -5.23977 -0.980378 9.3676e-05 0.197129 61.2434
0.193843 0.0839106 0.977437 70.1611 -0.0169751 0.996473 -0.0821783 -5.28538 -0.980886 -0.000662425 0.194584 61.3604
0.191934 0.080214 0.978124 70.7365 -0.0158315 0.996778 -0.0786372 -5.33774 -0.98128 -0.000391987 0.192586 61.4674
0.190259 0.0786649 0.978577 71.2831 -0.0123757 0.996898 -0.0777315 -5.38723 -0.981656 0.00267855 0.190642 61.5683
0.188114 0.080415 0.97885 71.8347 -0.00908786 0.996742 -0.0801384 -5.43445 -0.982105 0.00617952 0.188232 61.6871
0.185958 0.0821107 0.979121 72.3639 -0.00506852 0.996569 -0.0826113 -5.47813 -0.982545 0.0103996 0.185736 61.7597
0.183992 0.0844277 0.979295 72.912 -0.00502362 0.996372 -0.084956 -5.52027 -0.982915 0.0107116 0.183748 61.8768
0.18263 0.0863103 0.979386 73.4432 -0.00607335 0.996219 -0.0866612 -5.56994 -0.983163 0.00987882 0.182464 61.9764
0.182081 0.0853947 0.979568 73.9953 -0.00393912 0.996277 -0.0861191 -5.61457 -0.983276 0.0118221 0.18174 62.0946
0.182478 0.0833294 0.979672 74.5358 0.00132652 0.99638 -0.0849976 -5.66336 -0.983209 0.0168097 0.181706 62.1821
0.184121 0.0818184 0.979492 75.0771 0.0069933 0.996395 -0.0845449 -5.70531 -0.982879 0.0224163 0.182885 62.2825
0.186384 0.0809315 0.979138 75.6279 0.0095303 0.996406 -0.0841729 -5.75224 -0.982431 0.02502 0.184943 62.3858
0.189838 0.0807727 0.978487 76.1687 0.00777687 0.996455 -0.0837647 -5.79884 -0.981785 0.0235113 0.188537 62.4984
0.195169 0.0810701 0.977413 76.7289 0.00596308 0.996461 -0.0838407 -5.84494 -0.980752 0.0221915 0.193995 62.6238
0.201671 0.080123 0.976171 77.2829 0.00764809 0.996489 -0.0833708 -5.89114 -0.979424 0.0242793 0.200351 62.7372
0.209315 0.0799289 0.974576 77.8508 0.00565729 0.996538 -0.0829452 -5.93642 -0.977832 0.0228752 0.208138 62.8744
0.217424 0.0786797 0.972901 78.4159 0.00560714 0.996629 -0.0818517 -5.97668 -0.976061 0.0232517 0.21625 63.0093
0.226302 0.0777005 0.970953 79.0033 0.00323217 0.996748 -0.0805181 -6.02807 -0.974052 0.0213597 0.225315 63.1676
0.235429 0.0778903 0.968765 79.5748 0.00107451 0.996762 -0.0804024 -6.07171 -0.971891 0.01997 0.234583 63.3072
0.245994 0.0808066 0.965897 80.1591 -0.00368569 0.99659 -0.0824356 -6.11735 -0.969265 0.0167187 0.245453 63.4726
0.255108 0.0838059 0.963274 80.7452 -0.00752947 0.996379 -0.084692 -6.16181 -0.966883 0.0143527 0.254815 63.6455
0.266142 0.0859806 0.960092 81.3469 -0.0111149 0.996221 -0.0861351 -6.20791 -0.96387 0.0122528 0.266092 63.8313
0.276668 0.0877878 0.956947 81.9563 -0.0130609 0.99607 -0.0876007 -6.26294 -0.960877 0.0117378 0.276727 64.0142
0.2874 0.0889978 0.953667 82.5733 -0.01683 0.995989 -0.0878755 -6.31386 -0.957663 0.00920518 0.287745 64.2034
0.296983 0.0892226 0.950705 83.1947 -0.0173086 0.995965 -0.0880632 -6.36498 -0.954726 0.00969785 0.297328 64.4229
0.306633 0.0899777 0.947565 83.8162 -0.0209942 0.995919 -0.0877755 -6.41436 -0.951596 0.00702148 0.307271 64.6348
0.318514 0.0858874 0.944019 84.515 -0.020886 0.996281 -0.0835952 -6.46704 -0.947688 0.00690947 0.319123 64.8803
0.328397 0.0780503 0.94131 85.1409 -0.017346 0.99691 -0.076609 -6.51914 -0.944381 0.00883024 0.328736 65.1051
0.339213 0.0734716 0.937836 85.8282 -0.0155658 0.997247 -0.0724958 -6.57508 -0.940581 0.00999337 0.339422 65.3627
0.349718 0.0699672 0.934239 86.5008 -0.0143402 0.99749 -0.0693362 -6.61658 -0.936745 0.010851 0.349844 65.6274
0.358921 0.0676628 0.930912 87.1731 -0.0109033 0.997605 -0.0683065 -6.66569 -0.933304 0.0143667 0.358799 65.8818
0.367443 0.063617 0.927868 87.8787 -0.0043799 0.997765 -0.0666748 -6.7056 -0.930036 0.0204352 0.3669 66.1646
0.375169 0.0533522 0.92542 88.6184 0.00543226 0.998199 -0.0597503 -6.75152 -0.926941 0.0274436 0.374204 66.4552
0.382036 0.0480953 0.922895 89.3065 0.0114242 0.998323 -0.0567551 -6.79934 -0.924077 0.0322258 0.380846 66.7381
0.389274 0.0477803 0.919882 90.0277 0.0153672 0.998178 -0.0583502 -6.84056 -0.920994 0.0368502 0.387831 67.0461
0.396751 0.0536359 0.916358 90.7342 0.0169147 0.997695 -0.0657201 -6.8908 -0.91777 0.0415744 0.39493 67.3562
0.404207 0.0585854 0.912789 91.447 0.0196184 0.997162 -0.0726882 -6.93769 -0.914457 0.0472886 0.401911 67.6589
0.409913 0.0606442 0.910106 92.1541 0.0180674 0.997052 -0.0745754 -6.99161 -0.911946 0.0470127 0.407609 67.9873
0.413934 0.0627436 0.908142 92.8453 0.0109989 0.997204 -0.0739102 -7.04421 -0.91024 0.0405825 0.412087 68.3206
0.418327 0.0655812 0.905926 93.5316 0.00587837 0.997174 -0.0749012 -7.09905 -0.908277 0.0366586 0.41676 68.6606
0.422675 0.0689457 0.903655 94.2229 0.0036931 0.996963 -0.0777922 -7.16511 -0.906274 0.0362181 0.421136 68.9831
0.426019 0.0726681 0.901791 94.8786 0.00180305 0.996699 -0.0811677 -7.22209 -0.904712 0.036205 0.424482 69.3049
0.429779 0.0757915 0.899747 95.554 -0.00196491 0.996547 -0.083007 -7.28606 -0.902932 0.0339068 0.428444 69.6403
0.433936 0.0746995 0.897842 96.2044 -0.00274912 0.996662 -0.0815926 -7.34174 -0.900939 0.0329377 0.432693 69.9687
0.437439 0.0707938 0.896457 96.844 -0.00144025 0.99695 -0.078027 -7.4052 -0.899247 0.032841 0.436207 70.2809
0.440929 0.0683002 0.89494 97.4907 -0.00151424 0.997156 -0.0753551 -7.46042 -0.897541 0.0318711 0.439778 70.6111
0.444344 0.0672019 0.893332 98.1134 -0.00253705 0.997273 -0.073759 -7.52036 -0.895853 0.030508 0.443303 70.9291
0.447923 0.0688775 0.891415 98.7286 -0.00478751 0.997199 -0.0746454 -7.57107 -0.89406 0.0291677 0.446997 71.2414
0.451225 0.0694237 0.889706 99.3408 -0.00415147 0.997122 -0.0757 -7.62875 -0.892401 0.0304641 0.450214 71.5539
0.453127 0.0675544 0.888883 99.9364 -0.00168052 0.997187 -0.0749288 -7.67743 -0.891445 0.0324585 0.451966 71.8652
0.454774 0.0663146 0.888135 100.517 0.000148217 0.997218 -0.0745355 -7.73028 -0.890607 0.0340284 0.453499 72.1634
0.456825 0.0663829 0.887076 101.111 -0.00119725 0.997257 -0.0740115 -7.78018 -0.889556 0.0327482 0.455651 72.4717
0.458733 0.0655416 0.886154 101.686 0.000754277 0.997247 -0.0741488 -7.83177 -0.888574 0.0346829 0.457421 72.7779
0.460962 0.0673542 0.88486 102.245 0.000215517 0.997107 -0.0760105 -7.87838 -0.88742 0.0352287 0.459614 73.0722
0.464166 0.0673364 0.883185 102.802 0.0021929 0.997016 -0.0771677 -7.92898 -0.885746 0.0377554 0.462633 73.3602
0.467467 0.0660392 0.88154 103.351 0.00504138 0.99699 -0.0773613 -7.98254 -0.883996 0.0406081 0.465727 73.6485
0.469736 0.0648819 0.880419 103.872 0.00734105 0.996974 -0.077388 -8.02765 -0.882776 0.0428152 0.467839 73.9275
0.473767 0.0638289 0.878334 104.408 0.0088332 0.996975 -0.0772152 -8.07553 -0.880606 0.0443405 0.471771 74.2187
0.476483 0.0635356 0.876885 104.922 0.0094081 0.99696 -0.077348 -8.12316 -0.879133 0.0451048 0.474437 74.5035
0.479789 0.0626452 0.875145 105.43 0.0104422 0.996969 -0.0770906 -8.17028 -0.877322 0.0461257 0.47768 74.7831
0.483181 0.0620766 0.873317 105.931 0.0118527 0.996928 -0.0774207 -8.21621 -0.875441 0.0477593 0.480961 75.0649
0.487345 0.0634322 0.870902 106.436 0.0112815 0.996817 -0.0789162 -8.25983 -0.873137 0.0482846 0.485079 75.3462
0.491609 0.0633935 0.868506 106.939 0.0136474 0.996663 -0.0804729 -8.31003 -0.870709 0.0514141 0.489103 75.631
0.496584 0.0665156 0.865436 107.439 0.0117302 0.996454 -0.0833161 -8.35731 -0.867909 0.0515252 0.494043 75.9236
0.502002 0.0721128 0.861855 107.917 0.00852787 0.996057 -0.0883088 -8.4087 -0.864825 0.051681 0.499407 76.2174
0.5077 0.0793756 0.857869 108.398 0.00309775 0.995572 -0.09395 -8.4563 -0.861528 0.0503559 0.505206 76.5134
0.513684 0.085867 0.853672 108.874 -0.00220349 0.995108 -0.0987674 -8.50438 -0.857977 0.0488542 0.51136 76.817
0.519523 0.0904919 0.849651 109.349 -0.00629466 0.994755 -0.102097 -8.5562 -0.854433 0.0476935 0.517367 77.1271
0.52537 0.0909714 0.845997 109.836 -0.00987892 0.994853 -0.100843 -8.60946 -0.850816 0.0446226 0.523565 77.4543
0.531253 0.0899496 0.842425 110.325 -0.0162463 0.995247 -0.0960217 -8.65991 -0.847058 0.0373255 0.530189 77.78
0.536203 0.0876595 0.839525 110.817 -0.0224901 0.995723 -0.0896047 -8.71362 -0.843789 0.0291654 0.535882 78.1178
0.542615 0.0858115 0.835587 111.321 -0.0288016 0.996084 -0.0835906 -8.76769 -0.839488 0.0212913 0.542962 78.469
0.548131 0.0839198 0.832172 111.823 -0.0316595 0.996322 -0.0796201 -8.81715 -0.835793 0.0172962 0.548772 78.8224
0.554648 0.0872885 0.827494 112.337 -0.0365352 0.996078 -0.080583 -8.8646 -0.831283 0.0144625 0.555662 79.1756
0.561021 0.0912055 0.822762 112.854 -0.0406777 0.995749 -0.0826444 -8.90984 -0.826801 0.0128972 0.562346 79.5517
0.566925 0.0946245 0.818317 113.376 -0.0434915 0.995434 -0.0849744 -8.96022 -0.82262 0.0125844 0.568452 79.9338
0.572964 0.0970735 0.813811 113.9 -0.046349 0.99521 -0.0860791 -9.00452 -0.818269 0.0116009 0.574719 80.3162
0.579353 0.0981094 0.809151 114.449 -0.0492584 0.995129 -0.0853902 -9.05643 -0.813587 0.00961361 0.581364 80.7301
0.585991 0.0998318 0.804144 114.994 -0.0547036 0.994992 -0.0836615 -9.10629 -0.808469 0.00503533 0.588517 81.1445
0.592454 0.0981343 0.799605 115.548 -0.0553942 0.995166 -0.0810918 -9.15763 -0.803698 0.00374969 0.595026 81.5753
0.600408 0.0961721 0.79389 116.122 -0.0557014 0.995361 -0.0784521 -9.20967 -0.797752 0.00288255 0.602979 82.0154
0.607793 0.0961824 0.788249 116.683 -0.0568701 0.995361 -0.0776036 -9.26463 -0.792057 0.00233915 0.610443 82.4705
0.615034 0.0982638 0.782353 117.256 -0.060607 0.99516 -0.0773471 -9.3124 -0.786168 0.000155058 0.618013 82.9411
0.623093 0.0992195 0.775829 117.836 -0.0621573 0.995066 -0.0773368 -9.36333 -0.779674 -3.53538e-05 0.626186 83.4279
0.630203 0.0997547 0.769996 118.426 -0.0638321 0.995012 -0.0766627 -9.41136 -0.773802 -0.000837407 0.633427 83.9242
0.634475 0.0987277 0.766612 119.006 -0.0636379 0.995114 -0.0754863 -9.46464 -0.770319 -0.000891427 0.637658 84.428
0.639129 0.0972391 0.762928 119.618 -0.0622743 0.995261 -0.074682 -9.51872 -0.766575 0.000220578 0.642155 84.946
0.642505 0.0949909 0.760371 120.218 -0.0592408 0.995475 -0.0743039 -9.57157 -0.763988 0.00269568 0.645225 85.4598
0.646278 0.0913126 0.757619 120.847 -0.0540553 0.995799 -0.0739082 -9.62736 -0.761185 0.00681189 0.648499 85.9925
0.649868 0.084852 0.755296 121.479 -0.0461335 0.99632 -0.0722353 -9.68286 -0.758646 0.012099 0.651391 86.5368
0.653717 0.0788332 0.752621 122.109 -0.0398088 0.996764 -0.0698285 -9.73823 -0.755691 0.0156871 0.65474 87.0784
0.657119 0.0734896 0.750196 122.744 -0.0350311 0.997138 -0.0669955 -9.7962 -0.752973 0.0177438 0.657813 87.6341
0.660692 0.0713647 0.747257 123.38 -0.033357 0.997279 -0.0657495 -9.84478 -0.749915 0.0185139 0.661275 88.2086
0.663448 0.0731201 0.744641 124 -0.0349933 0.997157 -0.0667381 -9.90354 -0.747404 0.0182198 0.66412 88.7609
0.667221 0.0775078 0.740816 124.666 -0.0400551 0.996866 -0.068221 -9.95422 -0.743782 0.015845 0.668235 89.3955
0.669762 0.0808435 0.738162 125.286 -0.045844 0.996662 -0.0675584 -10.0032 -0.741159 0.0114078 0.671232 89.9771
0.672775 0.0787837 0.73564 125.93 -0.0474093 0.996861 -0.0634014 -10.0565 -0.738326 0.00777867 0.674399 90.5741
0.676318 0.0756875 0.732711 126.575 -0.0495883 0.997129 -0.0572296 -10.1031 -0.734939 0.00237144 0.678129 91.1979
0.679604 0.0698988 0.730241 127.213 -0.0489584 0.997552 -0.0499223 -10.1474 -0.731944 -0.001824 0.681363 91.8033
0.684378 0.064905 0.726233 127.885 -0.0452274 0.997891 -0.0465629 -10.1898 -0.727724 -0.00097905 0.68587 92.4474
0.688679 0.0620504 0.722406 128.523 -0.0404151 0.998068 -0.0471998 -10.2334 -0.723939 0.00330943 0.689856 93.0518
0.693872 0.0588411 0.71769 129.183 -0.0301299 0.998156 -0.0527056 -10.2779 -0.719468 0.014947 0.694365 93.6802
0.698879 0.06122 0.712615 129.815 -0.0253496 0.997824 -0.060861 -10.3247 -0.71479 0.02447 0.698911 94.2948
0.704598 0.0614407 0.706941 130.473 -0.0224678 0.997677 -0.0643154 -10.378 -0.709251 0.0294331 0.704342 94.9563
0.710885 0.0569304 0.701 131.108 -0.018596 0.997891 -0.0621837 -10.4216 -0.703062 0.0311697 0.710445 95.6147
0.716598 0.0505507 0.695652 131.755 -0.0139527 0.99821 -0.0581637 -10.4833 -0.697347 0.0319738 0.71602 96.2822
0.721753 0.0472465 0.690536 132.38 -0.00860568 0.998203 -0.0593024 -10.5299 -0.692097 0.0368591 0.720863 96.944
0.727071 0.0500249 0.684738 133.027 -0.0085153 0.997922 -0.0638636 -10.5912 -0.68651 0.0406026 0.725986 97.6169
0.730383 0.0518587 0.681067 133.635 -0.00888765 0.997751 -0.0664409 -10.638 -0.682981 0.0424742 0.729201 98.289
0.733786 0.0487291 0.677631 134.282 -0.00644208 0.997879 -0.0647824 -10.6971 -0.679351 0.043171 0.732543 98.9942
0.736695 0.0423697 0.674896 134.909 -0.00186346 0.998159 -0.0606298 -10.7556 -0.676222 0.0434081 0.735418 99.6748
0.737673 0.0381518 0.674079 135.547 0.000970061 0.998341 -0.057566 -10.8128 -0.675158 0.0431188 0.736412 100.373
0.738187 0.0338034 0.673749 136.19 0.00436648 0.998483 -0.0548801 -10.8638 -0.674582 0.0434537 0.73692 101.074
0.738158 0.0325766 0.673841 136.811 0.0046135 0.998566 -0.0533292 -10.9167 -0.674612 0.0424742 0.73695 101.772
0.738057 0.0327682 0.673942 137.428 0.00394837 0.998593 -0.0528773 -10.9621 -0.674727 0.0416874 0.736889 102.458
0.738226 0.0355101 0.673618 138.072 0.00105818 0.998551 -0.0537987 -11.0149 -0.674553 0.0404284 0.737119 103.163
0.73643 0.0387065 0.675406 138.673 -0.00162812 0.99846 -0.0554451 -11.061 -0.676513 0.0397317 0.735359 103.854
0.734147 0.0429848 0.677629 139.315 -0.00634212 0.998385 -0.0564606 -11.1152 -0.678961 0.0371527 0.733233 104.565
0.731882 0.0452922 0.679925 139.935 -0.0092716 0.998358 -0.056524 -11.1643 -0.681369 0.0350649 0.7311 105.267
0.730394 0.0474316 0.681377 140.569 -0.0128933 0.998366 -0.0556767 -11.2177 -0.682904 0.0318807 0.729812 105.956
0.727791 0.0468387 0.684198 141.188 -0.0136464 0.998457 -0.0538363 -11.2685 -0.685663 0.0298448 0.727307 106.633
0.725233 0.0453802 0.687006 141.831 -0.0141932 0.998599 -0.0509795 -11.3141 -0.688357 0.0272212 0.724861 107.318
0.722899 0.0416328 0.689698 142.472 -0.0101696 0.998716 -0.0496271 -11.3629 -0.690879 0.0288615 0.722394 108.004
0.720399 0.0440355 0.69216 143.11 -0.00926309 0.998504 -0.0538843 -11.4262 -0.693498 0.0324066 0.71973 108.684
0.71624 0.0566463 0.695551 143.707 -0.0180794 0.997872 -0.0626504 -11.4668 -0.69762 0.0322976 0.71574 109.302
0.71314 0.062895 0.698195 144.37 -0.0212047 0.997447 -0.0681938 -11.5276 -0.700701 0.0338267 0.712653 109.993
0.7095 0.0611123 0.70205 145 -0.0204733 0.9976 -0.0661488 -11.5823 -0.704408 0.0325594 0.709048 110.644
0.705917 0.0596835 0.705776 145.643 -0.0247734 0.997914 -0.0596097 -11.6419 -0.707861 0.0245951 0.705923 111.301
0.702677 0.0575126 0.709181 146.256 -0.0253554 0.998119 -0.0558217 -11.6919 -0.711057 0.0212431 0.702814 111.928
0.698793 0.0576676 0.712996 146.915 -0.0263755 0.998145 -0.0548805 -11.7456 -0.714837 0.0195445 0.699018 112.583
0.696192 0.055868 0.715679 147.555 -0.0233711 0.998203 -0.0551879 -11.7946 -0.717475 0.0216952 0.696246 113.221
0.692064 0.0550023 0.719738 148.196 -0.0202364 0.998179 -0.0568225 -11.8475 -0.721552 0.0247599 0.691917 113.836
0.689117 0.0543791 0.722607 148.85 -0.016148 0.998085 -0.0597103 -11.8978 -0.72447 0.0294787 0.688676 114.46
0.684819 0.0551581 0.726623 149.507 -0.0149442 0.997985 -0.0616727 -11.9544 -0.72856 0.0313759 0.684263 115.083
0.681466 0.0559578 0.729707 150.152 -0.0148719 0.997926 -0.0626374 -12.0033 -0.731699 0.0318332 0.680885 115.691
0.677177 0.0573748 0.73358 150.828 -0.016797 0.997901 -0.0625424 -12.0583 -0.735629 0.0300303 0.676719 116.321
0.672821 0.0571014 0.737599 151.487 -0.0160166 0.997908 -0.0626433 -12.1171 -0.739632 0.0303339 0.672327 116.929
0.666721 0.0601279 0.742878 152.142 -0.0187051 0.997777 -0.0639717 -12.1665 -0.745072 0.0287557 0.666363 117.528
0.661045 0.0664911 0.747395 152.827 -0.0224326 0.997372 -0.0688891 -12.2345 -0.750011 0.0287728 0.660799 118.14
0.654464 0.0736714 0.752495 153.508 -0.026783 0.996876 -0.0743031 -12.2868 -0.755618 0.0284747 0.654393 118.723
0.648132 0.0771787 0.757607 154.169 -0.0293231 0.996643 -0.0764439 -12.3511 -0.760963 0.0273304 0.648219 119.297
0.641283 0.0715444 0.763962 154.897 -0.0289462 0.997191 -0.0690881 -12.4177 -0.766758 0.0221912 0.641552 119.921
0.634867 0.0658619 0.769809 155.622 -0.0318724 0.997745 -0.0590778 -12.4621 -0.771964 0.0129709 0.635535 120.53
0.627277 0.060811 0.776419 156.324 -0.0308667 0.998105 -0.0532364 -12.525 -0.778184 0.00942853 0.627965 121.115
0.620422 0.0626553 0.781761 157.059 -0.036681 0.998031 -0.0508777 -12.5629 -0.78341 0.00288991 0.621499 121.707
0.612191 0.0640331 0.788113 157.789 -0.0363812 0.997941 -0.0528211 -12.6158 -0.789872 0.00366416 0.613261 122.289
0.60651 0.0633998 0.792544 158.563 -0.0283197 0.997906 -0.0581555 -12.6596 -0.794571 0.0128272 0.607035 122.877
0.597556 0.073327 0.798467 159.274 -0.0321052 0.997199 -0.0675507 -12.728 -0.801184 0.0147304 0.598236 123.422
0.591837 0.0743442 0.802622 159.973 -0.0279451 0.997031 -0.0717456 -12.7855 -0.805573 0.0200324 0.592158 123.934
0.584612 0.0702646 0.808264 160.782 -0.0244546 0.997316 -0.0690115 -12.8443 -0.810944 0.0205792 0.584762 124.519
0.577571 0.0635339 0.813865 161.566 -0.0182751 0.997723 -0.0649175 -12.9102 -0.816136 0.022621 0.577417 125.077
0.57102 0.0635945 0.818469 162.292 -0.0195412 0.997766 -0.0638924 -12.9678 -0.820703 0.02049 0.570987 125.587
0.563151 0.0647826 0.823811 163.063 -0.0201804 0.997703 -0.0646619 -13.0278 -0.826108 0.0197895 0.563164 126.14
0.557317 0.0628995 0.827914 163.778 -0.0169325 0.99778 -0.0644066 -13.0852 -0.830127 0.0218762 0.557145 126.607
0.552191 0.0562747 0.831816 164.561 -0.0101391 0.998099 -0.0607935 -13.1451 -0.833656 0.0251358 0.551712 127.134
0.546413 0.0538925 0.83578 165.309 -0.00988295 0.998273 -0.0579091 -13.2048 -0.837458 0.0233823 0.546002 127.641
0.542879 0.0533174 0.838117 166.059 -0.0117178 0.998366 -0.0559218 -13.2546 -0.839729 0.0205379 0.542617 128.132
0.537729 0.054939 0.841326 166.796 -0.0124801 0.998284 -0.0572119 -13.3109 -0.843026 0.0202647 0.537492 128.604
0.534118 0.0576266 0.843444 167.531 -0.0107994 0.998058 -0.0613515 -13.3658 -0.845341 0.0236602 0.533703 129.083
0.530685 0.0634685 0.84519 168.243 -0.0116988 0.997646 -0.0675715 -13.4212 -0.847489 0.0259714 0.530178 129.535
0.527794 0.0666119 0.846756 168.965 -0.0147556 0.997489 -0.0692722 -13.4747 -0.849244 0.0240671 0.527452 129.989
0.524716 0.0617182 0.849037 169.68 -0.0135929 0.997849 -0.064135 -13.5294 -0.851169 0.0221118 0.524427 130.445
0.522492 0.053547 0.850961 170.409 -0.00978867 0.998337 -0.0568104 -13.5841 -0.852588 0.0213532 0.522147 130.9
0.51929 0.0478258 0.853259 171.152 -0.00450926 0.998572 -0.0532264 -13.6433 -0.854586 0.0237924 0.518764 131.348
0.516973 0.0461491 0.854757 171.839 -0.000182093 0.998552 -0.0538026 -13.6869 -0.856002 0.0276589 0.516233 131.752
0.515852 0.0483021 0.855315 172.534 0.00175381 0.998348 -0.0574373 -13.7369 -0.856676 0.0311292 0.514915 132.174
0.513503 0.0554564 0.856294 173.256 3.21099e-05 0.997908 -0.0646471 -13.793 -0.858088 0.0332239 0.512427 132.62
0.511371 0.064434 0.856941 173.855 -0.0034831 0.997332 -0.0729116 -13.8359 -0.859353 0.0343001 0.510232 132.971
0.508924 0.0659 0.858285 174.542 -0.000157391 0.997072 -0.0764629 -13.898 -0.860812 0.0387787 0.507445 133.386
0.506391 0.0601797 0.860202 175.234 -0.000908932 0.997598 -0.0692569 -13.9525 -0.862304 0.0342892 0.505229 133.802
0.503089 0.0521811 0.862658 175.915 -0.00624752 0.998369 -0.0567466 -14.0016 -0.864212 0.0231591 0.502594 134.213
0.500031 0.047758 0.86469 176.587 -0.0124805 0.998772 -0.0479464 -14.0499 -0.865918 0.0131829 0.500012 134.616
0.497128 0.049628 0.866257 177.222 -0.0149631 0.998705 -0.0486289 -14.0952 -0.867548 0.0112129 0.497227 135.006
0.494766 0.0530451 0.867406 177.868 -0.0137947 0.998489 -0.0531929 -14.1379 -0.868917 0.0143524 0.49475 135.376
0.492225 0.0546125 0.868753 178.488 -0.0130105 0.99838 -0.0553896 -14.178 -0.870371 0.0159613 0.492139 135.732
0.489763 0.0536164 0.870205 179.137 -0.0120436 0.998428 -0.0547384 -14.2173 -0.871772 0.0163285 0.489639 136.106
0.487039 0.0529042 0.871776 179.767 -0.0127842 0.998489 -0.0534515 -14.2609 -0.873287 0.014888 0.486979 136.455
0.48472 0.0521277 0.873115 180.396 -0.0122295 0.998529 -0.052826 -14.3023 -0.874584 0.0149281 0.484644 136.813
0.481255 0.0521545 0.875028 181.003 -0.0107187 0.998504 -0.0536189 -14.3435 -0.876515 0.0164251 0.481094 137.152
0.478008 0.0539633 0.876696 181.603 -0.010241 0.998386 -0.0558699 -14.3828 -0.878296 0.0177281 0.477789 137.483
0.473737 0.0558522 0.878894 182.212 -0.0102513 0.998269 -0.0579126 -14.4248 -0.880607 0.0184255 0.473489 137.809
0.468925 0.057857 0.881341 182.799 -0.0103994 0.998145 -0.0599917 -14.4651 -0.883177 0.0189661 0.468656 138.121
0.463888 0.0604828 0.883827 183.392 -0.0108659 0.99798 -0.0625915 -14.5063 -0.885827 0.0194318 0.463608 138.433
0.458317 0.0635358 0.886515 183.982 -0.0100805 0.997749 -0.0662964 -14.5493 -0.888732 0.0214483 0.457925 138.745
0.45151 0.0664139 0.889791 184.574 -0.00858197 0.997503 -0.0700988 -14.5952 -0.892225 0.0240142 0.450953 139.034
0.445354 0.0688034 0.892707 185.173 -0.0102897 0.997371 -0.0717368 -14.6426 -0.895296 0.0227626 0.444891 139.336
0.438159 0.0707636 0.896108 185.78 -0.0147474 0.997328 -0.0715458 -14.6861 -0.898777 0.0181332 0.438032 139.638
0.432006 0.0722414 0.898973 186.385 -0.0181798 0.997282 -0.0714051 -14.728 -0.901687 0.0145043 0.432145 139.929
0.425406 0.0730162 0.902052 187.011 -0.0183178 0.997231 -0.0720817 -14.7793 -0.904817 0.0141404 0.425566 140.226
0.41804 0.0760534 0.90524 187.644 -0.0197193 0.997014 -0.0746574 -14.831 -0.908215 0.013359 0.418291 140.522
0.410082 0.0810184 0.908443 188.271 -0.0226134 0.996644 -0.0786766 -14.8779 -0.911768 0.0117209 0.410538 140.815
0.402882 0.0851361 0.911284 188.91 -0.025531 0.996322 -0.0817934 -14.9266 -0.914896 0.0096871 0.403574 141.099
0.394917 0.0878319 0.914509 189.565 -0.0268308 0.996098 -0.0840814 -14.9806 -0.918325 0.00866811 0.395732 141.402
0.387754 0.0901304 0.917346 190.223 -0.02725 0.995894 -0.0863295 -15.0399 -0.92136 0.00847699 0.388618 141.682
0.38068 0.0921848 0.9201 190.889 -0.0281705 0.995713 -0.0881052 -15.0973 -0.924278 0.00762025 0.381645 141.971
0.373038 0.0926449 0.923179 191.562 -0.0256117 0.995651 -0.0895687 -15.1585 -0.927463 0.00976835 0.373789 142.238
0.365985 0.0920714 0.926055 192.264 -0.0236446 0.995693 -0.0896504 -15.2153 -0.930321 0.0109145 0.366585 142.524
0.358793 0.0893598 0.92913 192.974 -0.0223578 0.995944 -0.0871521 -15.2805 -0.93315 0.0104962 0.359335 142.796
0.351456 0.0867343 0.932178 193.69 -0.0234078 0.996202 -0.083866 -15.3368 -0.935912 0.00765493 0.352151 143.068
0.344969 0.0827648 0.934958 194.441 -0.0218147 0.996543 -0.0801675 -15.3982 -0.93836 0.00725952 0.345582 143.354
0.338508 0.0784565 0.937687 195.193 -0.0190428 0.996885 -0.0765351 -15.4616 -0.940771 0.00805149 0.338947 143.628
0.333654 0.073672 0.939812 195.948 -0.019195 0.997266 -0.0713611 -15.5128 -0.9425 0.00577023 0.334156 143.892
0.328114 0.0679021 0.942194 196.727 -0.0174053 0.997678 -0.0658394 -15.5583 -0.944478 0.00520367 0.328534 144.17
0.323282 0.0675333 0.94389 197.521 -0.0129698 0.997673 -0.0669392 -15.6202 -0.946214 0.00939821 0.323405 144.446
0.318014 0.0745373 0.945152 198.295 -0.00934123 0.997103 -0.0754913 -15.6763 -0.94804 0.0151784 0.317788 144.705
0.313176 0.0857367 0.945817 199.105 -0.00652581 0.996087 -0.0881329 -15.7333 -0.949673 0.0214289 0.31251 144.969
0.308822 0.0925011 0.946611 199.91 -0.0015522 0.995307 -0.0967532 -15.8001 -0.951119 0.0284102 0.307516 145.228
0.304273 0.0888508 0.948432 200.73 0.00610716 0.995438 -0.0952137 -15.8694 -0.952565 0.0347632 0.302342 145.484
0.300184 0.0806912 0.950462 201.6 0.0127052 0.995989 -0.0885689 -15.9487 -0.953797 0.0386628 0.297955 145.748
0.294531 0.0753092 0.95267 202.449 0.01735 0.996304 -0.0841225 -16.0213 -0.955484 0.0413055 0.292136 146.004
0.291106 0.0798716 0.953351 203.308 0.0144163 0.99603 -0.0878492 -16.1036 -0.956582 0.0393172 0.288799 146.263
0.285671 0.0901423 0.954079 204.156 0.00756196 0.995323 -0.0963034 -16.1717 -0.958298 0.0347258 0.283653 146.53
0.280145 0.0938043 0.955364 205.002 0.00218217 0.995149 -0.0983506 -16.252 -0.959955 0.0296372 0.278581 146.786
0.276335 0.0895988 0.956876 205.902 0.00122931 0.995611 -0.0935809 -16.3295 -0.961061 0.027036 0.275012 147.051
0.271401 0.086129 0.958605 206.797 0.000694184 0.99597 -0.0896828 -16.4102 -0.962466 0.0250055 0.270248 147.308
0.264955 0.0867186 0.960353 207.674 -0.000659777 0.995964 -0.0897521 -16.4898 -0.964261 0.0231466 0.263943 147.559
0.259142 0.0906791 0.961573 208.533 -0.0044624 0.995685 -0.0926933 -16.5641 -0.965829 0.0197298 0.258429 147.802
0.254591 0.0913947 0.96272 209.44 -0.000977648 0.995548 -0.0942526 -16.6468 -0.967049 0.0230546 0.253547 148.041
0.250088 0.0903039 0.964003 210.36 0.00345303 0.995552 -0.0941551 -16.7298 -0.968217 0.0268758 0.248664 148.274
0.246363 0.0891469 0.965069 211.281 0.00618062 0.995596 -0.0935445 -16.8112 -0.969158 0.0290106 0.244727 148.509
0.242744 0.0887218 0.966025 212.212 0.00755572 0.995606 -0.0933373 -16.8993 -0.970061 0.0299561 0.241007 148.748
0.238652 0.087421 0.967162 213.136 0.00892096 0.9957 -0.0922019 -16.9849 -0.971064 0.0306322 0.236846 148.981
0.236771 0.0862853 0.967726 214.053 0.00605726 0.995898 -0.0902792 -17.0672 -0.971547 0.0272373 0.235277 149.211
0.233565 0.0838832 0.968716 214.989 0.0069864 0.996101 -0.0879391 -17.1486 -0.972316 0.0273074 0.232069 149.438
0.230222 0.084279 0.969482 215.966 0.00395779 0.996153 -0.0875374 -17.2357 -0.97313 0.0239901 0.229003 149.683
0.231277 0.0870535 0.968985 216.832 0.000498749 0.995978 -0.0895975 -17.3155 -0.972888 0.0212051 0.230303 149.894
0.226246 0.088037 0.970084 217.849 0.000412999 0.995899 -0.0904761 -17.4005 -0.97407 0.0208705 0.225281 150.145
0.224608 0.0879232 0.970474 218.752 0.00164006 0.995886 -0.090605 -17.4797 -0.974448 0.0219423 0.22354 150.357
0.223258 0.0862785 0.970933 219.673 0.001402 0.996046 -0.0888324 -17.5715 -0.974759 0.0211938 0.222254 150.573
0.220802 0.082931 0.971786 220.617 0.00220501 0.996334 -0.0855268 -17.6398 -0.975316 0.0210273 0.21981 150.798
0.219867 0.0793887 0.972294 221.599 0.00491731 0.99658 -0.0824836 -17.7372 -0.975518 0.0229165 0.218724 151.02
0.218686 0.0823643 0.972313 222.532 0.00390208 0.99635 -0.0852781 -17.8118 -0.975788 0.0224432 0.217566 151.232
0.215792 0.0876431 0.972498 223.431 0.00211033 0.995919 -0.0902221 -17.891 -0.976437 0.0215215 0.214726 151.44
0.213989 0.0913231 0.972558 224.323 0.00329235 0.995547 -0.0942063 -17.9731 -0.976831 0.0233611 0.212736 151.646
0.211004 0.0920428 0.973142 225.211 0.00130895 0.995529 -0.0944441 -18.0563 -0.977484 0.0212019 0.209941 151.847
0.208302 0.0885839 0.974045 226.263 0.000255911 0.995885 -0.0906249 -18.1552 -0.978065 0.0191266 0.207422 152.067
0.204809 0.0828704 0.975288 227.132 -6.31149e-05 0.996411 -0.084652 -18.2306 -0.978802 0.0172759 0.204079 152.261
0.199988 0.0786091 0.97664 228.144 0.00180688 0.996745 -0.0805974 -18.3206 -0.979797 0.0178832 0.199195 152.471
0.195971 0.0783703 0.977473 228.956 9.67486e-05 0.9968 -0.0799392 -18.3852 -0.98061 0.0157603 0.195336 152.646
0.191292 0.0801356 0.978256 229.931 -0.000510626 0.99667 -0.0815441 -18.4624 -0.981533 0.0150992 0.190696 152.84
0.186489 0.0803465 0.979166 230.821 -0.000208353 0.996654 -0.0817418 -18.5398 -0.982457 0.0150399 0.185881 153.019
0.18313 0.0800049 0.979828 231.747 -0.000237142 0.996687 -0.0813371 -18.6098 -0.983089 0.0146629 0.182542 153.195
0.177439 0.0786861 0.980981 232.669 0.000737129 0.996788 -0.0800873 -18.6872 -0.984132 0.0149338 0.176811 153.368
0.174317 0.0786076 0.981547 233.597 -0.000165931 0.996811 -0.0798005 -18.7617 -0.98469 0.0137477 0.173774 153.546
0.169433 0.0789792 0.982372 234.515 -0.00152709 0.996804 -0.0798761 -18.839 -0.985541 0.0120335 0.169013 153.716
0.165289 0.0799459 0.983 235.459 -0.00461755 0.996761 -0.0802887 -18.9123 -0.986235 0.00873177 0.165123 153.881
0.159988 0.0795891 0.983905 236.404 -0.00637605 0.996807 -0.0795959 -18.9889 -0.987098 0.00646098 0.159985 154.055
0.157173 0.0805371 0.984282 237.326 -0.0104831 0.996749 -0.0798833 -19.0613 -0.987516 0.00223716 0.157506 154.216
0.152919 0.0847063 0.984602 238.228 -0.0154649 0.996403 -0.0833197 -19.1362 -0.988118 -0.00248558 0.153679 154.37
0.149452 0.0894044 0.984719 239.154 -0.0186073 0.995982 -0.0876029 -19.2146 -0.988594 -0.00523046 0.150515 154.527
0.146593 0.0920117 0.984908 240.041 -0.0208064 0.995731 -0.089926 -19.2923 -0.988978 -0.00730987 0.147882 154.689
0.142143 0.0896779 0.985775 240.968 -0.0214889 0.995933 -0.0875033 -19.366 -0.989613 -0.00874525 0.143492 154.828
0.139338 0.0857333 0.986527 241.898 -0.0207911 0.996279 -0.0836443 -19.4497 -0.990027 -0.00885609 0.140602 154.972
0.135601 0.0831926 0.987265 242.814 -0.0210237 0.996486 -0.081082 -19.5246 -0.990541 -0.00976118 0.136873 155.106
0.132955 0.081067 0.987801 243.693 -0.0190728 0.996674 -0.079228 -19.5995 -0.990939 -0.00830643 0.134058 155.233
0.128818 0.0813097 0.988329 244.622 -0.0185845 0.996656 -0.0795725 -19.6736 -0.991494 -0.00811726 0.129898 155.362
0.123865 0.0833039 0.988796 245.531 -0.0191678 0.996485 -0.0815505 -19.7451 -0.992114 -0.00885186 0.125026 155.479
0.12087 0.0857535 0.988957 246.453 -0.0203584 0.996266 -0.0838991 -19.8216 -0.99246 -0.00999268 0.122165 155.607
0.116503 0.0821014 0.989791 247.36 -0.01123 0.996623 -0.0813462 -19.8905 -0.993127 -0.00163825 0.117031 155.697
0.109276 0.0759556 0.991105 248.27 -0.00814335 0.997111 -0.075518 -19.9614 -0.993978 0.000181361 0.109578 155.816
0.105581 0.0767755 0.991442 249.196 -0.00866746 0.997048 -0.0762865 -20.0317 -0.994373 -0.000538843 0.105935 155.923
0.102238 0.0881717 0.990845 250.088 -0.00702311 0.996103 -0.087915 -20.1164 -0.994735 0.00202948 0.102459 156.014
0.0953579 0.102019 0.990202 250.934 -0.00689266 0.994778 -0.101826 -20.1908 -0.995419 0.00288484 0.0955631 156.102
0.0911743 0.105975 0.99018 251.822 -0.00847549 0.994368 -0.105643 -20.2813 -0.995799 0.00123966 0.091559 156.198
0.0833726 0.101373 0.991349 252.711 -0.0119785 0.994843 -0.100723 -20.3616 -0.996447 -0.00347733 0.0841569 156.277
0.078986 0.0942206 0.992413 253.615 -0.0136051 0.995533 -0.093434 -20.4489 -0.996783 -0.00612194 0.079915 156.361
0.0742035 0.0899523 0.993178 254.509 -0.0157625 0.995905 -0.0890216 -20.5296 -0.997119 -0.00904922 0.0753175 156.445
0.0680034 0.0892142 0.993688 255.408 -0.020036 0.995915 -0.088043 -20.6133 -0.997484 -0.0139223 0.0695131 156.515
0.0610665 0.0872494 0.994313 256.272 -0.0240715 0.996011 -0.0859201 -20.6892 -0.997844 -0.0186877 0.0629231 156.574
0.0534426 0.0832108 0.995098 257.172 -0.0281958 0.996251 -0.0817929 -20.7609 -0.998173 -0.0236864 0.0555884 156.644
0.0457347 0.0790805 0.995819 258.07 -0.0293257 0.996538 -0.0777908 -20.8312 -0.998523 -0.0256453 0.0478954 156.705
0.0392993 0.0812938 0.995915 258.904 -0.0252254 0.996448 -0.0803419 -20.9019 -0.998909 -0.021965 0.0412103 156.726
0.0321239 0.0855517 0.995816 259.779 -0.0239293 0.99611 -0.084805 -20.9691 -0.999198 -0.0211049 0.0340461 156.775
0.0259001 0.0872319 0.995851 260.651 -0.0219678 0.995995 -0.0866731 -21.0433 -0.999423 -0.0196319 0.0277126 156.797
0.0198822 0.0853153 0.996156 261.502 -0.0216553 0.996156 -0.0848831 -21.1178 -0.999568 -0.0198844 0.0216533 156.819
0.0129401 0.0825268 0.996505 262.396 -0.0226566 0.996357 -0.0822203 -21.1868 -0.99966 -0.0215134 0.0147627 156.847
0.0064958 0.0815324 0.99665 263.257 -0.0191356 0.996498 -0.0813953 -21.2612 -0.999796 -0.0185428 0.00803323 156.868
0.00219562 0.0833017 0.996522 264.111 -0.0166481 0.996389 -0.083254 -21.3332 -0.999859 -0.0164074 0.0035745 156.864
-0.00250883 0.0882838 0.996092 264.973 -0.0180703 0.995929 -0.0883149 -21.3976 -0.999834 -0.0182212 -0.000903303 156.859
-0.00660852 0.0879322 0.996105 265.858 -0.0157381 0.995994 -0.0880268 -21.4786 -0.999854 -0.0162586 -0.00519816 156.876
-0.00962791 0.0867587 0.996183 266.717 -0.0101082 0.99617 -0.0868553 -21.5548 -0.999903 -0.0109058 -0.00871406 156.864
-0.0111018 0.0860418 0.99623 267.587 -0.00792624 0.996252 -0.0861321 -21.6202 -0.999907 -0.00885257 -0.0103782 156.858
-0.0131114 0.0825202 0.996503 268.467 -0.00521588 0.99657 -0.0825944 -21.7035 -0.9999 -0.00628057 -0.012636 156.845
-0.0145074 0.0835894 0.996395 269.299 -0.00449354 0.996484 -0.0836624 -21.7622 -0.999885 -0.00569106 -0.0140808 156.836
-0.0157658 0.0826183 0.996456 270.187 -0.00138508 0.996578 -0.0826502 -21.8475 -0.999875 -0.00268321 -0.0155974 156.825
-0.0161794 0.0865492 0.996116 271.037 -0.000465671 0.996246 -0.086568 -21.9106 -0.999869 -0.00186448 -0.0160784 156.812
-0.0162907 0.0858321 0.996176 271.89 0.00384103 0.996307 -0.0857805 -21.9914 -0.99986 0.00242892 -0.0165602 156.799
-0.0145797 0.088935 0.995931 272.736 0.00518071 0.99603 -0.088868 -22.059 -0.99988 0.00386396 -0.0149826 156.787
-0.0141917 0.0874799 0.996065 273.558 0.00729925 0.996148 -0.0873832 -22.1352 -0.999873 0.00603042 -0.0147756 156.776
-0.0120573 0.0890014 0.995958 274.416 0.00834079 0.996005 -0.0889046 -22.213 -0.999893 0.00723513 -0.0127515 156.768
-0.00923409 0.0864762 0.996211 275.227 0.0100906 0.996211 -0.0863826 -22.289 -0.999907 0.00925473 -0.0100717 156.758
-0.00663971 0.0861806 0.996257 276.039 0.0103122 0.996232 -0.0861097 -22.3588 -0.999925 0.00970186 -0.0075034 156.76
-0.00470005 0.0810134 0.996702 276.831 0.011258 0.996654 -0.0809565 -22.4285 -0.999926 0.0108404 -0.00559637 156.757
-0.000145489 0.0791222 0.996865 277.645 0.00990435 0.996816 -0.0791168 -22.4977 -0.999951 0.00986179 -0.000928679 156.766
0.00196385 0.0762221 0.997089 278.435 0.00888715 0.99705 -0.0762367 -22.5647 -0.999959 0.009011 0.00128066 156.777
0.00576297 0.0771795 0.997001 279.171 0.00344085 0.99701 -0.0772001 -22.621 -0.999978 0.00387544 0.00548018 156.794
0.00968924 0.0774 0.996953 279.945 0.00101314 0.996999 -0.0774134 -22.6872 -0.999953 0.00176014 0.00958174 156.806
0.0143381 0.0783679 0.996821 280.699 -0.000589875 0.996924 -0.0783676 -22.7461 -0.999897 0.000535643 0.0143402 156.825
0.0164717 0.0753455 0.997021 281.424 0.000416714 0.997156 -0.0753625 -22.8039 -0.999864 0.00165683 0.0163935 156.854
0.0208587 0.0724424 0.997154 282.182 -0.00158001 0.997373 -0.0724252 -22.8622 -0.999781 -6.48138e-05 0.0209184 156.869
0.0232978 0.0702301 0.997259 282.871 -0.00438468 0.997527 -0.0701466 -22.9157 -0.999719 -0.00273839 0.0235482 156.897
0.0278841 0.071244 0.997069 283.577 -0.00347127 0.997458 -0.0711747 -22.9716 -0.999605 -0.00147645 0.0280606 156.923
0.0323572 0.0727771 0.996823 284.266 -0.00361556 0.997348 -0.072698 -23.0219 -0.99947 -0.00125177 0.0325345 156.949
0.0342799 0.0746293 0.996622 284.942 -0.00382947 0.997211 -0.0745417 -23.0725 -0.999405 -0.00126124 0.0344701 156.987
0.0379978 0.0773563 0.996279 285.562 -0.00530209 0.997001 -0.0772101 -23.1268 -0.999264 -0.00234855 0.0382939 157.009
0.0417987 0.077401 0.996123 286.21 -0.00828443 0.996987 -0.0771205 -23.1777 -0.999092 -0.00502878 0.042314 157.04
0.0444884 0.0782517 0.99594 286.859 -0.0107779 0.996907 -0.0778462 -23.2295 -0.998952 -0.00727086 0.0451942 157.078
0.047462 0.0788463 0.995756 287.44 -0.0125351 0.996848 -0.0783352 -23.2753 -0.998794 -0.00876394 0.0483007 157.119
0.0501594 0.0779755 0.995693 288.071 -0.0128033 0.996916 -0.0774264 -23.3269 -0.998659 -0.00886447 0.051003 157.155
0.054108 0.0792449 0.995386 288.659 -0.0133087 0.996815 -0.0786352 -23.3735 -0.998447 -0.0089925 0.0549903 157.194
0.0570725 0.0820441 0.994993 289.228 -0.0181752 0.996538 -0.0811289 -23.4215 -0.998205 -0.013454 0.0583661 157.237
0.0587917 0.0820991 0.994888 289.811 -0.0182363 0.996534 -0.0811573 -23.4676 -0.998104 -0.0133718 0.0600851 157.283
0.0621842 0.0814576 0.994735 290.376 -0.0200347 0.996565 -0.080355 -23.5175 -0.997864 -0.0149324 0.0636026 157.324
0.0651385 0.0811984 0.994567 290.937 -0.0216135 0.996565 -0.0799459 -23.5628 -0.997642 -0.0162886 0.0666698 157.364
0.0669992 0.0813797 0.994429 291.463 -0.0210577 0.996562 -0.0801355 -23.6071 -0.997531 -0.0155714 0.0684825 157.413
0.0705202 0.0830327 0.994049 292 -0.02299 0.9964 -0.0815982 -23.6534 -0.997245 -0.0170989 0.0721753 157.453
0.0724329 0.0835243 0.99387 292.532 -0.0231177 0.99636 -0.0820488 -23.6984 -0.997105 -0.0170329 0.0741002 157.503
0.0759841 0.0849997 0.993479 293.029 -0.0222467 0.996256 -0.0835357 -23.742 -0.996861 -0.0157543 0.0775907 157.545
0.0773514 0.0865888 0.993237 293.541 -0.0233252 0.996106 -0.0850224 -23.7858 -0.996731 -0.0165908 0.0790699 157.594
0.0783831 0.0878932 0.993041 294.029 -0.024812 0.995969 -0.0861939 -23.8266 -0.996615 -0.0178832 0.0802479 157.631
0.0799266 0.0893901 0.992785 294.522 -0.0252436 0.995833 -0.0876323 -23.8695 -0.996481 -0.0180573 0.0818501 157.684
0.0805776 0.0905543 0.992626 295.022 -0.0255702 0.995725 -0.0887612 -23.9116 -0.99642 -0.0182295 0.0825487 157.724
0.0808699 0.0914051 0.992525 295.492 -0.0251621 0.995656 -0.0896433 -23.9533 -0.996407 -0.0177246 0.0828185 157.773
0.0806748 0.0916978 0.992513 296.004 -0.0249547 0.995633 -0.0899576 -24.0013 -0.996428 -0.0175106 0.0826108 157.818
0.0792342 0.0910894 0.992686 296.458 -0.0272297 0.995643 -0.0891874 -24.0369 -0.996484 -0.0199639 0.0813693 157.865
0.0771038 0.0899414 0.992958 296.982 -0.027392 0.995738 -0.0880661 -24.08 -0.996647 -0.0204089 0.0792389 157.905
0.0759624 0.0903422 0.99301 297.498 -0.0256515 0.995735 -0.0886278 -24.1252 -0.996781 -0.0187398 0.0779558 157.954
0.0741317 0.0934165 0.992863 298.024 -0.0235894 0.995489 -0.0919022 -24.1717 -0.996969 -0.0166082 0.0760009 157.994
0.072246 0.0971646 0.992643 298.547 -0.0173249 0.995216 -0.0961555 -24.226 -0.997237 -0.0102506 0.0735837 158.02
0.0707058 0.102184 0.992249 299.078 -0.0151388 0.994735 -0.101361 -24.2741 -0.997382 -0.00785467 0.0718804 158.058
0.0681231 0.105564 0.992076 299.624 -0.0161292 0.994373 -0.104701 -24.3169 -0.997547 -0.00886882 0.0694424 158.095
0.0655954 0.105913 0.992209 300.183 -0.0164513 0.994331 -0.105051 -24.3584 -0.997711 -0.00943222 0.0669659 158.133
0.0653369 0.103595 0.992471 300.751 -0.012088 0.994606 -0.103022 -24.4159 -0.99779 -0.00526592 0.0662367 158.164
0.063136 0.0981524 0.993167 301.341 -0.00248253 0.995164 -0.0981921 -24.4803 -0.998002 0.00373389 0.0630744 158.192
0.0615834 0.0972475 0.993353 301.929 -0.000208735 0.995243 -0.0974196 -24.5383 -0.998102 0.00579209 0.0613108 158.225
0.0585044 0.100604 0.993205 302.548 -0.00475571 0.994926 -0.100498 -24.5925 -0.998276 0.00115619 0.0586859 158.269
0.0561902 0.10185 0.993212 303.136 -0.00774349 0.994798 -0.101574 -24.6399 -0.99839 -0.00198344 0.0566866 158.318
0.0554822 0.100933 0.993345 303.777 -0.00332068 0.994891 -0.100904 -24.6995 -0.998454 0.00229982 0.0555339 158.332
0.0545529 0.0991838 0.993573 304.413 0.00121316 0.995047 -0.0993976 -24.7575 -0.99851 0.00662779 0.0541624 158.365
0.0525412 0.0992372 0.993676 305.045 0.00293376 0.995031 -0.0995276 -24.8209 -0.998615 0.00814451 0.0519889 158.397
0.050302 0.101148 0.993599 305.709 -0.00136548 0.994864 -0.101208 -24.8793 -0.998733 0.00373422 0.0501818 158.44
0.0480228 0.102061 0.993618 306.38 -0.0023339 0.994775 -0.102067 -24.9466 -0.998844 0.00258255 0.0480101 158.485
0.0457911 0.105497 0.993365 307.049 -0.00431266 0.99442 -0.10541 -25.0017 -0.998942 0.000542793 0.0459905 158.508
0.0441267 0.106994 0.99328 307.744 -0.00328418 0.994259 -0.106954 -25.0736 -0.999021 0.00145742 0.0442248 158.548
0.0426762 0.106078 0.993442 308.441 -0.00541054 0.994358 -0.105943 -25.1389 -0.999074 -0.000853803 0.0430093 158.581
0.0404761 0.10539 0.993607 309.143 -0.00903133 0.99442 -0.105108 -25.2096 -0.99914 -0.0047192 0.041202 158.624
0.0388811 0.107008 0.993498 309.863 -0.00981647 0.994242 -0.106704 -25.2759 -0.999196 -0.00560388 0.0397076 158.653
0.0370818 0.111421 0.993081 310.587 -0.00692295 0.99377 -0.11124 -25.3576 -0.999288 -0.00275007 0.0376222 158.681
0.0350635 0.11722 0.992487 311.31 -0.00553809 0.993105 -0.117097 -25.4343 -0.99937 -0.00139064 0.035471 158.705
0.0336894 0.121432 0.992028 312.056 -0.0056303 0.992599 -0.121311 -25.5089 -0.999417 -0.00149852 0.0341238 158.741
0.0336027 0.11929 0.992291 312.81 -0.00207739 0.992858 -0.119287 -25.5899 -0.999433 0.00194701 0.0336105 158.754
0.0332603 0.112656 0.993077 313.555 0.00463638 0.993599 -0.11287 -25.6755 -0.999436 0.0083584 0.0325251 158.767
0.0305465 0.110453 0.993412 314.349 0.00749618 0.993822 -0.110729 -25.7627 -0.999505 0.0108292 0.0295299 158.801
0.0295477 0.110883 0.993394 315.12 0.0091163 0.993757 -0.111195 -25.8448 -0.999522 0.0123416 0.0283524 158.823
0.0291742 0.112746 0.993195 315.894 0.00976062 0.993539 -0.113072 -25.9238 -0.999527 0.012993 0.0278852 158.83
0.0281999 0.11332 0.993158 316.691 0.0113204 0.993454 -0.113675 -26.0091 -0.999538 0.0144486 0.0267325 158.869
0.0283285 0.112492 0.993249 317.491 0.0116934 0.993542 -0.112859 -26.092 -0.99953 0.0148116 0.0268301 158.887
0.0291609 0.110755 0.99342 318.289 0.0125927 0.993723 -0.111158 -26.176 -0.999496 0.0157513 0.0275831 158.908
0.030761 0.110248 0.993428 319.116 0.0124983 0.993778 -0.110674 -26.2623 -0.999449 0.0158206 0.0291917 158.936
0.0317164 0.108866 0.99355 319.926 0.0133237 0.993916 -0.109331 -26.35 -0.999408 0.0167054 0.030073 158.964
0.0326662 0.107663 0.993651 320.767 0.0129927 0.994052 -0.108134 -26.4287 -0.999382 0.0164425 0.031073 158.997
0.0345517 0.105671 0.993801 321.616 0.0140908 0.994244 -0.106208 -26.5176 -0.999304 0.0176731 0.0328639 159.028
0.0361304 0.104644 0.993853 322.459 0.0153199 0.994328 -0.10525 -26.6011 -0.99923 0.0190284 0.0343224 159.059
0.0380198 0.104111 0.993839 323.31 0.0159885 0.994367 -0.104778 -26.688 -0.999149 0.0198736 0.0361411 159.094
0.0398543 0.103974 0.993781 324.105 0.0168905 0.994359 -0.104712 -26.763 -0.999063 0.0209587 0.0378733 159.122
0.0431908 0.103415 0.9937 325.085 0.0189324 0.994365 -0.104308 -26.8606 -0.998888 0.0233183 0.0409895 159.171
0.0462567 0.102162 0.993692 325.906 0.0203069 0.994455 -0.103186 -26.9378 -0.998723 0.0249518 0.0439256 159.204
0.0495467 0.101573 0.993594 326.797 0.0216363 0.994473 -0.102742 -27.0263 -0.998537 0.0265882 0.0470752 159.239
0.0517801 0.101569 0.99348 327.678 0.0227646 0.994436 -0.102853 -27.1133 -0.998399 0.0279419 0.0491798 159.306
0.0545334 0.102409 0.993246 328.576 0.0233049 0.994325 -0.1038 -27.2011 -0.99824 0.028808 0.0518373 159.337
0.0565044 0.103189 0.993056 329.497 0.0223859 0.994264 -0.104588 -27.2928 -0.998151 0.0281401 0.0538703 159.398
0.0606959 0.104597 0.992661 330.39 0.0202848 0.99416 -0.105996 -27.3782 -0.99795 0.0265694 0.0582197 159.462
0.0618267 0.105391 0.992507 331.294 0.0184996 0.994118 -0.106714 -27.4702 -0.997916 0.0249587 0.0595133 159.513
0.0649704 0.105929 0.992249 332.19 0.0157413 0.994117 -0.107159 -27.5602 -0.997763 0.0225815 0.0629207 159.579
0.0661295 0.104572 0.992316 333.107 0.0152456 0.994271 -0.105794 -27.6545 -0.997695 0.0221245 0.0641564 159.642
0.067694 0.10179 0.9925 334.009 0.0155066 0.994555 -0.103058 -27.7478 -0.997586 0.0223667 0.065747 159.707
0.0686211 0.0994033 0.992678 334.96 0.0166497 0.994771 -0.100764 -27.8388 -0.997504 0.0234423 0.0666073 159.782
0.0706066 0.0991495 0.992564 335.872 0.0175236 0.994771 -0.100616 -27.9265 -0.99735 0.0244975 0.0685 159.831
0.0700595 0.100238 0.992494 336.799 0.0187679 0.99463 -0.101779 -28.0241 -0.997366 0.0257576 0.067802 159.9
0.0718393 0.100185 0.992372 337.723 0.0177631 0.994656 -0.101701 -28.1084 -0.997258 0.0249338 0.0696759 159.976
0.071475 0.0982326 0.992593 338.647 0.0154884 0.994909 -0.0995771 -28.1989 -0.997322 0.0224909 0.0695897 160.045
0.0714941 0.0967203 0.992741 339.574 0.0139071 0.995094 -0.0979512 -28.2892 -0.997344 0.0208091 0.0697982 160.121
0.0716722 0.0975096 0.992651 340.49 0.0115064 0.995063 -0.0985773 -28.3788 -0.997362 0.0184871 0.0701964 160.196
0.0722728 0.0987574 0.992484 341.41 0.0110331 0.994946 -0.0998058 -28.4682 -0.997324 0.0181634 0.0708179 160.261
0.0717417 0.0989539 0.992503 342.32 0.0105048 0.994936 -0.0999558 -28.5561 -0.997368 0.017597 0.0703389 160.324
0.0722629 0.0996059 0.992399 343.25 0.00973363 0.994883 -0.100564 -28.6467 -0.997338 0.0169267 0.0709236 160.406
0.0728765 0.100091 0.992306 344.157 0.00914743 0.994843 -0.101018 -28.7408 -0.997299 0.0164389 0.0715851 160.469
0.0719257 0.0996928 0.992415 345.065 0.00891761 0.994888 -0.100588 -28.8298 -0.99737 0.0160848 0.070669 160.541
0.0728869 0.098436 0.992471 345.978 0.0102083 0.994992 -0.0994357 -28.9164 -0.997288 0.017379 0.071517 160.602
0.073551 0.0989129 0.992374 346.891 0.00954664 0.994954 -0.0998776 -29.0118 -0.997246 0.0168199 0.0722356 160.684
0.0726055 0.101534 0.992179 347.779 0.00975689 0.994685 -0.102505 -29.0952 -0.997313 0.017123 0.0712289 160.743
0.0738144 0.10229 0.992012 348.671 0.011466 0.994573 -0.103407 -29.1885 -0.997206 0.0190073 0.072241 160.81
0.0752264 0.0996785 0.992172 349.584 0.0152261 0.994761 -0.101093 -29.2731 -0.99705 0.0227117 0.0733146 160.88
0.0768573 0.0962233 0.992388 350.483 0.0181888 0.995031 -0.0978882 -29.3612 -0.996876 0.0255737 0.0747252 160.951
0.0785914 0.0979474 0.992084 351.384 0.0225538 0.994732 -0.0999956 -29.4517 -0.996652 0.0302341 0.0759684 161.026
0.0827067 0.102831 0.991254 352.267 0.0271279 0.994061 -0.105385 -29.5388 -0.996205 0.0356068 0.0794259 161.081
0.0852636 0.106114 0.990692 353.148 0.0291164 0.993622 -0.108934 -29.6257 -0.995933 0.0381335 0.0816302 161.154
0.0893047 0.10535 0.990417 354.043 0.032311 0.993561 -0.108598 -29.7251 -0.99548 0.0416998 0.0853257 161.223
0.0921 0.105952 0.990097 354.934 0.0356708 0.993334 -0.109617 -29.8123 -0.995111 0.0454133 0.0877066 161.299
0.0949056 0.107643 0.989649 355.831 0.0343858 0.993189 -0.111326 -29.914 -0.994892 0.0445954 0.0905578 161.388
0.0985997 0.107508 0.989303 356.733 0.0343899 0.993185 -0.111358 -30.0095 -0.994533 0.0450019 0.0942306 161.484
0.10154 0.103778 0.989404 357.653 0.0338061 0.99361 -0.107688 -30.1073 -0.994257 0.0443825 0.0973827 161.579
0.106883 0.0999063 0.989239 358.552 0.0331029 0.99403 -0.103967 -30.2022 -0.99372 0.043859 0.102938 161.677
0.111002 0.0981691 0.98896 359.451 0.0299243 0.994328 -0.102061 -30.2944 -0.99337 0.0409228 0.107435 161.792
0.116417 0.0974799 0.988405 360.355 0.0281966 0.994446 -0.101397 -30.3857 -0.9928 0.039674 0.113022 161.893
0.122647 0.0964159 0.987756 361.243 0.0262234 0.994608 -0.100341 -30.4705 -0.992104 0.0382088 0.119457 162.015
0.128116 0.0967593 0.987028 362.123 0.0254463 0.994581 -0.100803 -30.5594 -0.991433 0.0380307 0.12496 162.131
0.1349 0.0977926 0.986022 363.043 0.0231249 0.994536 -0.101801 -30.6519 -0.990589 0.0365346 0.131902 162.262
0.14338 0.0987351 0.98473 363.92 0.0209529 0.994485 -0.102764 -30.7384 -0.989446 0.0353673 0.14052 162.388
0.15239 0.0998691 0.983262 364.825 0.0184115 0.994422 -0.103856 -30.831 -0.988149 0.0339299 0.149701 162.536
0.162063 0.100165 0.981684 365.733 0.0170014 0.994404 -0.104269 -30.9252 -0.986634 0.0335882 0.159453 162.696
0.171695 0.100135 0.980048 366.592 0.0156356 0.994419 -0.104342 -31.0134 -0.985026 0.0332386 0.169171 162.84
0.180916 0.0998909 0.978413 367.492 0.0134046 0.994486 -0.104011 -31.1081 -0.983407 0.0319324 0.178579 163.004
0.189594 0.0998128 0.976776 368.401 0.0116188 0.994522 -0.103881 -31.2016 -0.981794 0.0310443 0.187396 163.202
0.196888 0.0994193 0.975372 369.24 0.0104065 0.994577 -0.103477 -31.289 -0.980371 0.0305237 0.194786 163.362
0.204764 0.0988439 0.973808 370.154 0.00943915 0.994642 -0.102943 -31.383 -0.978766 0.030271 0.202734 163.573
0.209222 0.0993013 0.972813 371.018 0.00826763 0.994615 -0.103305 -31.4717 -0.977833 0.0296565 0.207275 163.77
0.213723 0.0998723 0.971776 371.905 0.00659248 0.99459 -0.103667 -31.5647 -0.976872 0.0285624 0.211908 163.959
0.219557 0.0994295 0.97052 372.792 0.00580379 0.994642 -0.103214 -31.6541 -0.975582 0.0282941 0.217804 164.164
0.223907 0.0993714 0.969531 373.681 0.00510019 0.994655 -0.103124 -31.7482 -0.974597 0.028035 0.222203 164.37
0.227333 0.0993606 0.968735 374.594 0.00503849 0.994648 -0.103201 -31.8426 -0.973804 0.028342 0.225616 164.596
0.231441 0.0996857 0.967728 375.475 0.00482016 0.994607 -0.103607 -31.9364 -0.972837 0.0286436 0.229713 164.805
0.235725 0.0993226 0.966731 376.378 0.0048476 0.994631 -0.103371 -32.0271 -0.971808 0.0290535 0.233978 165.034
0.239746 0.0978185 0.965895 377.257 0.00502288 0.994773 -0.10199 -32.1202 -0.970823 0.0293033 0.238002 165.255
0.244072 0.0963358 0.96496 378.142 0.00447418 0.994931 -0.10046 -32.2085 -0.969747 0.0288368 0.242404 165.48
0.248387 0.0940991 0.964079 379.036 0.00480226 0.995139 -0.0983679 -32.3023 -0.968649 0.0290631 0.246728 165.72
0.252378 0.0921095 0.963235 379.934 0.00417331 0.995346 -0.0962736 -32.3921 -0.96762 0.0283172 0.250819 165.967
0.257002 0.0901462 0.962197 380.809 0.00388467 0.995536 -0.0943072 -32.4755 -0.966403 0.027975 0.255505 166.204
0.261504 0.0898702 0.961009 381.673 0.00360227 0.995558 -0.0940813 -32.5639 -0.965196 0.0280645 0.260019 166.437
0.265499 0.0931205 0.959604 382.551 0.00221521 0.995263 -0.0971938 -32.6521 -0.964109 0.0279305 0.264035 166.71
0.270044 0.0963788 0.958012 383.399 -0.000700854 0.994997 -0.099902 -32.7352 -0.962848 0.0263065 0.268761 166.944
0.274215 0.0968783 0.956776 384.267 -0.00264706 0.994985 -0.0999885 -32.8273 -0.961665 0.0248857 0.273096 167.213
0.276551 0.0932497 0.956464 385.127 -0.0038436 0.99538 -0.0959324 -32.9091 -0.960992 0.0228539 0.275632 167.479
0.279604 0.0903138 0.955858 385.966 -0.00730826 0.995737 -0.091944 -32.9927 -0.960088 0.0187223 0.279073 167.719
0.28086 0.091404 0.955386 386.803 -0.0109383 0.995695 -0.0920448 -33.0762 -0.959686 0.0154014 0.280651 167.986
0.281282 0.0965516 0.954756 387.642 -0.0146193 0.995241 -0.0963388 -33.1596 -0.959514 0.0131405 0.281355 168.247
0.282025 0.100975 0.954078 388.465 -0.0165529 0.99481 -0.100393 -33.2393 -0.959264 0.0125205 0.282233 168.5
0.282207 0.10148 0.953971 389.312 -0.017967 0.994774 -0.100505 -33.3262 -0.959185 0.0112233 0.282556 168.767
0.282345 0.0979143 0.954303 390.131 -0.0201102 0.995163 -0.0961568 -33.4089 -0.959102 0.00795815 0.282948 169.025
0.282923 0.0937925 0.954546 390.946 -0.0229047 0.995584 -0.091036 -33.4878 -0.958869 0.00389261 0.283822 169.282
0.282457 0.0917486 0.954882 391.785 -0.0239451 0.99578 -0.0885951 -33.5684 -0.958981 0.00215965 0.283462 169.543
0.281358 0.0909943 0.955279 392.596 -0.0238111 0.995849 -0.0878458 -33.6468 -0.959308 0.00196989 0.282356 169.793
0.28146 0.0916873 0.955182 393.4 -0.023386 0.995784 -0.0886936 -33.7212 -0.959288 0.00262585 0.282418 170.035
0.280753 0.0927188 0.955291 394.209 -0.0234712 0.995688 -0.0897416 -33.7918 -0.959493 0.00277348 0.281719 170.292
0.279963 0.089713 0.95581 395.021 -0.017719 0.995937 -0.0882894 -33.8614 -0.959847 0.00778176 0.280415 170.514
0.280217 0.0877138 0.955921 395.83 -0.0160896 0.996106 -0.0866847 -33.9375 -0.959802 0.00891012 0.280537 170.757
0.280105 0.089256 0.955811 396.636 -0.0159681 0.995964 -0.0883261 -34.0142 -0.959837 0.00947809 0.2804 171.006
0.279361 0.0937504 0.955598 397.445 -0.0141702 0.995516 -0.0935241 -34.0897 -0.960082 0.012586 0.279437 171.247
0.27945 0.0982639 0.955119 398.249 -0.0138273 0.995058 -0.0983273 -34.1642 -0.960061 0.0142709 0.279427 171.475
0.279177 0.0977959 0.955247 399.049 -0.0146102 0.995118 -0.0976079 -34.2317 -0.960129 0.0132936 0.279243 171.718
0.277911 0.0943393 0.955963 399.878 -0.0139004 0.995457 -0.0941956 -34.3149 -0.960506 0.0128897 0.277959 171.967
0.278361 0.0936879 0.955896 400.677 -0.014494 0.995528 -0.0933515 -34.388 -0.960367 0.0121306 0.278474 172.2
0.27804 0.0952452 0.955836 401.526 -0.0139791 0.995368 -0.0951181 -34.4657 -0.960468 0.0130848 0.278083 172.46
0.277832 0.097888 0.955629 402.351 -0.0131643 0.995089 -0.0981027 -34.5453 -0.96054 0.0146759 0.277756 172.697
0.278344 0.0991443 0.955351 403.192 -0.0124528 0.994947 -0.0996254 -34.6233 -0.960401 0.0158333 0.278172 172.943
0.278466 0.0978779 0.955446 404.056 -0.0124394 0.995078 -0.0983124 -34.7043 -0.960366 0.0154915 0.278313 173.2
0.279275 0.0950711 0.955493 404.92 -0.0111312 0.99534 -0.0957823 -34.7823 -0.960147 0.0161138 0.279031 173.452
0.278654 0.0942722 0.955753 405.779 -0.00747392 0.995353 -0.0959991 -34.8701 -0.960363 0.0196073 0.278064 173.718
0.280105 0.0944193 0.955315 406.656 -0.0037082 0.99525 -0.0972791 -34.951 -0.959962 0.0237059 0.279125 173.961
0.280073 0.0938457 0.95538 407.533 1.38193e-05 0.99521 -0.0977622 -35.0362 -0.959979 0.0273938 0.27873 174.223
0.282646 0.0925415 0.95475 408.397 0.00311806 0.995242 -0.0973893 -35.1147 -0.959219 0.0305037 0.281013 174.465
0.284063 0.0910855 0.954469 409.284 0.00798076 0.995218 -0.0973494 -35.2036 -0.958773 0.0352708 0.281978 174.722
0.285122 0.0890382 0.954347 410.162 0.0125918 0.995242 -0.0966155 -35.296 -0.958409 0.0395641 0.282644 174.978
0.28414 0.0866715 0.954857 411.043 0.0111015 0.995542 -0.0936679 -35.3747 -0.958719 0.0372152 0.281911 175.253
0.285441 0.0818136 0.954898 411.908 0.00895237 0.996079 -0.088018 -35.4467 -0.958355 0.0336725 0.283589 175.515
0.286152 0.0772712 0.955064 412.763 0.00994392 0.99645 -0.083599 -35.5284 -0.958133 0.0334191 0.284367 175.771
0.285635 0.0774535 0.955204 413.637 0.0112803 0.996388 -0.0841661 -35.6111 -0.958272 0.0348158 0.283729 176.058
0.287269 0.0809386 0.954424 414.501 0.0101391 0.996111 -0.0875255 -35.6819 -0.957796 0.0348204 0.285331 176.298
0.287774 0.0821669 0.954167 415.367 0.0112632 0.995954 -0.0891621 -35.7607 -0.957632 0.0364055 0.285684 176.565
0.287796 0.0805442 0.954299 416.234 0.0139414 0.995999 -0.0882682 -35.8422 -0.95759 0.0387075 0.285521 176.837
0.288917 0.0778282 0.954185 417.081 0.0157836 0.996167 -0.0860316 -35.9196 -0.957224 0.0399164 0.286581 177.087
0.289586 0.0763478 0.954102 417.921 0.0156325 0.996303 -0.0844695 -35.9949 -0.957025 0.0393761 0.287322 177.344
0.288632 0.076793 0.954356 418.788 0.013798 0.996341 -0.0843445 -36.078 -0.957341 0.0375127 0.286516 177.609
0.287529 0.0767561 0.954691 419.594 0.0138087 0.996348 -0.0842641 -36.1491 -0.957672 0.0374115 0.285419 177.862
0.288904 0.0752836 0.954393 420.402 0.0142079 0.996456 -0.0829025 -36.219 -0.957253 0.0375108 0.286811 178.091
0.28687 0.0720683 0.955255 421.211 0.0157232 0.996678 -0.0799152 -36.2929 -0.957841 0.037945 0.284784 178.352
0.286244 0.0705253 0.955558 422.018 0.0158552 0.996802 -0.0783189 -36.3638 -0.958026 0.0375689 0.28421 178.593
0.284878 0.0699534 0.956008 422.817 0.0172238 0.996799 -0.0780707 -36.4317 -0.958409 0.0387067 0.282761 178.837
0.282444 0.0715169 0.956614 423.591 0.0186624 0.996619 -0.0800179 -36.4997 -0.959102 0.0404533 0.280155 179.068
0.282365 0.0759002 0.9563 424.341 0.0184369 0.996252 -0.0845149 -36.5659 -0.95913 0.0414952 0.279907 179.285
0.280756 0.081405 0.956321 425.11 0.0159555 0.995863 -0.0894552 -36.6352 -0.959647 0.0403736 0.278295 179.512
0.279576 0.0857324 0.956288 425.851 0.0151576 0.995487 -0.093678 -36.7048 -0.960004 0.0406852 0.277015 179.731
0.277843 0.0867864 0.956698 426.618 0.0142233 0.99543 -0.0944306 -36.7776 -0.960521 0.0398443 0.275339 179.951
0.276681 0.0832374 0.95735 427.358 0.0143879 0.995771 -0.0907361 -36.8465 -0.960854 0.0388792 0.274313 180.173
0.275613 0.078908 0.958025 428.119 0.0155749 0.996128 -0.0865271 -36.9179 -0.961143 0.0387691 0.273317 180.395
0.274934 0.0768496 0.958387 428.853 0.0169459 0.996258 -0.0847477 -36.9865 -0.961314 0.0395408 0.272603 180.607
0.274053 0.0771698 0.958613 429.591 0.0179874 0.99619 -0.0853371 -37.0536 -0.961547 0.0406299 0.27162 180.815
0.272801 0.0786383 0.958851 430.326 0.0186548 0.996034 -0.0869952 -37.1193 -0.96189 0.0416196 0.270252 181.027
0.273298 0.0798628 0.958608 431.051 0.0194158 0.995887 -0.0885039 -37.1847 -0.961733 0.0428001 0.270624 181.237
0.273624 0.0803597 0.958474 431.785 0.0190944 0.995854 -0.0889447 -37.2483 -0.961647 0.0426389 0.270955 181.436
0.273313 0.0804627 0.958554 432.518 0.0220664 0.995709 -0.0898733 -37.3188 -0.961672 0.0457154 0.270364 181.66
0.272225 0.0819287 0.958739 433.237 0.0227696 0.995541 -0.0915388 -37.3863 -0.961964 0.0467494 0.269146 181.865
0.272757 0.0840858 0.958401 433.955 0.0207859 0.995426 -0.0932498 -37.4491 -0.961858 0.0453558 0.269762 182.062
0.272665 0.083878 0.958446 434.704 0.0217703 0.9954 -0.0933054 -37.5228 -0.961863 0.0463068 0.269585 182.283
0.272887 0.0824983 0.958502 435.43 0.0226934 0.995487 -0.0921425 -37.589 -0.961778 0.0468962 0.269783 182.493
0.273642 0.0808706 0.958426 436.171 0.0227106 0.995638 -0.0904947 -37.6601 -0.961564 0.0465296 0.270612 182.705
0.274495 0.0792363 0.958318 436.901 0.0234917 0.995749 -0.08906 -37.7262 -0.961302 0.0469591 0.271467 182.917
0.276742 0.0770908 0.957847 437.628 0.0243174 0.995896 -0.0871788 -37.7949 -0.960637 0.0474184 0.273731 183.128
0.278479 0.075273 0.957488 438.365 0.0250232 0.996017 -0.0855797 -37.8622 -0.960117 0.0477915 0.275486 183.346
0.279969 0.0758698 0.957006 439.074 0.023992 0.996008 -0.0859806 -37.9288 -0.959709 0.0470324 0.277032 183.562
0.281972 0.0774475 0.956292 439.77 0.0215977 0.995972 -0.0870294 -37.9926 -0.95918 0.0451936 0.279164 183.767
0.283731 0.0777676 0.955745 440.467 0.0215401 0.995938 -0.0874325 -38.0583 -0.958662 0.0453942 0.280903 183.984
0.286152 0.077765 0.955024 441.131 0.0198378 0.996007 -0.0870461 -38.1199 -0.957979 0.043854 0.283466 184.183
0.287122 0.0769187 0.954801 441.8 0.0190627 0.996115 -0.0859794 -38.1831 -0.957704 0.0428877 0.28454 184.393
0.289215 0.0753368 0.954295 442.476 0.0187462 0.996261 -0.0843312 -38.2464 -0.957081 0.0422792 0.286721 184.603
0.289571 0.0751615 0.954201 443.11 0.0173046 0.996338 -0.083732 -38.3051 -0.957 0.0407584 0.28721 184.803
0.291218 0.0748993 0.95372 443.75 0.0173065 0.996355 -0.0835321 -38.3649 -0.9565 0.0408316 0.28886 185.002
0.29179 0.0745821 0.95357 444.38 0.0180153 0.99635 -0.0834407 -38.4226 -0.956313 0.041526 0.289381 185.202
0.293355 0.0743455 0.953108 444.991 0.0189055 0.996325 -0.0835354 -38.4787 -0.955817 0.0425245 0.290872 185.391
0.294129 0.0738633 0.952907 445.591 0.0198518 0.996322 -0.0833561 -38.5305 -0.95556 0.0434344 0.291581 185.577
0.295113 0.0740306 0.95259 446.187 0.0198889 0.996302 -0.0835892 -38.5857 -0.955256 0.0436142 0.292549 185.767
0.296561 0.0746882 0.952089 446.764 0.0185895 0.996297 -0.0839465 -38.6401 -0.954833 0.0425942 0.294074 185.949
0.297635 0.0747932 0.951746 447.338 0.0186542 0.99628 -0.0841267 -38.6921 -0.954498 0.042793 0.295132 186.134
0.29879 0.074655 0.951394 447.907 0.0182017 0.996308 -0.0838957 -38.7447 -0.954145 0.0423843 0.296328 186.315
0.298879 0.0745029 0.951378 448.457 0.0183078 0.996317 -0.0837735 -38.7949 -0.954116 0.0424558 0.296414 186.495
0.300463 0.0742636 0.950898 448.999 0.0170828 0.996385 -0.0832138 -38.844 -0.953641 0.0412467 0.298108 186.671
0.301102 0.0734332 0.95076 449.521 0.0162521 0.996491 -0.0821122 -38.8917 -0.953454 0.040176 0.298852 186.85
0.301785 0.0724282 0.950621 450.038 0.0157423 0.996596 -0.0809285 -38.9378 -0.953246 0.039388 0.299617 187.008
0.302205 0.0717708 0.950537 450.528 0.0168345 0.996604 -0.0806013 -38.9825 -0.953094 0.04036 0.299971 187.17
0.302603 0.0727268 0.950338 451.025 0.0172427 0.996504 -0.0817501 -39.0282 -0.952961 0.0411242 0.300291 187.321
0.303977 0.0762527 0.949623 451.53 0.0154667 0.996265 -0.0849489 -39.077 -0.952554 0.04051 0.301663 187.493
0.304468 0.078971 0.949243 451.988 0.0143731 0.996063 -0.0874763 -39.1213 -0.952414 0.0402773 0.302135 187.64
0.305247 0.0808152 0.948838 452.447 0.0139546 0.995906 -0.0893134 -39.1614 -0.952171 0.0405034 0.30287 187.795
0.306031 0.0812932 0.948544 452.889 0.0160558 0.995765 -0.0905203 -39.2001 -0.951886 0.0429317 0.30343 187.933
0.306346 0.0812375 0.948448 453.342 0.016765 0.995737 -0.090703 -39.2448 -0.951773 0.0436872 0.303678 188.081
0.305297 0.0798237 0.948906 453.769 0.0167395 0.995877 -0.0891607 -39.2863 -0.95211 0.0431047 0.302702 188.221
0.304505 0.0788292 0.949243 454.204 0.0153645 0.996033 -0.0876436 -39.3284 -0.952387 0.0412725 0.302086 188.366
0.303428 0.0778528 0.949668 454.615 0.0150468 0.996141 -0.0864702 -39.3707 -0.952736 0.040527 0.301086 188.497
0.302502 0.0770932 0.950026 455.004 0.0153913 0.996199 -0.0857408 -39.407 -0.953025 0.0405589 0.300165 188.625
0.30076 0.0765978 0.950619 455.381 0.0160395 0.996222 -0.085347 -39.4427 -0.953565 0.0409164 0.298395 188.743
0.300059 0.076055 0.950884 455.754 0.0156709 0.996289 -0.0846317 -39.4779 -0.953792 0.0402957 0.297754 188.869
0.299269 0.0753544 0.951188 456.121 0.0161927 0.996332 -0.0840254 -39.5102 -0.954031 0.0405486 0.296951 188.982
0.2978 0.0745081 0.951716 456.473 0.0167724 0.996387 -0.0832536 -39.542 -0.954481 0.0407555 0.295475 189.091
0.297137 0.0737077 0.951986 456.804 0.0174221 0.996432 -0.0825868 -39.5758 -0.954676 0.0411252 0.294792 189.199
0.296537 0.073271 0.952206 457.147 0.0170415 0.996488 -0.0819855 -39.6083 -0.954869 0.0405388 0.294247 189.3
0.294923 0.0733513 0.952702 457.448 0.0159362 0.996533 -0.0816593 -39.6351 -0.955388 0.0392657 0.292731 189.405
0.293674 0.0734775 0.953077 457.754 0.0144126 0.996588 -0.081273 -39.6606 -0.955797 0.0376041 0.291613 189.499
0.293092 0.0735682 0.95325 458.059 0.0149268 0.996562 -0.0815003 -39.6879 -0.955968 0.038116 0.290986 189.596
0.292057 0.0739099 0.953541 458.345 0.016377 0.996477 -0.082254 -39.7119 -0.956261 0.039639 0.289818 189.681
0.291198 0.0750323 0.953716 458.631 0.016605 0.996373 -0.0834583 -39.7376 -0.956519 0.0401394 0.288896 189.769
0.291174 0.0754288 0.953692 458.907 0.0169239 0.996325 -0.0839678 -39.7611 -0.95652 0.0405894 0.288828 189.855
0.290445 0.0751229 0.953938 459.186 0.0166697 0.996365 -0.0835394 -39.7863 -0.956747 0.0401655 0.288137 189.94
0.290871 0.0747378 0.953839 459.466 0.0159258 0.996428 -0.0829314 -39.8108 -0.95663 0.039313 0.288642 190.026
0.291212 0.0745382 0.95375 459.736 0.0150457 0.99648 -0.0824716 -39.8355 -0.95654 0.0383666 0.289066 190.115
0.29301 0.0744628 0.953205 459.993 0.0138034 0.996529 -0.0820902 -39.8581 -0.95601 0.0372107 0.290965 190.201
0.294194 0.0748782 0.952808 460.266 0.0124354 0.996542 -0.0821547 -39.8802 -0.955665 0.036018 0.292246 190.292
0.296976 0.0750438 0.951932 460.538 0.0116204 0.996549 -0.0821864 -39.9038 -0.954814 0.0354692 0.295079 190.379
0.30094 0.0749897 0.95069 460.808 0.0120416 0.996525 -0.0824169 -39.9275 -0.953567 0.0362504 0.298991 190.465
0.306948 0.0746309 0.948796 461.077 0.0126887 0.996511 -0.0824891 -39.9519 -0.951642 0.0373588 0.30493 190.562
0.314361 0.075291 0.946313 461.347 0.0115127 0.996474 -0.0831064 -39.9735 -0.949234 0.03702 0.312386 190.657
0.322764 0.0761564 0.943411 461.618 0.0103329 0.996415 -0.0839703 -40.001 -0.946423 0.0368508 0.32082 190.76
0.334048 0.0773152 0.93938 461.9 0.00858968 0.996339 -0.0850578 -40.0229 -0.942517 0.0364824 0.332161 190.874
0.345573 0.0770344 0.935225 462.178 0.00905083 0.996305 -0.0854099 -40.0527 -0.938348 0.0379799 0.343599 190.987
0.359789 0.0775519 0.929805 462.457 0.00732981 0.996274 -0.0859321 -40.0746 -0.933005 0.0377327 0.35788 191.113
0.37592 0.0790503 0.923274 462.748 0.00419563 0.996199 -0.0870024 -40.1008 -0.926643 0.0365797 0.37416 191.247
0.393194 0.080839 0.915895 463.027 0.000485358 0.996109 -0.0881272 -40.1255 -0.919455 0.0350957 0.391625 191.396
0.412142 0.0826629 0.907362 463.312 -0.00149867 0.995936 -0.0900515 -40.1523 -0.911118 0.0357542 0.410591 191.541
0.430832 0.0850541 0.898415 463.587 -0.0025869 0.995661 -0.09302 -40.1822 -0.902429 0.0377519 0.429183 191.698
0.450589 0.0861091 0.888569 463.862 -0.00363086 0.995506 -0.0946309 -40.2133 -0.892724 0.0394134 0.448877 191.859
0.469851 0.0883832 0.87831 464.115 -0.00862788 0.995387 -0.095549 -40.2395 -0.882704 0.0373158 0.468446 192.022
0.483406 0.0933036 0.87041 464.372 -0.0148826 0.995036 -0.0983974 -40.2645 -0.87527 0.034612 0.482395 192.188
0.490352 0.0979793 0.866 464.621 -0.0214134 0.994715 -0.100417 -40.2903 -0.871262 0.0306958 0.489858 192.354
0.489068 0.100239 0.866467 464.871 -0.0239747 0.994544 -0.101524 -40.3156 -0.871916 0.0288788 0.488803 192.504
0.485009 0.100956 0.868662 465.131 -0.0249287 0.994507 -0.101663 -40.3444 -0.874154 0.0276528 0.484861 192.643
0.474939 0.10145 0.874151 465.36 -0.0244927 0.994472 -0.102106 -40.3698 -0.879678 0.027084 0.474799 192.765
0.462922 0.101132 0.880611 465.609 -0.0220457 0.994476 -0.102619 -40.396 -0.886125 0.0280912 0.462595 192.882
0.447828 0.100296 0.888477 465.865 -0.0176879 0.994488 -0.103348 -40.4279 -0.893945 0.0305668 0.447134 192.987
0.430095 0.0988494 0.897355 466.06 -0.0127439 0.994553 -0.103448 -40.4504 -0.902694 0.0330568 0.429012 193.079
0.410068 0.0982686 0.906745 466.324 -0.00938018 0.994581 -0.103546 -40.4806 -0.912007 0.0339554 0.408768 193.165
0.388963 0.0984624 0.915977 466.566 -0.00796135 0.994594 -0.103533 -40.5058 -0.921219 0.032978 0.387644 193.255
0.367279 0.0985203 0.924878 466.831 -0.00709768 0.994642 -0.103133 -40.5329 -0.930084 0.0313142 0.366011 193.341
0.347431 0.097585 0.932614 467.094 -0.00542026 0.994763 -0.102069 -40.5585 -0.93769 0.0304068 0.34614 193.419
0.329197 0.0963697 0.939331 467.359 -0.000966945 0.994812 -0.101723 -40.587 -0.944261 0.0325786 0.327582 193.493
0.311036 0.0952573 0.945612 467.634 0.00484174 0.994793 -0.101804 -40.6193 -0.950386 0.0362432 0.308956 193.562
0.296194 0.094262 0.950465 467.892 0.00887724 0.994804 -0.101426 -40.6497 -0.955087 0.0384792 0.293818 193.629
0.282273 0.0941861 0.954699 468.174 0.00895561 0.994867 -0.100797 -40.6762 -0.959292 0.0370021 0.279981 193.703
0.272046 0.0924545 0.957832 468.417 0.00940653 0.995071 -0.0987206 -40.7001 -0.962238 0.0358665 0.269836 193.776
0.263108 0.0896336 0.960594 468.702 0.0118289 0.9953 -0.0961121 -40.7288 -0.964694 0.0366506 0.260811 193.829
0.256587 0.0882329 0.962485 468.945 0.0130125 0.995419 -0.0947209 -40.7524 -0.966434 0.0368284 0.254263 193.887
0.252459 0.0882704 0.963573 469.185 0.0146238 0.995368 -0.0950146 -40.7781 -0.967497 0.0380784 0.249999 193.953
0.255592 0.0887815 0.962699 469.412 0.0140375 0.995329 -0.0955175 -40.7993 -0.966683 0.0379274 0.253152 194.013
0.26176 0.0879704 0.961115 469.637 0.0153175 0.995333 -0.0952741 -40.8205 -0.965011 0.0396609 0.259191 194.082
0.272185 0.0863674 0.958361 469.847 0.0172431 0.995366 -0.0945995 -40.8436 -0.96209 0.0422736 0.269434 194.149
0.284075 0.0853701 0.954994 470.055 0.0160918 0.995463 -0.0937745 -40.8681 -0.958667 0.0420066 0.281413 194.223
0.296584 0.0871607 0.951021 470.235 0.0104827 0.995469 -0.0945035 -40.8846 -0.954949 0.0379975 0.294327 194.302
0.310733 0.0893265 0.94629 470.399 0.00482092 0.995413 -0.0955466 -40.9048 -0.950485 0.0342515 0.308878 194.38
0.324786 0.0896997 0.941524 470.568 0.000642869 0.995471 -0.095061 -40.9228 -0.945787 0.0314798 0.323258 194.458
0.339572 0.0878782 0.936466 470.73 -0.00122054 0.995666 -0.092991 -40.9394 -0.94058 0.0304341 0.338207 194.53
0.354213 0.0860537 0.931197 470.872 2.37621e-05 0.995756 -0.0920288 -40.9554 -0.935165 0.0326199 0.352708 194.602
0.370863 0.0850837 0.924782 471.006 0.00856352 0.995439 -0.0950186 -40.9654 -0.928648 0.0431582 0.368442 194.644
0.385672 0.0877579 0.918453 471.129 0.0138553 0.994803 -0.100871 -40.9917 -0.922532 0.0516286 0.382451 194.71
0.400989 0.0901726 0.911634 471.23 0.0115016 0.99457 -0.103435 -41.002 -0.916011 0.0519616 0.397774 194.786
0.415795 0.0918034 0.904813 471.338 0.00298103 0.994749 -0.102298 -41.01 -0.909453 0.0452325 0.413339 194.854
0.429551 0.0919679 0.898347 471.437 -0.00400599 0.994985 -0.0999456 -41.0168 -0.903034 0.039333 0.427765 194.929
0.44228 0.0913313 0.892214 471.533 -0.00699188 0.995122 -0.0983995 -41.0268 -0.89685 0.0372819 0.440762 195
0.454742 0.0903103 0.886033 471.626 -0.00744015 0.995196 -0.0976184 -41.0387 -0.890592 0.037799 0.453229 195.059
0.466836 0.0896811 0.879785 471.715 -0.00822495 0.995242 -0.0970859 -41.0478 -0.884306 0.038087 0.465352 195.117
0.478159 0.0894768 0.873703 471.791 -0.00892384 0.995241 -0.0970397 -41.055 -0.878228 0.0386037 0.476682 195.181
0.488535 0.0883207 0.868062 471.861 -0.00891618 0.995317 -0.0962502 -41.0615 -0.872499 0.0392819 0.487035 195.237
0.498498 0.0861831 0.862596 471.94 -0.00830558 0.995475 -0.0946594 -41.0696 -0.866851 0.0400232 0.496958 195.287
0.506784 0.0860667 0.857766 472.005 -0.0104786 0.995545 -0.0937002 -41.0789 -0.86201 0.0384975 0.505428 195.337
0.513818 0.0900028 0.853165 472.054 -0.0171309 0.99536 -0.0946862 -41.0869 -0.857728 0.034036 0.512975 195.387
0.52262 0.0966117 0.847074 472.095 -0.0268548 0.994931 -0.0969066 -41.0962 -0.852143 0.0278973 0.522565 195.439
0.529541 0.101697 0.842166 472.139 -0.0342994 0.994543 -0.0985306 -41.0982 -0.847591 0.0232902 0.530139 195.489
0.533746 0.101142 0.839575 472.176 -0.034307 0.994594 -0.098007 -41.1027 -0.844949 0.0235076 0.534331 195.52
0.539761 0.0961692 0.836307 472.22 -0.0294361 0.995002 -0.0954195 -41.1093 -0.841303 0.0268862 0.539894 195.556
0.545691 0.0910562 0.833024 472.269 -0.0248213 0.995399 -0.0925452 -41.1161 -0.837619 0.0298244 0.545441 195.584
0.549588 0.0891939 0.830661 472.305 -0.0241588 0.995565 -0.0909167 -41.1215 -0.835086 0.029899 0.549306 195.613
0.554598 0.0906156 0.82717 472.341 -0.0277221 0.995513 -0.0904704 -41.1246 -0.831657 0.0272438 0.554622 195.645
0.558711 0.0936614 0.824057 472.362 -0.033219 0.995333 -0.0906059 -41.1241 -0.828697 0.0232482 0.559215 195.679
0.561891 0.0961842 0.821601 472.39 -0.0374127 0.995156 -0.0909157 -41.1256 -0.826365 0.0203464 0.562767 195.711
