0 5.60993e-05 0.00427074 100 13.5135
0 5.23626e-05 0.00119445 200 13.6054
0 4.69477e-05 0.00411548 300 14.0845
10 4.17188e-05 0.0038282 100 13.5135
10 4.51497e-05 0.00119941 200 13.6986
10 4.17508e-05 0.00344759 300 14.1509
20 5.52428e-05 0.00258347 100 13.5135
20 5.35445e-05 0.00209693 200 13.6986
20 4.48112e-05 0.00475118 300 14.2857
30 4.20036e-05 0.00341994 100 13.5135
30 4.73408e-05 0.00144205 200 13.7931
30 3.86537e-05 0.00390661 300 14.3541
40 4.9314e-05 0.00401479 100 13.3333
40 5.10367e-05 0.00162963 200 13.8889
40 4.14962e-05 0.00434441 300 14.4928
50 4.20036e-05 0.00292928 100 13.3333
50 4.44847e-05 0.00112012 200 13.986
50 4.0034e-05 0.00414419 300 14.5631
60 5.07437e-05 0.00313936 100 13.3333
60 4.35366e-05 0.00271247 200 13.986
60 4.39155e-05 0.00487726 300 14.6341
70 4.50173e-05 0.00208787 100 13.3333
70 4.59998e-05 0.00275121 200 14.1844
80 5.52428e-05 0.0020526 100 13.5135
80 4.75293e-05 0.00297603 200 14.2857
90 5.50266e-05 0.00128371 100 13.5135
90 4.03388e-05 0.00298253 200 14.4928
100 6.47779e-05 0.00182121 100 13.6986
100 4.68345e-05 0.0026649 200 14.7059
110 7.4373e-05 0.00364741 100 14.0845
110 4.45516e-05 0.00287753 200 14.8148
120 5.73601e-05 0.00447321 100 14.2857
120 3.73464e-05 0.00335718 200 15.0376
130 4.83374e-05 0.00243171 100 14.4928
130 4.43505e-05 0.00351072 200 15.1515
140 4.14321e-05 0.00152358 100 14.7059
140 4.20746e-05 0.00287897 200 15.3846
150 3.58812e-05 0.00152022 100 14.9254
160 3.55474e-05 0.0020002 100 15.1515
170 3.16443e-05 0.00268204 100 15.3846
180 4.42158e-05 0.00284676 100 15.3846
190 4.85834e-05 0.00345107 100 15.625
200 5.25896e-05 0.0023682 100 15.625
