-5.55112e-17 2.22045e-16 0 -2.98023e-08
0.00203758 3.94173 -0.031478 3.9297
0.00757102 7.90877 -0.0590243 7.88861
0.00678092 11.9043 -0.132059 11.8775
-0.00585175 15.9307 -0.181908 15.913
0.00500609 19.9867 -0.205198 19.9567
-0.00736932 24.0721 -0.201084 24.0272
0.00196227 28.1947 -0.235981 28.1474
0.00682708 32.3353 -0.227821 32.2896
0.0121194 36.5079 -0.270043 36.5225
0.0194295 40.7044 -0.278503 40.5668
0.0262236 44.9282 -0.30083 44.863
0.0335922 49.1796 -0.316293 49.0794
0.0253698 53.4572 -0.365053 53.3674
0.0132291 57.7455 -0.387979 57.647
0.00276421 62.028 -0.449567 61.9462
-0.00595393 66.2894 -0.46432 66.2936
-0.0270227 70.53 -0.520624 70.5179
-0.0467759 74.7424 -0.57621 74.813
-0.0528733 78.935 -0.61098 79.0999
-0.0483881 83.0972 -0.635749 83.2595
-0.0751804 87.2502 -0.680636 87.4816
-0.111047 91.3752 -0.715749 91.6357
-0.169705 95.4608 -0.758495 95.6986
-0.234406 99.5151 -0.810067 99.9035
-0.28676 103.546 -0.868877 104.38
-0.334309 107.565 -0.910254 108.246
-0.394315 111.577 -0.942594 112.218
-0.42959 115.56 -0.989417 116.329
-0.430614 119.561 -1.00668 120.225
-0.456074 123.624 -1.02319 124.368
-0.47085 127.692 -1.02544 128.296
-0.470125 131.756 -1.0126 132.475
-0.46612 135.815 -0.980552 136.481
-0.464181 139.863 -0.963433 140.509
-0.474702 143.91 -0.945458 144.552
-0.484415 147.954 -0.950856 148.653
-0.497985 151.992 -0.917433 152.748
-0.518837 156.033 -0.939268 156.835
-0.490889 160.079 -0.938428 160.816
-0.47678 164.13 -0.960868 164.9
-0.449484 168.2 -0.969474 168.933
-0.411154 172.284 -0.993619 173.071
-0.358878 176.409 -1.01527 177.386
-0.313655 180.542 -1.02649 181.52
-0.318656 184.704 -1.07383 185.677
-0.308933 188.9 -1.11074 189.966
-0.300756 193.121 -1.1275 194.262
-0.295505 197.381 -1.13227 198.39
-0.332199 201.657 -1.17632 202.73
-0.348136 205.97 -1.19982 206.983
-0.342964 210.323 -1.21311 211.575
-0.357581 214.714 -1.23997 215.97
-0.360488 219.142 -1.25872 220.48
-0.375507 223.589 -1.29656 225.217
-0.378527 228.06 -1.3413 229.911
-0.37457 232.542 -1.36983 234.229
-0.378408 237.045 -1.40717 238.937
-0.382092 241.571 -1.4421 243.495
-0.377078 246.123 -1.47776 247.964
-0.365894 250.696 -1.49798 252.545
-0.356528 255.288 -1.52029 257.093
-0.3408 259.9 -1.55675 261.793
-0.325374 264.511 -1.57209 266.786
-0.317394 269.138 -1.55141 271.225
-0.31404 273.765 -1.56612 276.125
-0.306203 278.395 -1.54965 280.729
-0.27649 283.05 -1.48541 285.401
-0.230158 287.7 -1.47403 290.121
-0.192693 292.369 -1.39212 295.141
-0.168171 297.072 -1.34619 299.995
-0.143657 301.821 -1.34314 304.824
-0.111308 306.609 -1.29299 309.677
-0.0932494 311.433 -1.23894 314.637
-0.107981 316.295 -1.15963 319.431
-0.10397 321.182 -1.21558 324.29
-0.0964844 326.068 -1.20744 329.272
-0.0744272 330.951 -1.22891 334.212
-0.0543496 335.802 -1.23816 339.209
-0.0425701 340.629 -1.27383 343.983
-0.0351466 345.453 -1.2655 348.831
-0.0415633 350.253 -1.27687 353.599
-0.0750661 355.038 -1.28717 358.443
-0.109101 359.812 -1.34719 363.249
-0.141995 364.587 -1.35139 367.989
-0.185891 369.387 -1.42456 372.743
-0.237813 374.225 -1.44689 377.525
-0.270401 378.993 -1.51831 382.534
-0.296087 383.841 -1.48805 387.324
-0.316454 388.686 -1.50358 392.22
-0.32379 393.558 -1.52312 396.994
