0 7.93365e-05 0.00622845 100 13.5135
0 6.96128e-05 0.00760379 200 13.6054
0 6.33104e-05 0.00921839 300 14.0845
10 6.67716e-05 0.00503912 100 13.5135
10 5.72564e-05 0.00731709 200 13.6986
10 5.58633e-05 0.00869135 300 14.1509
20 6.83595e-05 0.00320661 100 13.5135
20 6.31003e-05 0.00808255 200 13.6986
20 5.80494e-05 0.00939417 300 14.2857
30 6.01994e-05 0.00312939 100 13.5135
30 5.99517e-05 0.00757712 200 13.7931
30 5.5003e-05 0.00931758 300 14.3541
40 6.09864e-05 0.00544737 100 13.3333
40 6.13278e-05 0.00808099 200 13.8889
40 5.46649e-05 0.00939515 300 14.4928
50 5.79803e-05 0.00509203 100 13.3333
50 5.77745e-05 0.00825887 200 13.986
50 5.59344e-05 0.00934179 300 14.5631
60 7.04211e-05 0.0108746 100 13.3333
60 5.57799e-05 0.00854605 200 13.986
60 6.09002e-05 0.00956358 300 14.6341
70 6.01994e-05 0.0101235 100 13.3333
70 5.78776e-05 0.0079148 200 14.1844
80 6.40376e-05 0.00866784 100 13.5135
80 6.17636e-05 0.00762289 200 14.2857
90 5.85938e-05 0.0104534 100 13.5135
90 5.54046e-05 0.00831893 200 14.4928
100 6.36642e-05 0.0136454 100 13.6986
100 5.85432e-05 0.00942737 200 14.7059
110 7.34049e-05 0.0117916 100 14.0845
110 5.86957e-05 0.0088208 200 14.8148
120 6.74819e-05 0.0113392 100 14.2857
120 5.54584e-05 0.008938 200 15.0376
130 6.47779e-05 0.0102372 100 14.4928
130 6.07419e-05 0.00865678 200 15.1515
140 4.9314e-05 0.0052337 100 14.7059
140 5.96527e-05 0.00635934 200 15.3846
150 5.14437e-05 0.0056845 100 14.9254
160 6.13761e-05 0.00361786 100 15.1515
170 5.98021e-05 0.00403316 100 15.3846
180 6.13761e-05 0.00555176 100 15.3846
190 6.74819e-05 0.00617948 100 15.625
200 7.94866e-05 0.00423761 100 15.625
