0 0.000202036 0.00634302 100 11.6279
0 0.000191487 0.017679 200 12.0482
0 7.72058e-05 0.0200886 300 10.274
0 8.14804e-05 0.0103725 400 10.2828
0 4.77829e-05 0.00467812 500 10.3306
0 2.14697e-05 0.00236169 600 10.772
0 2.17922e-05 0.00167568 700 11.1288
0 1.68926e-05 0.00126486 800 10.7962
10 0.000256343 0.0147354 100 11.6279
10 0.00014959 0.0123093 200 12.0482
10 5.56733e-05 0.0137507 300 9.77199
10 5.6034e-05 0.00628586 400 10.3359
10 2.95403e-05 0.00305793 500 10.3093
10 5.81171e-06 0.00188005 600 10.7914
10 9.7407e-06 0.00191966 700 11.1465
10 2.11432e-06 0.00162696 800 10.7962
20 0.000518004 0.00488963 100 11.7647
20 0.000152237 0.018775 200 11.9048
20 0.000105711 0.0178237 300 9.61539
20 6.94e-05 0.00786112 400 10.3627
20 3.47886e-05 0.00354098 500 10.3306
20 1.32977e-05 0.00170874 600 10.8303
20 9.30642e-06 0.00142777 700 11.1643
20 8.56671e-06 0.00112871 800 10.8108
30 0.000565934 0.00665914 100 11.7647
30 0.000162814 0.0237646 200 11.4943
30 0.000132596 0.0194549 300 9.61539
30 7.63823e-05 0.00824283 400 10.4167
30 3.4857e-05 0.00369529 500 10.3734
30 1.40249e-05 0.00164797 600 10.8499
30 1.15042e-05 0.00125379 700 11.1643
30 1.30622e-05 0.00112604 800 10.8254
40 0.000585553 0.0140982 100 11.9048
40 0.000170854 0.0271017 200 11.0497
40 0.000106423 0.0194272 300 9.61539
40 6.76273e-05 0.00840692 400 10.4439
40 3.70456e-05 0.00352613 500 10.4167
40 1.47161e-05 0.00161086 600 10.8893
40 1.11607e-05 0.00119013 700 11.1643
40 1.31757e-05 0.00115638 800 10.8548
50 0.000613856 0.0252527 100 11.9048
50 0.000163071 0.0326093 200 10.7527
50 0.000119743 0.0207945 300 9.6463
50 7.19619e-05 0.00855678 400 10.4167
50 3.77217e-05 0.00331347 500 10.4384
50 2.11433e-05 0.0014685 600 10.9091
50 1.25365e-05 0.00167203 700 11.0935
50 1.98155e-05 0.00101119 800 10.8844
60 0.000598249 0.0339357 100 12.0482
60 0.000166364 0.0361657 200 10.5263
60 0.000121751 0.0210398 300 9.70874
60 7.83948e-05 0.00838268 400 10.2828
60 4.32572e-05 0.00304359 500 10.4822
60 2.62193e-05 0.0016756 600 10.9489
60 1.40205e-05 0.00265193 700 10.8696
60 2.54016e-05 0.00116282 800 10.9141
70 0.000545218 0.0420768 100 12.0482
70 0.000181481 0.0385191 200 10.3093
70 0.000118899 0.020018 300 9.74026
70 7.61772e-05 0.00792372 400 10.1266
70 3.76457e-05 0.00265948 500 10.5263
70 3.08391e-05 0.00186091 600 10.9689
70 1.61193e-05 0.00258714 700 10.7198
70 2.138e-05 0.00125473 800 10.9439
80 0.000574967 0.0580539 100 12.1951
80 0.000187507 0.0519178 200 9.90099
80 0.000167566 0.0236092 300 9.80392
80 0.000102343 0.00820025 400 10.0251
80 5.50022e-05 0.00292403 500 10.5708
80 4.28168e-05 0.00484788 600 11.0092
80 3.57327e-05 0.00584586 700 10.6545
80 3.34759e-05 0.00243049 800 10.9739
90 0.000446434 0.0456433 100 12.1951
90 9.1741e-05 0.0353835 200 9.17431
90 9.74153e-05 0.0158741 300 9.86842
90 5.76335e-05 0.00702579 400 10
90 1.65152e-05 0.00326546 500 10.5932
90 1.44894e-05 0.0020811 600 11.0294
90 1.29564e-05 0.00151007 700 10.6545
90 7.86384e-06 0.00167084 800 11.0041
100 0.000165442 0.00883627 100 12.0482
100 0.000117925 0.0137284 200 8.81057
100 8.19338e-05 0.000735245 300 9.93377
100 9.08798e-05 0.00872519 400 10
100 8.903e-05 0.0155357 500 10.6157
100 8.08165e-05 0.0212081 600 11.0497
100 6.41833e-05 0.0182727 700 10.6545
100 5.94233e-05 0.00967431 800 11.0193
110 0.000299141 0.0169805 100 11.3636
110 0.000116168 0.0157149 200 8.73362
110 0.000102453 0.00102461 300 9.96678
110 0.000102372 0.0107152 400 10.0251
110 9.92887e-05 0.0182144 500 10.6383
110 8.85168e-05 0.0243342 600 11.0497
110 7.12458e-05 0.0190552 700 10.6707
110 6.83079e-05 0.00972067 800 11.0345
120 0.000226201 0.0182846 100 10.4167
120 0.000136832 0.0122335 200 8.73362
120 9.80253e-05 0.00283296 300 10
120 0.000106454 0.0121737 400 10.0503
120 0.000102425 0.0194767 500 10.661
120 8.74512e-05 0.0252349 600 11.0294
120 6.99843e-05 0.0178741 700 10.7034
120 6.8155e-05 0.00867916 800 11.0497
130 0.000278543 0.0213882 100 9.80392
130 0.000152901 0.0102415 200 8.77193
130 0.000108225 0.00426804 300 9.96678
130 0.00010559 0.0132445 400 10.0756
130 9.79294e-05 0.020666 500 10.6838
130 8.89051e-05 0.0259994 600 10.9689
130 6.79302e-05 0.0166079 700 10.7198
130 7.34077e-05 0.00746468 800 11.0497
140 0.000281608 0.0224428 100 9.34579
140 0.0001331 0.00638975 200 8.77193
140 0.000100402 0.00589705 300 9.80392
140 9.46869e-05 0.0137612 400 10.1266
140 9.33558e-05 0.0207666 500 10.7066
140 8.73943e-05 0.0251704 600 10.7335
140 6.2691e-05 0.0148119 700 10.7527
140 7.05967e-05 0.00609706 800 11.065
150 0.000176325 0.0201963 100 8.92857
150 9.88409e-05 0.00333238 200 8.81057
150 8.64342e-05 0.00623344 300 9.58466
150 9.01057e-05 0.0129761 400 10.1523
150 8.23619e-05 0.0189941 500 10.7296
150 7.65993e-05 0.0213429 600 10.5079
150 5.44162e-05 0.0119938 700 10.7692
150 5.99757e-05 0.00430312 800 11.065
160 0.000146241 0.0112334 100 8.26446
160 4.48849e-05 0.00134658 200 8.84956
160 5.57684e-05 0.00546433 300 9.40439
160 7.30206e-05 0.00997623 400 10.1781
160 6.33514e-05 0.0147511 500 10.7527
160 5.15743e-05 0.0150381 600 10.4167
160 4.40134e-05 0.00809596 700 10.8025
160 5.44592e-05 0.00199336 800 11.065
170 0.000284808 0.0178398 100 7.29927
170 9.08924e-05 0.00227934 200 8.92857
170 7.71371e-05 0.00904432 300 9.375
170 9.60932e-05 0.0150968 400 10.2041
170 7.89015e-05 0.0202792 500 10.7759
170 6.06848e-05 0.0185851 600 10.3986
170 5.65522e-05 0.00992417 700 10.8192
170 6.87566e-05 0.00262442 800 11.0803
180 8.25761e-05 0.00468541 100 6.89655
180 3.40049e-05 0.00172419 200 9.04977
180 4.33692e-05 0.00503513 300 9.40439
180 5.83913e-05 0.00889712 400 10.2564
180 5.4269e-05 0.0126413 500 10.8225
180 3.83101e-05 0.0106458 600 10.4167
180 3.75002e-05 0.00499377 700 10.8527
180 5.39539e-05 0.000609339 800 11.0803
190 0.000103465 0.0028186 100 6.89655
190 2.01324e-05 0.00189124 200 9.17431
190 3.98682e-05 0.00526465 300 9.49367
190 5.74262e-05 0.00894015 400 10.3627
190 5.3508e-05 0.0126045 500 10.8932
190 3.63222e-05 0.00979953 600 10.4712
190 3.74872e-05 0.00443141 700 10.9204
190 6.48311e-05 0.00117453 800 11.0957
200 0.000142275 0.00265618 100 7.0922
200 2.9701e-05 0.00162301 200 9.38967
200 3.30369e-05 0.0046677 300 9.6463
200 5.29013e-05 0.00806949 400 10.4712
200 4.88196e-05 0.0113792 500 10.989
200 3.10958e-05 0.00825035 600 10.5634
200 3.40878e-05 0.00338965 700 10.989
200 4.03773e-05 0.00193625 800 11.1421
210 0.000110702 0.00351809 100 7.29927
210 4.00421e-05 0.00373934 200 9.61539
210 6.02881e-05 0.00785385 300 9.80392
210 6.85139e-05 0.0122 400 10.6101
210 5.84002e-05 0.0157355 500 11.0865
210 4.04871e-05 0.0109605 600 10.6762
210 4.39526e-05 0.00487486 700 11.0759
210 2.47554e-05 0.00138587 800 11.2045
220 0.000100425 0.00317708 100 7.57576
220 4.27073e-05 0.00392739 200 9.80392
220 6.0726e-05 0.0081593 300 9.96678
220 7.39535e-05 0.0122851 400 10.7527
220 5.75446e-05 0.0157659 500 11.1607
220 4.02163e-05 0.0102271 600 10.772
220 4.36192e-05 0.00420742 700 11.1643
220 2.51585e-05 0.00149837 800 11.2676
230 9.43031e-05 0.00426608 100 7.8125
230 3.6212e-05 0.00422861 200 10
230 6.40798e-05 0.00789926 300 10.1351
230 6.8742e-05 0.0122404 400 10.8992
230 5.83839e-05 0.0154688 500 11.2108
230 3.4093e-05 0.00931105 600 10.8696
230 4.35186e-05 0.00344904 700 11.236
230 3.37198e-05 0.00156365 800 11.3154
240 0.000103119 0.00241449 100 8.06452
240 2.35441e-05 0.0028758 200 10.0503
240 2.57862e-05 0.00221549 300 10.274
240 2.89645e-05 0.00480916 400 11.0193
240 3.92944e-05 0.00721006 500 11.1359
240 2.22722e-05 0.00333209 600 10.9489
240 3.09609e-05 0.0011164 700 11.3086
240 4.3126e-05 0.00217481 800 11.3636
250 5.56727e-05 0.0038546 100 8.33333
250 3.24809e-05 0.00242938 200 10
250 4.50176e-05 0.00436043 300 10.4167
250 4.81837e-05 0.00796868 400 11.1421
250 4.75428e-05 0.0100318 500 10.9649
250 1.58222e-05 0.00488749 600 11.0294
250 3.82072e-05 0.00101711 700 11.3636
250 3.55486e-05 0.000771717 800 11.4286
260 6.83595e-05 0.00848013 100 8.62069
260 5.8237e-05 0.00721027 200 9.85222
260 6.96848e-05 0.0104925 300 10.5634
260 6.44336e-05 0.0144946 400 11.2676
260 6.08321e-05 0.015687 500 10.846
260 4.67509e-05 0.00846985 600 11.1317
260 4.96802e-05 0.00253554 700 11.4379
260 1.14837e-05 0.000819634 800 11.4943
270 7.4373e-05 0.00423736 100 8.92857
270 4.01165e-05 0.0024462 200 9.90099
270 5.94028e-05 0.00467952 300 10.7527
270 4.60488e-05 0.00861747 400 11.396
270 3.66574e-05 0.00915069 500 10.8696
270 2.36705e-05 0.00427225 600 11.236
270 4.34459e-05 0.000881067 700 11.5132
270 2.06803e-05 0.000527249 800 11.5774
280 8.28643e-05 0.0040924 100 9.43396
280 4.38096e-05 0.00282519 200 10.0503
280 6.08349e-05 0.00534407 300 10.989
280 4.9571e-05 0.00921372 400 11.5942
280 3.92337e-05 0.00925966 500 10.9649
280 3.2287e-05 0.00417912 600 11.3422
280 4.45465e-05 0.000815892 700 11.6086
280 1.92432e-05 0.000378395 800 11.6788
290 0.000159946 0.00788638 100 10.101
290 5.59932e-05 0.0079299 200 10.3093
290 3.23481e-05 0.00522276 300 11.236
290 2.65767e-05 0.00224989 400 11.8343
290 1.8374e-05 0.00165091 500 11.0865
290 1.89287e-05 0.00221729 600 11.4943
290 3.17753e-05 0.00435249 700 11.7253
290 2.71045e-05 0.00193549 800 11.782
300 0.000133186 0.00609957 100 10.8696
300 4.44176e-05 0.00513558 200 10.6383
300 4.36735e-05 0.00220991 300 11.5385
300 3.093e-05 0.00201545 400 12.0482
300 2.08538e-05 0.00200998 500 11.236
300 2.18973e-05 0.000753054 600 11.6505
300 3.83598e-05 0.00347275 700 11.8644
300 2.83672e-05 0.00139874 800 11.9048
310 0.000115136 0.00535466 100 11.7647
310 4.17189e-05 0.0033547 200 10.989
310 4.80078e-05 0.000312325 300 11.8577
310 3.79993e-05 0.00374079 400 12.3077
310 2.1793e-05 0.00332761 500 11.3895
310 2.63202e-05 0.000451213 600 11.811
310 4.0591e-05 0.00315146 700 11.9863
310 2.38666e-05 0.00119362 800 12.0301
320 3.58812e-05 0.00381388 100 12.5
320 5.68908e-05 0.00495136 200 11.2994
320 7.33702e-05 0.00862339 300 12.0968
320 5.5647e-05 0.012186 400 12.5
320 3.63701e-05 0.0100046 500 11.5207
320 3.79453e-05 0.00435509 600 11.9284
320 5.55799e-05 0.00103949 700 12.069
320 2.07612e-05 0.000306566 800 12.1212
330 4.08526e-05 0.00825442 100 13.1579
330 7.67402e-05 0.0108478 200 11.4943
330 8.2063e-05 0.0146006 300 12.2951
330 6.92496e-05 0.0182423 400 12.6183
330 4.82398e-05 0.0140475 500 11.6279
330 4.51876e-05 0.00675284 600 12.024
330 6.6247e-05 0.000539692 700 12.1107
330 2.2451e-05 0.000768172 800 12.1951
340 9.36689e-05 0.0139734 100 13.6986
340 0.000101899 0.017645 200 11.6959
340 0.000107254 0.0213223 300 12.3967
340 8.57233e-05 0.0248161 400 12.6582
340 6.12384e-05 0.017734 500 11.6822
340 5.91089e-05 0.00884179 600 12.0724
340 6.07871e-05 0.00130712 700 12.1107
340 1.20844e-05 0.00132361 800 12.2324
350 8.62479e-05 0.00895372 100 13.6986
350 8.63868e-05 0.0116581 200 11.7647
350 8.94765e-05 0.0155246 300 12.4481
350 6.83833e-05 0.0186883 400 12.6183
350 4.75428e-05 0.0117056 500 11.7096
350 5.02801e-05 0.00487813 600 12.0724
350 3.06608e-05 0.00219751 700 12.069
350 1.64909e-05 0.000523447 800 12.2324
360 8.17053e-05 0.00805335 100 13.3333
360 8.97374e-05 0.011008 200 11.8343
360 9.43059e-05 0.0153378 300 12.4481
360 7.03068e-05 0.0179292 400 12.3839
360 4.02061e-05 0.00995401 500 11.7647
360 5.26735e-05 0.00336654 600 12.0724
360 3.6233e-05 0.00151791 700 12.0482
360 8.47929e-06 0.00025717 800 12.2137
370 5.25896e-05 0.00447881 100 12.0482
370 6.92264e-05 0.00706218 200 11.8343
370 6.18284e-05 0.0117694 300 12.5
370 6.26512e-05 0.0136577 400 11.7994
370 2.41392e-05 0.0065243 500 11.7647
370 5.21426e-05 0.00120786 600 12.0724
370 3.48502e-05 0.00103833 700 12.0482
370 1.07117e-05 0.000222649 800 12.0664
380 8.81618e-05 0.00792776 100 10.8696
380 0.000109621 0.0108585 200 11.8343
380 7.3856e-05 0.0157708 300 12.4481
380 5.60207e-05 0.0154913 400 11.4286
380 3.58684e-05 0.00751426 500 11.7925
380 5.86646e-05 0.00131472 600 12.0482
380 1.73688e-05 0.000810443 700 12.0482
380 4.72777e-06 0.000534466 800 11.9225
390 8.35805e-05 0.00907843 100 10.3093
390 0.000116117 0.0129112 200 11.8343
390 8.16747e-05 0.0172485 300 12.4481
390 5.47697e-05 0.0148413 400 11.2994
390 4.71702e-05 0.00682759 500 11.7925
390 6.58569e-05 0.000870076 600 12
390 1.18172e-05 0.000595327 700 12.0482
390 9.53402e-06 0.000809478 800 11.8168
400 9.02993e-05 0.00878386 100 10.101
400 9.86296e-05 0.0123604 200 11.7647
400 7.58382e-05 0.0161186 300 12.3967
400 4.99901e-05 0.0121604 400 11.236
400 4.60757e-05 0.00488235 500 11.7647
400 6.52506e-05 0.00175167 600 11.9522
400 2.48588e-05 0.00052806 700 12.0275
400 9.25646e-06 0.000619624 800 11.713
410 8.70733e-05 0.0105067 100 10
410 9.87202e-05 0.0140994 200 11.7647
410 7.72572e-05 0.0177972 300 12.2951
410 4.9736e-05 0.0116648 400 11.236
410 4.87218e-05 0.00438118 500 11.7647
410 5.11163e-05 0.00283473 600 11.8577
410 2.11578e-05 0.000205964 700 12.0275
410 1.05363e-05 0.000721547 800 11.5774
420 0.000115652 0.00957031 100 10.101
420 9.73521e-05 0.0133827 200 11.7647
420 7.14864e-05 0.0164121 300 12.2449
420 3.91772e-05 0.00921925 400 11.2676
420 5.09794e-05 0.00268115 500 11.7647
420 5.39815e-06 0.00370902 600 11.811
420 2.01808e-05 0.000365082 700 12.0275
430 0.000100068 0.00817791 100 10.3093
430 8.36526e-05 0.012973 200 11.9048
430 6.85734e-05 0.0154953 300 12.0968
430 3.81949e-05 0.00750999 400 11.3314
430 5.29705e-05 0.00132955 500 11.7925
430 5.62139e-05 0.00348903 600 11.811
430 1.24976e-05 0.000413921 700 12.0275
440 9.19996e-05 0.00952087 100 10.7527
440 5.49183e-05 0.013547 200 12.1951
440 7.43565e-05 0.0156748 300 11.9048
440 3.93669e-05 0.00691939 400 11.4613
440 5.19799e-05 0.000745304 500 11.8765
440 5.43934e-05 0.0019445 600 11.8812
440 1.38107e-05 0.000542561 700 12.0275
450 0.000103119 0.00701324 100 11.3636
450 7.68566e-05 0.0125292 200 12.5
450 7.05726e-05 0.0137509 300 11.6279
450 2.0644e-05 0.00557246 400 11.6279
450 5.0698e-05 0.000480057 500 12.0192
450 4.5385e-05 0.00127029 600 11.976
450 1.53777e-05 0.000559341 700 12.0482
460 0.000125632 0.00893 100 12.0482
460 8.41499e-05 0.0141287 200 12.9032
460 6.58738e-05 0.0141102 300 11.583
460 4.91028e-05 0.00574844 400 11.7994
460 5.39517e-05 0.000907183 500 12.1359
460 2.64958e-05 0.00108324 600 12.0968
460 1.98404e-05 0.000821749 700 12.0482
470 0.000100781 0.00770932 100 12.8205
470 8.43621e-05 0.0132868 200 13.3333
470 4.61796e-05 0.0124623 300 11.583
470 2.72412e-05 0.00479688 400 11.976
470 5.75198e-05 0.00151382 500 12.2549
470 2.95e-05 0.00104936 600 12.22
470 8.2829e-06 0.000635723 700 12.069
480 0.000137242 0.00910481 100 13.3333
480 8.39016e-05 0.0141369 200 13.6054
480 4.95289e-05 0.0117633 300 11.583
480 4.15403e-05 0.00428314 400 12.1212
480 6.0785e-05 0.00207136 500 12.3457
480 2.46706e-05 0.000947771 600 12.3203
480 1.01084e-05 0.000836263 700 12.0482
490 0.000157619 0.0110963 100 13.6986
490 8.71767e-05 0.0149316 200 13.7931
490 4.74807e-05 0.010928 300 11.6279
490 4.40136e-05 0.00349859 400 12.1951
490 6.49718e-05 0.0027987 500 12.3762
490 2.44143e-05 0.000969228 600 12.3711
490 1.65952e-05 0.000934716 700 12.0069
500 0.000119005 0.0116463 100 13.8889
500 8.73134e-05 0.0150861 200 13.7931
500 4.76756e-05 0.00957552 300 11.6279
500 3.91772e-05 0.00246185 400 12.2324
500 7.20514e-05 0.00387375 500 12.3457
500 3.26643e-05 0.000976103 600 12.3967
500 2.11693e-05 0.000519891 700 11.925
510 0.000121876 0.0105792 100 13.8889
510 7.69341e-05 0.0135699 200 13.6986
510 3.91305e-05 0.00708542 300 11.6279
510 4.34514e-05 0.00102507 400 12.2324
510 4.89269e-05 0.00519196 500 12.2549
510 3.538e-05 0.000931147 600 12.3967
520 0.000115136 0.00712016 100 13.8889
520 4.99745e-05 0.0096074 200 13.4228
520 2.2494e-05 0.00367924 300 11.6279
520 3.91391e-05 0.000796264 400 12.1951
520 9.32689e-05 0.00499453 500 12.1655
520 3.59649e-05 0.00139132 600 12.3711
530 4.36732e-05 0.00818378 100 13.6986
530 5.19626e-05 0.00861469 200 12.6582
530 3.62486e-05 0.00260286 300 11.6279
530 3.77633e-05 0.00165937 400 12.1581
530 8.28067e-05 0.00258264 500 12.1065
530 3.68292e-05 0.0019223 600 12.2699
540 5.6943e-05 0.00733259 100 13.6986
540 4.65792e-05 0.00602652 200 11.3636
540 1.06729e-05 0.00162846 300 11.6732
540 3.60059e-05 0.00219026 400 12.1212
540 6.76897e-05 0.00032158 500 12.0773
540 4.01256e-05 0.00287685 600 12.0482
550 5.23624e-05 0.00581419 100 13.6986
550 9.45553e-06 0.00329437 200 10.8696
550 1.18491e-05 0.000653774 300 11.6732
550 4.01168e-05 0.00261943 400 12.0846
550 5.35525e-05 0.00144065 500 12.0773
550 2.97014e-05 0.00435685 600 11.8812
560 4.9314e-05 0.00551114 100 13.6986
560 1.98341e-05 0.00235835 200 10.6952
560 1.15089e-05 0.000522489 300 11.6732
560 4.88289e-05 0.00342128 400 12.0482
560 6.19122e-05 0.00180715 500 12.1065
560 2.60419e-05 0.00444873 600 11.7417
570 5.02717e-05 0.00639597 100 13.5135
570 3.0978e-05 0.00234159 200 10.6383
570 2.14696e-05 0.000805385 300 11.7188
570 5.64051e-05 0.00443487 400 11.976
570 7.14999e-05 0.00228765 500 12.1065
570 4.62094e-05 0.00490895 600 11.6279
580 5.52428e-05 0.00493343 100 13.3333
580 2.74048e-05 0.00153613 200 10.6383
580 2.87493e-05 0.00123019 300 11.6732
580 2.98513e-05 0.00508424 400 11.8694
580 7.07893e-05 0.00351903 500 12.1065
590 2.67443e-05 0.00382471 100 12.987
590 3.06881e-05 0.000677026 200 10.6952
590 2.44683e-05 0.00181102 300 11.6732
590 0.000115849 0.0047596 400 11.7647
590 7.14198e-05 0.00447907 500 12.0773
600 1.46484e-05 0.00362911 100 11.7647
600 4.7904e-05 0.00111633 200 10.7527
600 2.05233e-05 0.00182183 300 11.6279
600 0.000125146 0.00140715 400 11.6959
600 6.28222e-05 0.00722964 500 11.9904
610 6.74819e-05 0.00308382 100 9.80392
610 2.9901e-05 0.000699855 200 10.7527
610 3.72933e-05 0.00388507 300 11.6279
610 0.000104369 0.00175901 400 11.6959
610 5.73454e-05 0.0049088 500 11.7647
620 5.0034e-05 0.00203657 100 8.92857
620 1.46484e-05 0.00169718 200 10.8108
620 4.54569e-05 0.00478545 300 11.583
620 8.98074e-05 0.00218339 400 11.6959
620 4.38593e-05 0.00553679 500 11.5473
630 6.36642e-05 0.00147799 100 8.69565
630 2.34172e-05 0.00198229 200 10.8108
630 5.28413e-05 0.00464356 300 11.5385
630 8.24712e-05 0.00377239 400 11.6959
630 4.02061e-05 0.00712698 500 11.4155
640 6.71277e-05 0.00151922 100 8.69565
640 2.62948e-05 0.00284006 200 10.8696
640 5.55065e-05 0.00549597 300 11.4943
640 8.91411e-05 0.00420272 400 11.7302
640 4.98347e-05 0.00753 500 11.3122
650 7.34049e-05 0.00226396 100 8.77193
650 3.75057e-05 0.0026016 200 10.929
650 7.15975e-05 0.00633 300 11.4068
650 9.11173e-05 0.00530507 400 11.7647
650 2.12389e-05 0.00835674 500 11.1857
660 6.53277e-05 0.00327532 100 8.84956
660 3.95931e-05 0.00355074 200 10.989
660 3.32766e-05 0.00735177 300 11.3636
660 8.71971e-05 0.00634162 400 11.7994
670 6.01994e-05 0.00394423 100 9.09091
670 4.84607e-05 0.00509626 200 11.1111
670 0.00016632 0.00700558 300 11.3636
670 6.71851e-05 0.00563692 400 11.8694
680 8.5554e-05 0.0024541 100 9.52381
680 2.92969e-05 0.0028963 200 11.3636
680 0.000176824 0.00209927 300 11.5385
680 7.48549e-05 0.00869741 400 11.9403
690 0.00010219 0.00218944 100 10.101
690 2.0716e-05 0.00178831 200 11.7647
690 0.000186781 0.00353329 300 11.7647
690 9.7395e-05 0.0106478 400 12.0846
700 7.50114e-05 0.00141045 100 10.8696
700 2.98012e-05 0.00144669 200 12.1951
700 0.000169969 0.00345186 300 12.0968
700 7.97985e-05 0.00991915 400 12.2324
710 0.000115136 0.00265125 100 11.6279
710 2.82614e-05 0.000890349 200 12.6582
710 0.000157042 0.00418852 300 12.3967
710 9.27788e-05 0.0105683 400 12.3457
720 8.89694e-05 0.00223724 100 12.5
720 1.60094e-05 0.00108463 200 13.0719
720 0.000142851 0.00563605 300 12.6582
720 8.4011e-05 0.0111964 400 12.4224
730 4.28465e-05 0.00224666 100 13.3333
730 6.26262e-05 0.00580194 200 13.4228
730 0.000121599 0.0023005 300 12.931
730 5.81867e-05 0.00712977 400 12.3839
740 2.18366e-05 0.00447505 100 13.8889
740 8.13404e-05 0.00768775 200 13.6054
740 8.82541e-05 0.00210871 300 13.1004
740 5.34477e-05 0.00626491 400 12.3457
750 3.12653e-05 0.00694461 100 14.0845
750 9.61817e-05 0.00956086 200 13.6054
750 9.76055e-05 0.00341691 300 13.2159
750 5.32522e-05 0.00649347 400 12.2324
760 3.48703e-05 0.00832075 100 14.2857
760 0.000117495 0.0123393 200 13.4228
760 0.000136087 0.00437463 300 13.2159
760 6.07675e-05 0.00682292 400 12.0482
770 6.13761e-05 0.00755789 100 14.0845
770 3.18321e-05 0.0127196 200 13.0719
770 7.9937e-05 0.00504134 300 13.1579
780 0.000102423 0.00922977 100 13.8889
780 0.000237756 0.010746 200 12.8205
780 8.71363e-05 0.0048667 300 13.0435
790 0.000132198 0.0114977 100 13.6986
790 0.000215829 0.00375645 200 12.6582
790 7.35865e-05 0.00448284 300 12.7119
800 0.000120201 0.0118424 100 13.3333
800 0.000180145 0.00288289 200 12.6582
800 8.94321e-05 0.00855468 300 12.1951
810 0.000146078 0.0104992 100 13.1579
810 0.00013681 0.00577257 200 12.6582
810 6.81082e-05 0.0107828 300 11.8577
820 0.000153169 0.0106482 100 12.8205
820 0.000141985 0.00873648 200 12.6582
820 8.58189e-05 0.0130627 300 11.6279
830 0.000260083 0.0128527 100 12.3457
830 0.000199224 0.0127334 200 12.6582
830 9.38977e-05 0.0155523 300 11.3636
840 3.96682e-05 0.0130551 100 12.0482
840 0.00014959 0.0158269 200 12.6582
850 0.000558851 0.00503188 100 11.7647
850 0.000176028 0.0203079 200 12.5786
860 0.00057941 0.012876 100 11.6279
860 0.000178916 0.0235888 200 12.2699
870 0.000489671 0.0225339 100 11.7647
870 0.000191175 0.027624 200 11.7647
880 0.000417761 0.0323198 100 11.9048
880 0.000153077 0.0330974 200 11.3636
890 0.000486029 0.0397802 100 12.0482
890 0.000142278 0.0373821 200 11.1111
900 0.000512845 0.0451511 100 12.3457
900 0.000200164 0.0410608 200 10.989
910 0.000652643 0.0621735 100 12.6582
910 0.00021043 0.0546208 200 10.8108
920 0.000385147 0.051427 100 12.987
930 0.000252595 0.0166031 100 13.3333
940 0.000218261 0.0185837 100 13.1579
950 0.000162534 0.0202106 100 12.0482
960 0.000150579 0.0114851 100 10.989
970 0.000139653 0.00852099 100 10.2041
980 0.000198944 0.0138573 100 9.70874
990 0.000218043 0.018161 100 9.09091
