1.66533e-16 2.22045e-16 0 -2.98023e-08
0.0598755 0.43054 0.0400555 0.44477
0.240194 0.981257 0.232848 1.02989
0.531827 1.62004 0.547027 1.69212
0.999102 2.28691 1.00924 2.43086
1.6342 2.94802 1.6679 3.10177
2.4659 3.5799 2.54035 3.77578
3.50761 4.20225 3.62298 4.38646
4.7942 4.79182 4.91031 4.97975
6.32974 5.33072 6.49427 5.49155
8.10924 5.87803 8.29924 6.06341
10.112 6.4497 10.3578 6.63768
12.3115 7.00076 12.5621 7.19082
14.6499 7.51232 14.9051 7.66939
17.046 7.93347 17.3411 8.05618
19.4958 8.22821 19.839 8.34918
21.9927 8.30631 22.4079 8.39874
24.5048 8.12487 24.9185 8.18835
26.9916 7.67984 27.4288 7.66231
29.438 6.99772 29.9921 6.91318
31.783 6.15769 32.3445 6.03025
34.0615 5.1358 34.5975 5.00193
36.2491 3.96323 36.8452 3.76742
38.3394 2.75641 38.8895 2.58396
40.387 1.47658 40.9552 1.27522
42.5075 0.121543 43.0548 -0.0676813
44.7985 -1.25557 45.2939 -1.43963
47.2534 -2.65271 47.7808 -2.86577
49.8291 -4.1198 50.3428 -4.36217
52.4966 -5.6542 52.9868 -5.92481
55.1975 -7.20142 55.6462 -7.48053
57.889 -8.73335 58.2945 -8.99384
60.5683 -10.2372 60.9588 -10.5391
63.209 -11.7206 63.59 -12.0421
65.7947 -13.2456 66.1582 -13.5613
68.3062 -14.7894 68.6787 -15.1345
70.7749 -16.3593 71.1458 -16.71
73.2072 -17.9304 73.5634 -18.2998
75.5852 -19.5001 75.9115 -19.853
77.9762 -21.0457 78.2925 -21.4022
80.3597 -22.55 80.6521 -22.8979
82.7216 -24.0456 83.0097 -24.4161
85.1309 -25.4572 85.3946 -25.8358
87.5835 -26.7635 87.8762 -27.1688
90.052 -27.9625 90.3422 -28.3847
92.5673 -29.0556 92.792 -29.4747
95.0916 -30.0422 95.338 -30.4867
97.628 -31 97.8892 -31.4735
100.185 -31.9141 100.42 -32.4083
102.739 -32.7462 102.911 -33.2457
105.307 -33.5536 105.415 -34.0735
107.89 -34.2985 107.973 -34.8526
110.487 -34.9932 110.539 -35.5545
113.094 -35.6311 113.154 -36.2262
115.715 -36.2182 115.734 -36.8234
118.337 -36.7945 118.336 -37.3997
120.956 -37.3113 120.933 -37.9273
123.575 -37.8087 123.523 -38.4228
126.178 -38.3059 126.096 -38.9233
128.749 -38.7892 128.644 -39.4077
131.294 -39.2548 131.153 -39.8778
133.8 -39.6976 133.65 -40.3259
136.267 -40.1528 136.164 -40.8044
138.706 -40.5712 138.623 -41.2434
141.108 -40.9186 140.952 -41.6102
143.486 -41.1841 143.422 -41.9022
145.827 -41.3448 145.713 -42.0696
148.117 -41.3901 147.982 -42.1149
150.395 -41.3378 150.232 -42.094
152.64 -41.2432 152.443 -42.0222
154.896 -41.172 154.684 -41.9968
157.139 -41.1293 156.878 -41.9903
159.364 -41.123 159.039 -42.0236
161.542 -41.1434 161.2 -42.0838
163.691 -41.1846 163.318 -42.1661
165.795 -41.1698 165.397 -42.1962
167.853 -41.0367 167.449 -42.0945
169.861 -40.8143 169.47 -41.8952
171.786 -40.4987 171.42 -41.5927
173.657 -40.1008 173.312 -41.1943
175.466 -39.6434 175.149 -40.752
177.238 -39.1767 176.899 -40.2991
179.051 -38.6378 178.681 -39.7954
180.842 -38.1301 180.513 -39.2939
182.654 -37.5851 182.348 -38.7749
184.499 -36.9942 184.202 -38.2201
186.326 -36.3363 186.062 -37.5869
188.18 -35.5867 187.919 -36.881
190.033 -34.745 189.777 -36.0927
191.951 -33.867 191.699 -35.2272
193.922 -32.9843 193.681 -34.3714
195.982 -32.092 195.728 -33.4933
198.045 -31.1795 197.817 -32.5847
200.096 -30.2827 199.88 -31.6892
202.149 -29.3776 201.973 -30.8079
204.205 -28.4904 204.03 -29.9476
206.28 -27.6834 206.108 -29.1731
208.395 -26.9494 208.225 -28.4738
210.511 -26.2483 210.339 -27.798
212.653 -25.5427 212.477 -27.1172
214.826 -24.8416 214.659 -26.4249
217.026 -24.1154 216.835 -25.7273
219.237 -23.3179 219.075 -24.9545
221.445 -22.466 221.208 -24.1679
223.667 -21.584 223.42 -23.3347
225.888 -20.6876 225.628 -22.4792
228.072 -19.7616 227.821 -21.5783
230.22 -18.8134 229.996 -20.6583
232.38 -17.8196 232.182 -19.6768
234.568 -16.818 234.383 -18.7051
236.713 -15.8099 236.539 -17.7226
238.852 -14.7652 238.709 -16.6987
241.017 -13.6835 240.841 -15.6539
243.189 -12.5787 242.995 -14.5931
245.304 -11.4687 245.152 -13.5033
247.468 -10.3497 247.321 -12.414
249.645 -9.23101 249.513 -11.3147
251.806 -8.09011 251.699 -10.2036
253.961 -6.93893 253.894 -9.08432
256.101 -5.75564 256.066 -7.92336
258.215 -4.54363 258.206 -6.7159
260.308 -3.27295 260.336 -5.44766
262.344 -1.88306 262.386 -4.08319
264.303 -0.414263 264.383 -2.62569
266.252 1.06853 266.36 -1.16213
268.266 2.44733 268.428 0.19803
270.325 3.75947 270.512 1.47425
272.42 5.02229 272.641 2.69743
274.561 6.26691 274.797 3.93106
276.694 7.48334 276.96 5.1369
278.872 8.7038 279.161 6.36989
281.098 9.93507 281.399 7.5637
283.337 11.2198 283.623 8.82991
285.578 12.5449 285.864 10.1234
287.832 13.9115 288.125 11.4761
290.089 15.3963 290.37 12.9384
292.312 16.933 292.59 14.4431
294.494 18.4816 294.808 16.0113
296.721 20.0909 297.03 17.6439
298.978 21.8049 299.249 19.3875
301.361 23.6338 301.426 21.1814
303.645 25.4875 303.582 23.0303
305.87 27.4276 305.726 24.9202
308.019 29.387 307.814 26.8248
310.141 31.3745 309.891 28.7687
312.195 33.3994 311.949 30.7601
314.189 35.4472 313.94 32.786
316.139 37.5173 315.909 34.836
318.049 39.6281 317.837 36.912
319.943 41.7286 319.712 38.9816
321.829 43.8226 321.61 41.0489
323.748 45.9343 323.502 43.1344
325.707 48.018 325.458 45.183
327.74 50.0809 327.497 47.2091
329.84 52.1179 329.628 49.2181
331.998 54.0887 331.791 51.1655
334.23 56.0461 334.032 53.1089
336.5 57.9952 336.322 55.0249
338.817 59.9256 338.654 56.9237
341.178 61.8334 341.047 58.7945
343.555 63.7223 343.449 60.6473
345.958 65.5768 345.867 62.4646
348.387 67.4182 348.292 64.2641
350.802 69.2292 350.743 66.0632
353.254 71.0388 353.202 67.8629
355.699 72.8449 355.649 69.6422
358.142 74.6509 358.081 71.434
360.583 76.4529 360.51 73.2369
363.026 78.2559 362.947 75.0085
365.452 80.0447 365.392 76.7682
367.845 81.8234 367.801 78.5283
370.166 83.5798 370.117 80.2526
372.393 85.2882 372.353 81.9385
374.498 86.9445 374.468 83.5747
376.478 88.4956 376.451 85.1076
378.371 89.9337 378.36 86.5439
380.183 91.3009 380.167 87.8755
381.933 92.5737 381.918 89.1214
383.661 93.7636 383.651 90.3052
385.476 94.9219 385.468 91.4399
387.359 96.0294 387.359 92.5266
389.298 97.0863 389.319 93.5553
391.334 98.175 391.371 94.6147
393.414 99.267 393.482 95.6751
395.55 100.323 395.639 96.7057
397.704 101.323 397.794 97.6715
399.824 102.28 399.919 98.5931
401.917 103.141 402.003 99.4217
403.951 103.903 404.032 100.148
405.96 104.591 406.039 100.797
408.011 105.108 408.08 101.286
410.135 105.485 410.233 101.647
412.361 105.791 412.464 101.932
414.625 106.059 414.719 102.181
416.897 106.298 416.978 102.414
419.164 106.507 419.21 102.593
421.493 106.727 421.519 102.776
423.737 106.948 423.74 102.984
425.977 107.192 425.963 103.195
428.103 107.42 428.074 103.405
430.149 107.671 430.125 103.621
432.117 107.908 432.065 103.81
434.026 108.008 433.965 103.863
435.758 108.009 435.7 103.815
437.299 107.93 437.251 103.695
438.581 107.769 438.531 103.484
439.666 107.607 439.598 103.301
440.609 107.409 440.526 103.073
441.399 107.289 441.307 102.938
441.993 107.179 441.894 102.803
442.449 107.111 442.345 102.705
442.906 107.039 442.793 102.593
443.347 107.014 443.229 102.536
443.836 106.989 443.714 102.477
444.473 106.99 444.351 102.445
445.206 106.946 445.082 102.371
446.013 106.953 445.884 102.342
446.903 107.034 446.773 102.389
447.89 107.21 447.741 102.519
448.987 107.447 448.833 102.719
450.19 107.822 450.014 103.035
451.491 108.402 451.362 103.473
452.929 109.085 452.819 104.028
454.502 109.798 454.384 104.705
456.158 110.667 456.045 105.539
457.972 111.646 457.821 106.508
459.877 112.736 459.707 107.583
461.883 113.915 461.687 108.742
463.989 115.182 463.783 109.972
466.176 116.518 465.963 111.275
468.435 117.925 468.215 112.639
470.781 119.404 470.567 114.076
473.219 120.927 473.006 115.564
475.743 122.511 475.536 117.102
478.344 124.16 478.123 118.704
480.992 125.864 480.783 120.375
483.68 127.593 483.523 122.071
486.448 129.274 486.344 123.704
489.32 130.827 489.283 125.208
492.283 132.213 492.31 126.53
495.358 133.438 495.441 127.665
498.514 134.41 498.613 128.557
501.751 135.064 501.898 129.175
505.042 135.428 505.21 129.479
508.395 135.557 508.578 129.557
511.77 135.476 511.993 129.419
515.185 135.299 515.361 129.164
518.623 135.098 518.784 128.893
522.145 134.847 522.275 128.574
525.734 134.579 525.889 128.221
529.399 134.294 529.531 127.852
533.134 134.01 533.25 127.499
536.937 133.686 537.062 127.107
540.806 133.326 540.936 126.663
544.802 132.892 544.89 126.183
548.848 132.416 548.898 125.645
552.948 131.901 552.987 125.053
557.104 131.328 557.08 124.419
561.318 130.707 561.278 123.744
565.6 130.051 565.535 123.008
569.942 129.367 569.86 122.248
574.352 128.667 574.286 121.47
578.78 127.954 578.729 120.66
583.237 127.259 583.152 119.863
587.713 126.567 587.593 119.06
592.202 125.885 592.086 118.262
596.684 125.215 596.608 117.478
601.15 124.558 601.03 116.736
605.602 123.87 605.489 115.971
610.039 123.194 609.91 115.23
614.484 122.547 614.358 114.497
618.926 121.903 618.768 113.797
623.35 121.254 623.185 113.08
627.742 120.615 627.589 112.373
632.072 120.017 631.871 111.739
636.319 119.413 636.135 111.077
640.484 118.825 640.3 110.437
644.498 118.256 644.336 109.816
648.278 117.698 648.143 109.214
651.817 117.176 651.688 108.643
655.065 116.712 654.95 108.14
657.981 116.314 657.852 107.704
660.526 115.965 660.392 107.327
662.701 115.631 662.575 106.98
664.544 115.185 664.427 106.527
666.221 114.558 666.091 105.855
667.731 113.722 667.549 104.95
668.815 112.652 668.712 103.841
669.722 111.421 669.575 102.569
670.375 110.04 670.203 101.177
670.744 108.532 670.521 99.6477
670.854 106.906 670.566 98.0248
670.48 105.204 670.272 96.3377
669.886 103.505 669.623 94.6379
668.934 101.812 668.642 92.9764
667.713 100.129 667.408 91.3393
666.285 98.4318 665.992 89.6289
664.692 96.7302 664.421 87.95
662.951 95.0695 662.691 86.3033
661.045 93.5151 660.803 84.7604
658.978 92.1081 658.739 83.3885
656.784 90.7968 656.545 82.1174
654.502 89.4451 654.274 80.8232
652.178 88.0606 651.909 79.4383
649.787 86.6227 649.528 78.0333
647.362 85.1086 647.1 76.5424
644.842 83.5499 644.577 75.0043
642.252 81.9483 642.02 73.4376
639.681 80.3244 639.493 71.8563
637.149 78.6584 636.978 70.2265
634.667 76.9938 634.483 68.5694
632.252 75.3551 632.08 66.9646
629.88 73.7386 629.68 65.3726
627.591 72.1636 627.392 63.8345
625.387 70.61 625.214 62.3332
623.318 69.1157 623.187 60.9152
621.411 67.7092 621.286 59.5577
619.67 66.437 619.557 58.3341
618.154 65.2891 618.035 57.2316
616.867 64.3276 616.768 56.3036
615.82 63.5309 615.728 55.5312
614.974 62.9321 614.888 54.9321
614.331 62.4616 614.236 54.4367
613.811 62.0693 613.713 54.0434
613.313 61.6942 613.204 53.6675
612.83 61.3225 612.707 53.2869
612.348 60.9568 612.221 52.9091
611.901 60.619 611.754 52.552
611.476 60.2989 611.316 52.2148
611.109 60.0118 610.947 51.9268
610.766 59.7584 610.593 51.6785
610.434 59.4839 610.255 51.4176
610.127 59.2363 609.936 51.1799
609.811 58.9832 609.611 50.9359
609.427 58.6832 609.222 50.6556
608.885 58.245 608.673 50.2288
608.141 57.6432 607.938 49.6515
607.226 56.8648 607.045 48.9058
606.175 55.9228 606.022 47.9899
604.989 54.8158 604.863 46.9007
603.721 53.5398 603.61 45.639
602.358 52.1298 602.255 44.2563
600.872 50.5989 600.77 42.7648
599.313 48.9408 599.206 41.1291
597.636 47.1539 597.539 39.4041
595.881 45.2482 595.784 37.583
594.058 43.2366 593.957 35.6204
592.229 41.1661 592.098 33.5734
590.417 39.0973 590.27 31.5116
588.59 37.0359 588.464 29.4662
586.727 34.953 586.6 27.4258
584.835 32.8691 584.71 25.3695
582.91 30.7785 582.773 23.2949
580.956 28.6829 580.834 21.2433
578.982 26.5597 578.843 19.1293
576.99 24.4121 576.843 17.0129
575.013 22.2618 574.865 14.8804
573.061 20.0923 572.904 12.7399
571.135 17.942 570.98 10.622
569.253 15.8124 569.083 8.49417
567.403 13.6846 567.232 6.38087
565.597 11.5948 565.425 4.30753
563.777 9.56887 563.593 2.3058
562.016 7.61088 561.792 0.336278
560.358 5.76176 560.151 -1.45122
558.791 4.05916 558.574 -3.13034
557.389 2.55665 557.161 -4.62152
556.166 1.2243 555.931 -5.91659
555.087 0.0381196 554.833 -7.09244
554.092 -1.06524 553.844 -8.15979
553.156 -2.09321 552.896 -9.18196
552.265 -3.03912 552.004 -10.1078
551.446 -3.91882 551.183 -10.9717
550.715 -4.70915 550.432 -11.757
550.055 -5.41146 549.75 -12.4701
549.472 -6.0635 549.158 -13.1216
548.991 -6.62788 548.67 -13.689
548.582 -7.09067 548.264 -14.1422
548.258 -7.47997 547.927 -14.5281
547.987 -7.80318 547.643 -14.8413
547.769 -8.07023 547.414 -15.0928
547.593 -8.29372 547.228 -15.3203
547.439 -8.46881 547.068 -15.4961
547.312 -8.60927 546.937 -15.6428
547.213 -8.72703 546.83 -15.7619
547.138 -8.81612 546.748 -15.8555
547.093 -8.8782 546.693 -15.919
547.07 -8.915 546.661 -15.9569
547.04 -8.94821 546.631 -15.9871
546.977 -9.00235 546.587 -16.0326
546.906 -9.07505 546.531 -16.1064
546.823 -9.1754 546.45 -16.1944
546.718 -9.30775 546.341 -16.3226
546.578 -9.47136 546.203 -16.4769
546.411 -9.66737 546.035 -16.6704
546.222 -9.8961 545.837 -16.8985
546.014 -10.1418 545.627 -17.1416
545.783 -10.3983 545.395 -17.3928
545.57 -10.6467 545.171 -17.6457
545.388 -10.8685 544.976 -17.8659
545.243 -11.0497 544.824 -18.0405
