0 0.000105179 0.00721855 100 9.09091
0 3.47848e-05 0.00231956 200 7.63359
0 3.13077e-05 0.00336703 300 7.1599
0 3.78028e-05 0.00184794 400 6.89655
0 2.39807e-05 0.00130506 500 7.27802
0 2.07641e-05 0.00179126 600 7.27273
0 2.89129e-05 0.00197714 700 7.18686
0 2.15103e-05 0.00151345 800 7.30594
10 9.86284e-05 0.00699675 100 8.84956
10 2.77291e-05 0.00284413 200 7.72201
10 3.16862e-05 0.0041691 300 7.07547
10 3.61298e-05 0.00207428 400 6.93241
10 2.0321e-05 0.00139368 500 7.32064
10 2.35161e-05 0.00192582 600 7.2904
10 2.64151e-05 0.00196546 700 7.20165
10 2.29839e-05 0.00143952 800 7.33272
20 0.000140504 0.0037189 100 8.19672
20 3.99676e-05 0.0032203 200 7.7821
20 3.62121e-05 0.00406451 300 7.04225
20 3.26868e-05 0.00214823 400 6.96864
20 2.66731e-05 0.000915145 500 7.35294
20 2.86688e-05 0.00138723 600 7.29927
20 2.45237e-05 0.00120754 700 7.20906
20 2.07612e-05 0.00083206 800 7.35294
30 0.000133276 0.00715109 100 7.75194
30 4.59998e-05 0.00534536 200 7.7821
30 5.29915e-05 0.00514617 300 7.00935
30 3.37632e-05 0.00419856 400 6.9808
30 3.48023e-05 0.0024495 500 7.37463
30 3.25017e-05 0.00260216 600 7.29927
30 2.68355e-05 0.00259082 700 7.19424
30 2.27804e-05 0.0024706 800 7.35971
40 0.000121091 0.00640463 100 7.57576
40 4.84607e-05 0.00560724 200 7.69231
40 3.11805e-05 0.00634712 300 6.99301
40 3.82144e-05 0.00301699 400 6.95652
40 2.24398e-05 0.00147769 500 7.37463
40 2.56834e-05 0.0022412 600 7.28155
40 2.40428e-05 0.00161368 700 7.15015
40 2.28294e-05 0.00167039 800 7.35294
50 5.96024e-05 0.00594587 100 7.40741
50 1.65584e-05 0.00296701 200 7.57576
50 3.74705e-05 0.00212892 300 6.97674
50 2.28373e-05 0.00117029 400 6.93241
50 2.44337e-05 0.00076372 500 7.36377
50 2.62446e-05 0.00175695 600 7.19424
50 2.14206e-05 0.00106056 700 7.11382
50 2.11435e-05 0.000865079 800 7.33272
60 4.73407e-05 0.00519363 100 7.19424
60 1.46484e-05 0.00373492 200 7.40741
60 2.91156e-05 0.00316422 300 6.94444
60 2.40452e-05 0.000750275 400 6.92042
60 1.8348e-05 0.000565507 500 7.35294
60 2.21679e-05 0.00146034 600 7.05053
60 2.08333e-05 0.000867478 700 7.09939
60 1.84728e-05 0.00109657 800 7.30594
70 5.63114e-05 0.00604862 100 6.94444
70 2.31612e-05 0.00201212 200 7.22022
70 4.37341e-05 0.00233481 300 6.84932
70 2.79433e-05 0.00218704 400 6.90846
70 2.72041e-05 0.00146792 500 7.33138
70 2.44955e-05 0.00226521 600 6.99301
70 2.42343e-05 0.00186095 700 7.0922
70 1.96076e-05 0.00186631 800 7.25295
80 2.53718e-05 0.00436423 100 6.71141
80 1.29187e-05 0.00394348 200 6.96864
80 2.46302e-05 0.00267783 300 6.62252
80 1.56802e-05 0.001134 400 6.89655
80 1.91118e-05 0.000927058 500 7.27802
80 2.15313e-05 0.00129905 600 6.96056
80 1.95812e-05 0.00120837 700 7.0922
80 1.93301e-05 0.00163003 800 7.11111
90 6.34767e-05 0.00584359 100 6.53595
90 3.08817e-05 0.00652634 200 6.71141
90 2.8191e-05 0.00475701 300 6.39659
90 7.72041e-06 0.00154843 400 6.88468
90 1.65729e-05 0.000878627 500 7.1736
90 2.03939e-05 0.00130198 600 6.93642
90 1.79068e-05 0.00163567 700 7.08502
90 1.74566e-05 0.00222055 800 7.04846
100 7.59589e-05 0.00760153 100 6.45161
100 3.40924e-05 0.0077976 200 6.57895
100 2.59398e-05 0.00520343 300 6.34249
100 5.72561e-06 0.0016054 400 6.88468
100 6.32885e-06 0.000968756 500 7.0028
100 1.95991e-05 0.00130092 600 6.92841
100 1.6089e-05 0.00183913 700 7.08502
100 1.74032e-05 0.0023393 800 7.02371
110 0.000133276 0.0122987 100 6.53595
110 5.08612e-05 0.0133787 200 6.45161
110 5.62414e-05 0.00828831 300 6.36943
110 1.38107e-05 0.00273524 400 6.92042
110 1.07422e-05 0.00149769 500 6.98324
110 2.50304e-05 0.00222421 600 6.93642
110 1.95189e-05 0.00308747 700 7.09939
110 1.85332e-05 0.00367965 800 7.02988
120 9.41766e-05 0.00955201 100 6.75676
120 3.71865e-05 0.0103793 200 6.41026
120 4.33692e-05 0.00583742 300 6.43777
120 0 0.00175842 400 6.99301
120 1.09619e-05 0.00103755 500 7.02247
120 2.09387e-05 0.00154472 600 6.96864
120 2.17475e-05 0.00227185 700 7.13558
120 1.69147e-05 0.00269506 800 7.0609
130 0.000104725 0.0114072 100 6.99301
130 4.17189e-05 0.0120055 200 6.45161
130 4.37038e-05 0.00659186 300 6.52174
130 4.88281e-06 0.00202098 400 7.06714
130 1.09619e-05 0.00119045 500 7.07214
130 1.83061e-05 0.00182615 600 7.00935
130 2.3614e-05 0.00268435 700 7.17949
130 1.80236e-05 0.00307301 800 7.09849
140 0.000110486 0.0116742 100 7.29927
140 3.66212e-05 0.0115181 200 6.53595
140 4.124e-05 0.00608978 300 6.60793
140 4.22864e-06 0.00189989 400 7.14286
140 1.17188e-05 0.00122039 500 7.12251
140 1.82154e-05 0.00172683 600 7.05053
140 2.12953e-05 0.00258 700 7.2314
140 1.61023e-05 0.00288292 800 7.13012
150 7.04211e-05 0.00966134 100 7.57576
150 3.53794e-05 0.00885035 200 6.62252
150 3.3475e-05 0.00439998 300 6.68151
150 5.59397e-06 0.00148588 400 7.22022
150 1.43525e-05 0.00116291 500 7.1736
150 2.05557e-05 0.00143601 600 7.08383
150 1.99504e-05 0.00217516 700 7.26895
150 1.67598e-05 0.00220299 800 7.16204
160 5.14437e-05 0.00750714 100 7.75194
160 4.03388e-05 0.00629929 200 6.66667
160 2.56316e-05 0.00284073 300 6.74157
160 1.26271e-05 0.00117087 400 7.27273
160 1.68864e-05 0.00116637 500 7.20461
160 1.8288e-05 0.00120488 600 7.0922
160 1.93939e-05 0.00169215 700 7.29927
160 1.62863e-05 0.00157162 800 7.17489
170 4.14321e-05 0.00658992 100 7.75194
170 4.85222e-05 0.00497511 200 6.71141
170 2.61433e-05 0.00238133 300 6.75676
170 1.78574e-05 0.00133521 400 7.31261
170 1.94824e-05 0.00146194 500 7.21501
170 1.97505e-05 0.00144534 600 7.08383
170 2.28175e-05 0.0017956 700 7.31452
170 1.54409e-05 0.00135599 800 7.16204
180 3.23889e-05 0.00596694 100 7.69231
180 4.68981e-05 0.00468739 200 6.73401
180 2.50038e-05 0.00233223 300 6.77201
180 2.21752e-05 0.00155194 400 7.32601
180 2.26092e-05 0.00193475 500 7.1736
180 2.20631e-05 0.0017069 600 7.05882
180 2.37578e-05 0.00198029 700 7.31452
180 1.39983e-05 0.00122219 800 7.11744
190 5.07437e-05 0.00663389 100 7.57576
190 4.30548e-05 0.00523349 200 6.75676
190 1.52683e-05 0.00209803 300 6.78733
190 1.61022e-05 0.00150057 400 7.35294
190 1.99898e-05 0.00189223 500 7.07214
190 2.16387e-05 0.00147966 600 7.05882
190 2.04205e-05 0.00190061 700 7.30689
190 1.09354e-05 0.00119585 800 7.08592
200 2.29024e-05 0.00613636 100 7.5188
200 4.19327e-05 0.00410412 200 6.77966
200 1.6678e-05 0.00162519 300 6.81818
200 2.0752e-05 0.00126768 400 7.36648
200 2.32538e-05 0.00151696 500 6.99301
200 2.00335e-05 0.00122472 600 7.07547
200 2.15903e-05 0.00164562 700 7.30689
200 9.33661e-06 0.0008832 800 7.07965
210 2.58374e-05 0.00569213 100 7.40741
210 5.31534e-05 0.00373151 200 6.77966
210 2.8191e-05 0.00198856 300 6.86499
210 2.47476e-05 0.00152528 400 7.39372
210 2.23119e-05 0.00204431 500 6.98324
210 2.3921e-05 0.00168958 600 7.10059
210 2.00962e-05 0.00202457 700 7.29167
210 1.15161e-05 0.000835823 800 7.0922
220 3.58812e-05 0.00624732 100 7.35294
220 4.91932e-05 0.00390068 200 6.68896
220 2.52148e-05 0.0021403 300 6.91244
220 2.67444e-05 0.00163632 400 7.42115
220 2.40402e-05 0.00209667 500 6.99301
220 2.48445e-05 0.00183556 600 7.12589
220 2.25062e-05 0.00209763 700 7.2314
220 1.07464e-05 0.000861806 800 7.1048
230 5.839e-05 0.00549878 100 7.14286
230 3.95177e-05 0.00368905 200 6.51466
230 2.51622e-05 0.00207619 300 6.94444
230 2.70766e-05 0.0016744 400 7.40741
230 2.11489e-05 0.00197083 500 7.0028
230 1.98676e-05 0.00175648 600 7.15137
230 2.12953e-05 0.00186221 700 7.15015
230 1.05186e-05 0.000750556 800 7.12378
240 6.74819e-05 0.00333305 100 6.89655
240 5.85941e-05 0.00310223 200 6.32911
240 2.53719e-05 0.00137271 300 6.97674
240 3.5715e-05 0.000971998 400 7.35294
240 3.2404e-05 0.00181428 500 7.01262
240 2.33181e-05 0.00186144 600 7.16846
240 2.61746e-05 0.00193407 700 7.12106
240 1.47246e-05 0.000566266 800 7.13649
250 8.41491e-05 0.00245398 100 6.71141
250 6.25309e-05 0.00175237 200 6.26959
250 3.12654e-05 0.00104628 300 7.00935
250 2.78899e-05 0.000878579 400 7.19424
250 2.66909e-05 0.00127243 500 7.01262
250 2.15774e-05 0.00136916 600 7.18563
250 2.45634e-05 0.00139842 700 7.1066
250 1.24936e-05 0.0004321 800 7.14286
260 9.29022e-05 0.00238238 100 6.36943
260 5.62057e-05 0.00207446 200 6.26959
260 3.27954e-05 0.00100395 300 7.04225
260 3.00999e-05 0.00111072 400 7.0922
260 3.38013e-05 0.00156446 500 7.01262
260 2.44549e-05 0.0017247 600 7.19424
260 2.517e-05 0.0014465 700 7.09939
260 1.32462e-05 0.000492493 800 7.14924
270 0.000103119 0.00385863 100 5.95238
270 5.95026e-05 0.00236834 200 6.26959
270 3.40634e-05 0.00109117 300 7.05882
270 3.55687e-05 0.00130904 400 7.06714
270 3.44442e-05 0.00184144 500 6.99301
270 2.94326e-05 0.00202579 600 7.20288
270 2.58189e-05 0.00147205 700 7.09939
270 1.29188e-05 0.000512708 800 7.15563
280 0.000101253 0.00280937 100 5.81395
280 5.17903e-05 0.00168615 200 6.28931
280 3.06665e-05 0.00106731 300 7.07547
280 2.99758e-05 0.00129149 400 7.06714
280 2.98294e-05 0.00153411 500 6.98324
280 2.64457e-05 0.00160847 600 7.21154
280 2.22343e-05 0.000938289 700 7.09939
280 1.15967e-05 0.000480024 800 7.16846
290 0.00012372 0.00268098 100 5.81395
290 5.32095e-05 0.00210069 200 6.30915
290 3.32766e-05 0.00107247 300 7.109
290 3.34306e-05 0.00150018 400 7.06714
290 3.11739e-05 0.00173382 500 6.96379
290 2.53329e-05 0.00188624 600 7.22022
290 2.32087e-05 0.00105476 700 7.0922
290 1.31333e-05 0.00056226 800 7.18133
300 0.000117797 0.00234194 100 5.88235
300 4.7904e-05 0.00195765 200 6.32911
300 3.63217e-05 0.00112753 300 7.1599
300 3.44622e-05 0.00190589 400 7.06714
300 3.12808e-05 0.00182095 500 6.94444
300 2.96791e-05 0.00184643 600 7.23764
300 1.99626e-05 0.000841831 700 7.06357
300 8.69619e-06 0.000600635 800 7.20072
310 0.000114304 0.00311804 100 5.95238
310 4.28466e-05 0.00192786 200 6.36943
310 3.445e-05 0.00152215 300 7.19424
310 3.77238e-05 0.00246476 400 7.01754
310 3.09436e-05 0.00200464 500 6.93481
310 2.95673e-05 0.00200249 600 7.24638
310 1.89882e-05 0.000678312 700 7.02811
310 7.17002e-06 0.000576809 800 7.22022
320 0.000108526 0.00211562 100 6.0241
320 3.83698e-05 0.00186377 200 6.41026
320 3.39465e-05 0.0018687 300 7.24638
320 3.3564e-05 0.00285651 400 6.93241
320 2.97974e-05 0.00183087 500 6.94444
320 2.85183e-05 0.00172983 600 7.25514
320 1.40379e-05 0.000377359 700 7.00701
320 6.28396e-06 0.000600491 800 7.24638
330 9.54341e-05 0.00141151 100 6.09756
330 3.06881e-05 0.00196808 200 6.47249
330 3.16025e-05 0.00165282 300 7.29927
330 2.9297e-05 0.00223319 400 6.86106
330 2.47055e-05 0.00150151 500 6.9735
330 2.75857e-05 0.00148033 600 7.26392
330 1.12908e-05 0.000249713 700 7.00701
330 5.49317e-06 0.000637951 800 7.26612
340 8.18511e-05 0.00114099 100 6.17284
340 3.95177e-05 0.00225583 200 6.53595
340 3.1853e-05 0.00191618 300 7.35294
340 2.89645e-05 0.00228364 400 6.84932
340 2.84549e-05 0.00152174 500 7.01262
340 1.94464e-05 0.00138461 600 7.26392
340 1.24976e-05 0.000231403 700 7.02811
340 6.2244e-06 0.000754303 800 7.29262
350 7.99353e-05 0.000986003 100 6.13497
350 3.21117e-05 0.00279676 200 6.62252
350 3.2225e-05 0.00196446 300 7.38916
350 3.23891e-05 0.0021 400 6.87285
350 2.34173e-05 0.00152947 500 7.05219
350 1.89112e-05 0.00124308 600 7.22892
350 1.14619e-05 0.000429019 700 7.04935
350 5.98021e-06 0.000902336 800 7.32601
360 6.09864e-05 0.00186013 100 6.0241
360 3.10741e-05 0.00347606 200 6.73401
360 3.02315e-05 0.00284012 300 7.44417
360 3.14792e-05 0.00272639 400 6.92042
360 2.70635e-05 0.00186952 500 7.0922
360 2.24941e-05 0.00133121 600 7.16846
360 1.34719e-05 0.000487963 700 7.07786
360 4.22864e-06 0.00114068 800 7.35971
370 5.87969e-05 0.00211599 100 5.91716
370 3.16443e-05 0.00374084 200 6.82594
370 3.10528e-05 0.00327549 300 7.4813
370 2.43224e-05 0.00285681 400 6.95652
370 2.29857e-05 0.00178145 500 7.14286
370 1.89985e-05 0.00100741 600 7.14286
370 1.50741e-05 0.000513394 700 7.11382
370 4.72777e-06 0.00123749 800 7.40056
380 2.62948e-05 0.00174034 100 5.81395
380 3.10741e-05 0.00338226 200 6.94444
380 3.77522e-05 0.00295721 300 7.5
380 2.37019e-05 0.00238262 400 7.00525
380 1.45505e-05 0.00143599 500 7.19424
380 1.63977e-05 0.000618815 600 7.14286
380 1.03698e-05 0.000571581 700 7.15015
380 7.11787e-06 0.00112335 800 7.43494
390 5.02717e-05 0.00175128 100 5.81395
390 3.29364e-05 0.00348886 200 7.06714
390 4.39758e-05 0.00299036 300 7.44417
390 2.07879e-05 0.00227166 400 7.05467
390 1.06977e-05 0.00129733 500 7.23589
390 1.61331e-05 0.000550411 600 7.1599
390 8.85086e-06 0.000626917 700 7.17949
390 7.95802e-06 0.00112059 800 7.47664
400 6.07906e-05 0.00133068 100 5.84795
400 3.26638e-05 0.00415254 200 7.16846
400 2.52673e-05 0.00406575 300 7.31707
400 2.19727e-05 0.00286742 400 7.0922
400 1.32468e-05 0.00147387 500 7.27802
400 1.44207e-05 0.000562496 600 7.16846
400 9.96295e-06 0.000738244 700 7.20906
400 8.56671e-06 0.00133995 800 7.51174
410 4.73407e-05 0.00167121 100 5.98802
410 3.2389e-05 0.00388628 200 7.29927
410 2.05233e-05 0.00367205 300 7.31707
410 2.41379e-05 0.0025099 400 7.14286
410 1.1472e-05 0.00136081 500 7.33138
410 1.54623e-05 0.000581812 600 7.20288
410 7.95324e-06 0.000746974 700 7.24638
410 8.23411e-06 0.00120993 800 7.54717
420 7.68948e-05 0.00255581 100 6.21118
420 3.57148e-05 0.00410821 200 7.46269
420 2.61433e-05 0.00378817 300 7.37101
420 2.57219e-05 0.00257104 400 7.19424
420 1.09183e-05 0.00132307 500 7.39645
420 1.50058e-05 0.000554989 600 7.24638
420 5.87762e-06 0.000860775 700 7.28408
420 1.01031e-05 0.00126802 800 7.59734
430 7.79725e-05 0.00335175 100 6.41026
430 4.04863e-05 0.00475843 200 7.63359
430 2.8933e-05 0.00425352 300 7.46269
430 2.37333e-05 0.00289951 400 7.25953
430 1.80599e-05 0.00142679 500 7.46269
430 1.37627e-05 0.000569692 600 7.2904
430 7.3491e-06 0.00102551 700 7.32984
430 9.13493e-06 0.00142184 800 7.64818
440 6.45937e-05 0.00394285 100 6.62252
440 3.86021e-05 0.00530854 200 7.7821
440 2.70399e-05 0.0047551 300 7.53769
440 2.04263e-05 0.00322009 400 7.31261
440 1.87338e-05 0.00146525 500 7.5188
440 1.2738e-05 0.000538343 600 7.33496
440 7.44775e-06 0.00114515 700 7.37619
440 7.69625e-06 0.00159732 800 7.68492
450 8.40073e-05 0.00504113 100 6.75676
450 3.32964e-05 0.00682779 200 7.90514
450 2.50038e-05 0.00619054 300 7.57576
450 1.86732e-05 0.00404777 400 7.32601
450 1.92113e-05 0.00161383 500 7.55287
450 1.12175e-05 0.000463435 600 7.35294
450 1.08288e-05 0.00140562 700 7.39958
450 7.37492e-06 0.00207565 800 7.71456
460 9.1088e-05 0.00633855 100 6.80272
460 3.49557e-05 0.0081353 200 7.93651
460 2.73322e-05 0.00730202 300 7.57576
460 2.0644e-05 0.00452261 400 7.29927
460 1.63411e-05 0.0017182 500 7.5643
460 7.45863e-06 0.000341696 600 7.34394
460 1.15042e-05 0.001659 700 7.41525
460 7.34962e-06 0.00246789 800 7.72201
470 9.161e-05 0.0069901 100 6.80272
470 3.47848e-05 0.00780196 200 7.96813
470 3.02753e-05 0.00685029 300 7.53769
470 2.09663e-05 0.00389172 400 7.23327
470 2.19239e-05 0.00140964 500 7.5643
470 6.356e-06 0.000388069 600 7.2904
470 9.98734e-06 0.00169311 700 7.431
470 4.4604e-05 0.00260749 800 7.70713
480 7.14295e-05 0.00883386 100 6.75676
480 3.4613e-05 0.00848847 200 8
480 2.60417e-05 0.00731064 300 7.37101
480 1.96454e-05 0.00384531 400 7.20721
480 2.13062e-05 0.00139151 500 7.55287
480 8.87754e-06 0.000389906 600 7.21154
480 1.06704e-05 0.0018903 700 7.43889
480 7.50014e-06 0.00257403 800 7.67754
490 7.59589e-05 0.0100618 100 6.80272
490 3.95177e-05 0.0091033 200 8.03213
490 4.75643e-05 0.00731117 300 7.1599
490 1.80235e-05 0.00375356 400 7.20721
490 1.339e-05 0.0013139 500 7.53012
490 1.14512e-05 0.00040243 600 7.17703
490 1.03463e-05 0.00204711 700 7.45474
490 1.06768e-05 0.00276615 800 7.50469
500 6.44088e-05 0.0101755 100 6.89655
500 3.67836e-05 0.00878765 200 8.06452
500 4.48998e-05 0.00663304 300 7.0922
500 2.41379e-05 0.00335472 400 7.23327
500 1.54408e-05 0.00121714 500 7.5188
500 1.95822e-05 0.000531009 600 7.17703
500 8.45729e-06 0.00204559 700 7.47863
500 1.12874e-05 0.0026498 800 7.46965
510 6.73051e-05 0.0103796 100 7.0922
510 4.33995e-05 0.00864652 200 8.16327
510 4.41261e-05 0.00631892 300 7.12589
510 2.35758e-05 0.00317751 400 7.29927
510 1.05632e-05 0.00114137 500 7.48503
510 1.99175e-05 0.000618912 600 7.21154
510 8.62816e-06 0.00207488 700 7.5188
510 1.12544e-05 0.00267637 800 7.48363
520 6.29107e-05 0.00940448 100 7.40741
520 4.93142e-05 0.00748902 200 8.29876
520 3.15185e-05 0.00526844 300 7.21154
520 2.0644e-05 0.00264066 400 7.36648
520 1.21973e-05 0.000821162 500 7.44048
520 1.99673e-05 0.000631666 600 7.25514
520 8.82333e-06 0.00187108 700 7.56757
520 1.19293e-05 0.00235735 800 7.5188
530 6.09864e-05 0.00850139 100 7.69231
530 4.68981e-05 0.00653282 200 8.43882
530 2.90244e-05 0.00447596 300 7.29927
530 1.96454e-05 0.00222206 400 7.44879
530 1.48746e-05 0.000652395 500 7.4184
530 1.53116e-05 0.000557782 600 7.30816
530 7.60932e-06 0.00167273 700 7.61697
530 1.18037e-05 0.00211293 800 7.56144
540 6.45937e-05 0.00815011 100 8.13008
540 4.67708e-05 0.0064853 200 8.62069
540 2.45763e-05 0.00433314 300 7.38916
540 1.41307e-05 0.002033 400 7.53296
540 1.40503e-05 0.000485941 500 7.44048
540 1.63573e-05 0.0005367 600 7.36196
540 9.41041e-06 0.0016461 700 7.67544
540 1.2861e-05 0.00210186 800 7.60456
550 6.00011e-05 0.00724262 100 8.54701
550 5.37667e-05 0.00571516 200 8.69565
550 2.35863e-05 0.00368036 300 7.5
550 1.11211e-05 0.00177318 400 7.61905
550 1.3461e-05 0.000459359 500 7.47384
550 1.21254e-05 0.000490886 600 7.41656
550 9.41041e-06 0.00146486 700 7.72627
550 1.30193e-05 0.0018346 800 7.64818
560 7.3729e-05 0.0105243 100 8.84956
560 4.91932e-05 0.00820646 200 8.62069
560 2.00665e-05 0.00517888 300 7.55667
560 1.35932e-05 0.0023606 400 7.69231
560 1.10916e-05 0.000668585 500 7.48503
560 1.36176e-05 0.000776802 600 7.45342
560 1.02042e-05 0.0020301 700 7.77778
560 1.26418e-05 0.00247746 800 7.68492
570 5.6943e-05 0.011807 100 9.09091
570 3.18321e-05 0.00939336 200 8.29876
570 1.51813e-05 0.00558388 300 7.59494
570 1.34831e-05 0.00233308 400 7.73694
570 1.20399e-05 0.000644235 500 7.48503
570 1.38825e-05 0.000958935 600 7.4813
570 1.04864e-05 0.00222457 700 7.8125
570 1.27446e-05 0.00268703 800 7.70713
580 0.000116985 0.000335989 100 9.25926
580 6.20525e-05 0.00268801 200 8.09717
580 3.85507e-05 0.00132025 300 7.57576
580 1.96833e-05 0.00104621 400 7.75194
580 2.89533e-05 0.000808709 500 7.48503
580 6.30369e-06 0.000271058 600 7.49064
580 1.93311e-05 0.000193232 700 7.83875
580 1.93975e-05 0.00122676 800 7.72201
590 0.000109402 0.000968504 100 9.34579
590 5.85941e-05 0.00163641 200 8.03213
590 3.91981e-05 0.000848522 300 7.53769
590 2.38897e-05 0.000926863 400 7.75194
590 2.45894e-05 0.000566986 500 7.47384
590 3.04497e-06 0.000351723 600 7.5
590 1.39684e-05 0.000167745 700 7.85634
590 1.53562e-05 0.000948383 800 7.73694
600 0.000107865 0.00158227 100 9.34579
600 4.01165e-05 0.00019629 200 8
600 2.16539e-05 0.0011601 300 7.4813
600 1.70899e-05 0.000540257 400 7.76699
600 2.26934e-05 0.000388005 500 7.46269
600 1.9934e-06 0.000365837 600 7.50939
600 1.51707e-05 0.000220009 700 7.86517
600 1.53684e-05 0.000563981 800 7.75194
610 9.91107e-05 0.00204593 100 9.52381
610 3.41798e-05 0.000756975 200 7.96813
610 1.97337e-05 0.00134922 300 7.42574
610 2.22423e-05 0.000317771 400 7.76699
610 2.52212e-05 0.000524219 500 7.42942
610 6.75995e-06 0.000403822 600 7.52823
610 1.58759e-05 0.000378237 700 7.86517
610 1.58692e-05 0.000421077 800 7.75946
620 8.1413e-05 0.00280161 100 9.61539
620 2.94997e-05 0.00180976 200 7.87402
620 1.52683e-05 0.00122868 300 7.35294
620 2.27393e-05 0.000421858 400 7.76699
620 2.2567e-05 0.000699083 500 7.34214
620 5.57915e-06 0.000472284 600 7.54717
620 4.22592e-05 0.000679463 700 7.83875
620 1.52711e-05 0.00051157 800 7.77454
630 7.65841e-05 0.00192699 100 9.61539
630 2.80497e-05 0.00142898 200 7.5188
630 2.52148e-05 0.000739751 300 7.33496
630 3.07852e-05 0.00109724 400 7.73694
630 1.15961e-05 0.000772277 500 7.26744
630 4.45738e-06 0.000406157 600 7.55667
630 1.10292e-05 0.000383698 700 7.76915
630 1.33303e-05 0.000437869 800 7.78968
640 7.2424e-05 0.0019212 100 9.61539
640 2.81557e-05 0.00141039 200 7.22022
640 2.52673e-05 0.000704291 300 7.33496
640 2.78632e-05 0.00118279 400 7.70713
640 1.28075e-05 0.000930738 500 7.22543
640 7.04774e-06 0.000368957 600 7.5662
640 9.71569e-06 0.000423038 700 7.56757
640 1.2861e-05 0.000468018 800 7.79727
650 5.71519e-05 0.00274524 100 9.43396
650 4.7904e-05 0.00167842 200 7.11744
650 2.8425e-05 0.000581966 300 7.33496
650 2.51063e-05 0.00212534 400 7.56144
650 2.01324e-05 0.000949328 500 7.21501
650 7.09457e-06 0.000477626 600 7.57576
650 5.91887e-06 0.000620624 700 7.53498
650 1.11044e-05 0.000616545 800 7.80488
660 6.78343e-05 0.00251306 100 9.17431
660 4.33995e-05 0.00192736 200 7.06714
660 2.38098e-05 0.000835216 300 7.33496
660 2.75405e-05 0.00248928 400 7.29927
660 1.66303e-05 0.00100906 500 7.21501
660 6.40789e-06 0.000460926 600 7.58534
660 1.00602e-05 0.000642318 700 7.52688
660 1.11212e-05 0.000863468 800 7.8125
670 7.76661e-05 0.00330601 100 8.40336
670 4.7025e-05 0.00222372 200 7.01754
670 3.1936e-05 0.00147127 300 7.33496
670 2.79966e-05 0.00261554 400 7.19424
670 1.78741e-05 0.000975262 500 7.21501
670 4.53106e-06 0.000498133 600 7.60456
670 7.51279e-06 0.00073115 700 7.52688
670 1.1898e-05 0.00109889 800 7.82779
680 1.19604e-05 0.00479444 100 7.40741
680 5.57799e-05 0.00214258 200 6.96864
680 3.21839e-05 0.00189573 300 7.33496
680 3.11221e-05 0.00306972 400 7.14286
680 1.67731e-05 0.000998647 500 7.20461
680 2.93421e-06 0.000534255 600 7.62389
680 5.62379e-06 0.000810879 700 7.53498
680 1.07983e-05 0.000990813 800 7.83546
690 3.84473e-05 0.00535408 100 7.0922
690 5.60995e-05 0.00220504 200 6.89655
690 4.69194e-05 0.00265154 300 7.31707
690 3.25269e-05 0.0035185 400 7.11744
690 1.8348e-05 0.00102304 500 7.20461
690 1.81972e-06 0.00053513 600 7.63359
690 5.53659e-06 0.000955435 700 7.53498
690 9.95456e-06 0.00106868 800 7.85083
700 5.56727e-05 0.00471274 100 6.94444
700 5.91005e-05 0.00223863 200 6.82594
700 4.84746e-05 0.00324185 300 7.31707
700 3.40708e-05 0.00351165 400 7.0922
700 1.99181e-05 0.000882639 500 7.20461
700 1.40955e-06 0.000511219 600 7.64331
700 8.74022e-06 0.000934437 700 7.5431
700 1.20844e-05 0.00109464 800 7.85855
710 6.81849e-05 0.00534539 100 6.84932
710 5.73084e-05 0.00236245 200 6.71141
710 4.26299e-05 0.00411899 300 7.29927
710 2.72139e-05 0.00421113 400 7.05467
710 1.73873e-05 0.00100511 500 7.21501
710 2.69908e-06 0.000585862 600 7.63359
710 9.79052e-06 0.00117383 700 7.55124
710 1.12378e-05 0.00136559 800 7.86627
720 6.44088e-05 0.00570169 100 6.66667
720 6.55103e-05 0.00228903 200 6.57895
720 5.61943e-05 0.00475166 300 7.28155
720 2.26736e-05 0.00427667 400 6.95652
720 1.65152e-05 0.000901294 500 7.21501
720 5.93493e-05 0.00096892 600 7.60456
720 6.08106e-06 0.00125915 700 7.5594
720 1.32181e-05 0.00142867 800 7.86627
730 7.00817e-05 0.00587176 100 6.25
730 5.76713e-05 0.00282429 200 6.51466
730 5.20075e-05 0.00521538 300 7.24638
730 3.31621e-05 0.00442042 400 6.83761
730 1.339e-05 0.000865544 500 7.22543
730 3.35539e-06 0.000608547 600 7.54717
730 7.51279e-06 0.00125606 700 7.56757
730 1.47625e-05 0.0015303 800 7.85855
740 0.000132108 0.00403166 100 5.78035
740 5.76713e-05 0.00305665 200 6.51466
740 5.27661e-05 0.00541364 300 7.19424
740 3.27324e-05 0.00395967 400 6.79117
740 1.1678e-05 0.000653369 500 7.23589
740 3.81707e-06 0.000557685 600 7.30816
740 9.61501e-06 0.00100351 700 7.57576
740 1.28899e-05 0.0014047 800 7.85855
750 0.000162681 0.00406941 100 5.64972
750 7.1763e-05 0.00421772 200 6.53595
750 4.52231e-05 0.00686731 300 7.109
750 4.1933e-05 0.00414238 400 6.79117
750 1.06977e-05 0.000700237 500 7.25689
750 2.30178e-06 0.000592734 600 7.27273
750 9.79052e-06 0.00113585 700 7.59219
750 1.46485e-05 0.00169548 800 7.85083
760 0.000154023 0.00485018 100 5.64972
760 7.77434e-05 0.00514252 200 6.60066
760 5.10564e-05 0.00808078 300 6.91244
760 4.31934e-05 0.0040099 400 6.81431
760 1.18402e-05 0.000653188 500 7.28863
760 4.67494e-06 0.000679637 600 7.27273
760 9.20126e-06 0.00121882 700 7.61697
760 1.21152e-05 0.00170701 800 7.85083
770 0.000109184 0.00563837 100 5.71429
770 7.20531e-05 0.00573065 200 6.66667
770 4.61222e-05 0.00829009 300 6.80272
770 3.9518e-05 0.00413024 400 6.84932
770 1.29187e-05 0.00066113 500 7.33138
770 4.30624e-06 0.000670203 600 7.29927
770 9.71569e-06 0.00133072 700 7.65027
770 1.41834e-05 0.00196704 800 7.85083
780 0.000113886 0.00628439 100 5.81395
780 6.38048e-05 0.00676503 200 6.75676
780 4.51645e-05 0.00877032 300 6.80272
780 3.48492e-05 0.00443437 400 6.89655
780 1.17188e-05 0.000765564 500 7.39645
780 8.09724e-06 0.00067146 600 7.34394
780 1.20213e-05 0.00147739 700 7.70077
780 1.70135e-05 0.00230477 800 7.84314
790 0.000113467 0.00728821 100 5.98802
790 6.80978e-05 0.0082393 200 6.89655
790 4.16555e-05 0.00982823 300 6.86499
790 3.86795e-05 0.00505623 400 6.96864
790 1.43525e-05 0.000958358 500 7.46269
790 1.07348e-05 0.00075096 600 7.39827
790 1.24976e-05 0.00183696 700 7.75194
790 1.90584e-05 0.00289404 800 7.83546
800 0.000116166 0.00872403 100 6.21118
800 7.30391e-05 0.00980532 200 7.04225
800 4.5863e-05 0.0109434 300 6.92841
800 4.03945e-05 0.005546 400 7.04225
800 1.47781e-05 0.00116073 500 7.54148
800 1.31726e-05 0.000774104 600 7.46269
800 1.53461e-05 0.00203608 700 7.8125
800 1.90095e-05 0.00321009 800 7.83546
810 8.5971e-05 0.00391749 100 6.45161
810 5.01531e-05 0.00528732 200 7.22022
810 3.9835e-05 0.00620944 300 7.00935
810 2.45359e-05 0.0029098 400 7.11744
810 5.34885e-06 0.000464031 500 7.62195
810 7.00059e-06 0.000289885 600 7.5188
810 1.29751e-05 0.000887273 700 7.87402
810 1.54891e-05 0.0018194 800 7.8125
820 9.80222e-05 0.00371926 100 6.62252
820 6.08889e-05 0.00587925 200 7.32601
820 4.23805e-05 0.00664316 300 7.07547
820 2.16998e-05 0.00295757 400 7.18133
820 6.25305e-06 0.000510108 500 7.69231
820 5.81171e-06 0.000223575 600 7.5662
820 1.10512e-05 0.00071284 700 7.91855
820 1.44178e-05 0.00151418 800 7.7821
830 8.3723e-05 0.00501588 100 6.66667
830 6.03974e-05 0.00695217 200 7.40741
830 3.76468e-05 0.00728697 300 7.109
830 2.42611e-05 0.00326111 400 7.22022
830 8.40071e-06 0.000631622 500 7.73994
830 8.05624e-06 0.000483421 600 7.60456
830 1.32534e-05 0.00121739 700 7.96359
830 1.76054e-05 0.00220248 800 7.76699
840 6.64136e-05 0.00452505 100 6.62252
840 5.73604e-05 0.00693049 200 7.46269
840 3.70438e-05 0.00692654 300 7.109
840 2.58087e-05 0.00276516 400 7.24638
840 9.16098e-06 0.000524471 500 7.77605
840 7.14109e-06 0.000498256 600 7.63359
840 1.26716e-05 0.00113391 700 7.99087
840 1.51609e-05 0.00211343 800 7.76699
850 6.01994e-05 0.00290448 100 6.53595
850 5.44825e-05 0.0062833 200 7.49064
850 3.9835e-05 0.00630312 300 7.109
850 1.97965e-05 0.00218622 400 7.27273
850 1.32827e-05 0.000412139 500 7.78816
850 1.08879e-05 0.000506145 600 7.65306
850 1.27862e-05 0.00100493 700 8.00915
850 1.45464e-05 0.0020134 800 7.7821
860 6.5145e-05 0.00354783 100 6.45161
860 6.02987e-05 0.00685759 200 7.5188
860 3.38293e-05 0.00622068 300 7.07547
860 1.73065e-05 0.00205489 400 7.29927
860 2.61677e-05 0.000275422 500 7.80031
860 1.26598e-05 0.000682663 600 7.68246
860 1.56444e-05 0.00127603 700 8.02752
860 1.66707e-05 0.00232808 800 7.80488
870 8.18511e-05 0.00445902 100 6.41026
870 6.36177e-05 0.00743907 200 7.57576
870 3.50976e-05 0.00646824 300 7.00935
870 2.13536e-05 0.00204436 400 7.35294
870 7.33959e-05 0.00042472 500 7.80031
870 1.35199e-05 0.000690672 600 7.71208
870 1.69864e-05 0.00110874 700 8.06452
870 1.56208e-05 0.0021701 800 7.83546
880 8.08251e-05 0.00551072 100 6.57895
880 5.55121e-05 0.00792326 200 7.69231
880 3.54356e-05 0.00672726 300 7.00935
880 2.45359e-05 0.00215244 400 7.42115
880 1.90117e-05 0.00072048 500 7.83699
880 1.19604e-05 0.00082736 600 7.77202
880 1.71148e-05 0.00133936 700 8.10185
880 1.72419e-05 0.00248538 800 7.88177
890 6.21482e-05 0.00444201 100 6.80272
890 5.07439e-05 0.00672398 200 7.84314
890 3.58814e-05 0.00571343 300 7.04225
890 2.38897e-05 0.00166936 400 7.5188
890 1.84258e-05 0.000693524 500 7.86164
890 1.57172e-05 0.000871446 600 7.8329
890 2.3768e-05 0.00161835 700 8.15851
890 1.85733e-05 0.00281002 800 7.93651
900 6.01994e-05 0.00131456 100 7.04225
900 5.22486e-05 0.00428477 200 8
900 3.08817e-05 0.00385171 300 7.109
900 2.67722e-05 0.00126533 400 7.60456
900 3.27698e-05 0.000960088 500 7.78816
900 2.19577e-05 0.00114208 600 7.90514
900 1.92807e-05 0.00227334 700 8.21596
900 2.29839e-05 0.00352708 800 7.98403
910 8.84318e-05 0.00495258 100 7.35294
910 6.3383e-05 0.00552635 200 8.16327
910 2.43598e-05 0.00315786 300 7.17703
910 2.29025e-05 0.00163614 400 7.69231
910 2.33152e-05 0.000860457 500 7.70416
910 2.1159e-05 0.00150635 600 7.96813
910 2.15339e-05 0.00293823 700 8.26446
910 2.15967e-05 0.00384108 800 8.0402
920 8.99024e-05 0.00542436 100 7.57576
920 5.87465e-05 0.00526889 200 8.19672
920 2.2494e-05 0.00325712 300 7.22892
920 2.86802e-05 0.00188512 400 7.76699
920 2.88047e-05 0.00118968 500 7.70416
920 2.85531e-05 0.00203064 600 8.02139
920 2.76306e-05 0.00363034 700 8.29384
920 2.53943e-05 0.00470156 800 8.08081
930 7.82776e-05 0.00467178 100 7.75194
930 6.35708e-05 0.00424152 200 8
930 2.48976e-05 0.00263013 300 7.26392
930 3.33637e-05 0.00164353 400 7.8125
930 2.60398e-05 0.00116392 500 7.70416
930 2.67198e-05 0.002145 600 8.05369
930 2.63783e-05 0.00376312 700 8.30368
930 2.60676e-05 0.00484032 800 8.10537
940 5.39325e-05 0.00161672 100 7.87402
940 5.93521e-05 0.00402459 200 7.57576
940 2.20779e-05 0.00204258 300 7.29927
940 2.63515e-05 0.00102431 400 7.85855
940 2.37006e-05 0.00100043 500 7.70416
940 2.36145e-05 0.00178143 600 8.08625
940 2.28388e-05 0.00311105 700 8.29384
940 2.35127e-05 0.00417262 800 8.13008
950 4.50173e-05 0.00294246 100 7.93651
950 5.21915e-05 0.00496393 200 7.38007
950 2.14696e-05 0.00267105 300 7.31707
950 2.54306e-05 0.00106327 400 7.90514
950 2.18367e-05 0.00126792 500 7.72798
950 2.29026e-05 0.00217492 600 8.11908
950 2.78149e-05 0.00347687 700 8.23529
950 2.35286e-05 0.00462337 800 8.15494
960 4.44846e-05 0.0054061 100 8.06452
960 4.3262e-05 0.00622819 200 7.29927
960 2.40313e-05 0.00307191 300 7.33496
960 2.39831e-05 0.000993458 400 7.95229
960 1.90868e-05 0.00141704 500 7.75194
960 2.2108e-05 0.00247709 600 8.14111
960 2.66535e-05 0.00383947 700 8.10185
960 2.33856e-05 0.00480654 800 8.1716
970 5.96024e-05 0.00780969 100 8.13008
970 3.82141e-05 0.00779816 200 7.29927
970 3.27146e-05 0.00361465 300 7.37101
970 2.85761e-05 0.00137538 400 8
970 2.69753e-05 0.00209256 500 7.77605
970 2.68434e-05 0.00334111 600 8.17439
970 2.88623e-05 0.00476703 700 7.97267
970 2.62385e-05 0.00588247 800 8.19672
980 6.00011e-05 0.00720057 100 8.26446
980 4.51497e-05 0.00685998 200 7.29927
980 3.445e-05 0.00284166 300 7.40741
980 2.71591e-05 0.00142386 400 8.04829
980 2.63855e-05 0.00209348 500 7.8125
980 2.35864e-05 0.00327156 600 8.21918
980 2.79806e-05 0.00471992 700 7.93651
980 2.67378e-05 0.00587538 800 8.21355
990 6.32886e-05 0.00751519 100 8.40336
990 3.4613e-05 0.0064296 200 7.35294
990 2.79077e-05 0.00230693 300 7.44417
990 2.39209e-05 0.00122349 400 8.09717
990 2.16833e-05 0.00202529 500 7.84929
990 2.47377e-05 0.00334751 600 8.25309
990 2.60254e-05 0.00480964 700 7.95455
990 2.50099e-05 0.00576048 800 8.23893
1000 4.58049e-05 0.0066945 100 8.62069
1000 4.59349e-05 0.00584298 200 7.38007
1000 2.01981e-05 0.00181361 300 7.5188
1000 2.64643e-05 0.00121542 400 8.14664
1000 2.41787e-05 0.00200709 500 7.89889
1000 2.49244e-05 0.00337112 600 8.29876
1000 2.47312e-05 0.00484987 700 7.98176
1000 2.49876e-05 0.00584267 800 8.27301
1010 4.50173e-05 0.00675459 100 8.84956
1010 3.91388e-05 0.0054629 200 7.40741
1010 1.73781e-05 0.00154385 300 7.59494
1010 3.05178e-05 0.00133275 400 8.19672
1010 2.64396e-05 0.00225681 500 7.94913
1010 2.90475e-05 0.00374439 600 8.34492
1010 2.77009e-05 0.00524519 700 8.01833
1010 2.54456e-05 0.00620695 800 8.29876
1020 3.90625e-05 0.00601068 100 9.09091
1020 4.3124e-05 0.00462443 200 7.35294
1020 2.94773e-05 0.00132679 300 7.67263
1020 0.00010006 0.00193815 400 8.21355
1020 2.8371e-05 0.00269337 500 8
1020 3.28866e-05 0.00426631 600 8.37989
1020 2.83863e-05 0.00578273 700 8.06452
1020 2.82025e-05 0.00692413 800 8.33333
1030 3.78221e-05 0.00389314 100 9.17431
1030 4.52156e-05 0.00337656 200 7.22022
1030 3.43345e-05 0.000873121 300 7.73196
1030 3.6315e-05 0.00195147 400 8.21355
1030 3.07736e-05 0.00307977 500 8.03859
1030 3.32172e-05 0.00479879 600 8.41515
1030 3.04378e-05 0.00629554 700 8.10185
1030 2.87196e-05 0.0073808 800 8.35073
1040 5.79803e-05 0.00485205 100 9.09091
1040 2.45359e-05 0.00382549 200 7.0922
1040 2.94773e-05 0.000987626 300 7.77202
1040 3.55477e-05 0.0018302 400 7.98403
1040 2.87052e-05 0.00267777 500 8.07754
1040 2.6794e-05 0.00422994 600 8.42697
1040 2.82747e-05 0.00556886 700 8.13008
1040 2.67378e-05 0.00663721 800 8.3682
1050 5.48095e-05 0.00500684 100 8.84956
1050 3.80578e-05 0.00365358 200 7.04225
1050 3.55103e-05 0.00157837 300 7.79221
1050 3.25498e-05 0.00228422 400 7.70713
1050 3.44718e-05 0.00331116 500 8.09062
1050 3.44505e-05 0.00499459 600 8.41515
1050 2.9816e-05 0.0063654 700 8.13953
1050 3.18563e-05 0.00752308 800 8.3682
1060 6.60536e-05 0.0067761 100 7.87402
1060 5.71522e-05 0.00305969 200 7.01754
1060 4.03307e-05 0.00194473 300 7.8125
1060 4.02466e-05 0.00285915 400 7.66284
1060 3.17198e-05 0.00417064 500 8.10373
1060 3.6937e-05 0.00596425 600 8.37989
1060 3.20346e-05 0.00720976 700 8.14901
1060 3.36977e-05 0.00812044 800 8.3682
1070 6.38512e-05 0.00593313 100 6.94444
1070 3.4699e-05 0.00219222 200 6.99301
1070 3.54356e-05 0.00177755 300 7.8329
1070 3.58192e-05 0.00288303 400 7.64818
1070 3.30596e-05 0.00438221 500 8.11688
1070 3.58172e-05 0.00617895 600 8.31025
1070 3.07875e-05 0.00709405 700 8.15851
1070 3.06098e-05 0.00758312 800 8.37696
1080 6.71277e-05 0.00463862 100 6.66667
1080 2.67443e-05 0.00183168 200 6.99301
1080 3.21427e-05 0.00171845 300 7.87402
1080 3.38734e-05 0.00272269 400 7.64818
1080 3.14329e-05 0.00422596 500 8.14332
1080 3.38493e-05 0.00596752 600 8.16327
1080 2.85572e-05 0.00660753 700 8.16803
1080 2.75409e-05 0.00688037 800 8.39454
1090 5.67332e-05 0.00436194 100 6.53595
1090 3.6047e-05 0.00145324 200 6.99301
1090 4.21926e-05 0.0026755 300 7.91557
1090 3.62944e-05 0.00400341 400 7.67754
1090 3.69037e-05 0.0057544 500 8.16993
1090 3.62309e-05 0.00756656 600 7.94702
1090 3.30514e-05 0.00821418 700 8.18713
1090 2.96012e-05 0.00837319 800 8.40336
1100 6.47779e-05 0.00355808 100 6.49351
1100 4.18615e-05 0.00162292 200 6.99301
1100 4.49293e-05 0.00341793 300 7.95756
1100 4.24627e-05 0.00481615 400 7.69231
1100 3.81865e-05 0.00673069 500 8.18331
1100 3.92748e-05 0.00855376 600 7.87402
1100 3.54318e-05 0.00924634 700 8.19672
1100 3.28637e-05 0.00927321 800 8.4122
1110 6.83595e-05 0.00218248 100 6.45161
1110 3.81361e-05 0.00176484 200 7.01754
1110 4.87471e-05 0.00352659 300 7.97872
1110 4.16656e-05 0.00497954 400 7.70713
1110 4.21064e-05 0.00709913 500 8.21018
1110 3.84998e-05 0.0089039 600 7.8637
1110 3.53355e-05 0.00957734 700 8.20633
1110 3.25104e-05 0.00944627 800 8.4122
1120 6.25306e-05 0.00344361 100 6.32911
1120 3.04932e-05 0.00185941 200 7.04225
1120 4.10146e-05 0.00342716 300 7.97872
1120 3.83895e-05 0.00456652 400 7.72201
1120 4.18792e-05 0.00636835 500 8.22368
1120 3.47948e-05 0.00796466 600 7.87402
1120 3.22239e-05 0.00857093 700 8.21596
1120 3.13791e-05 0.00823831 800 8.35073
1130 0.000107644 0.00347072 100 6.09756
1130 6.07909e-05 0.00336752 200 7.0922
1130 0.000144419 0.00533636 300 7.93651
1130 4.5838e-05 0.00617923 400 7.75194
1130 5.00066e-05 0.00808967 500 8.23723
1130 4.01916e-05 0.00972384 600 7.90514
1130 3.90076e-05 0.0106749 700 8.22562
1130 3.51216e-05 0.0100373 800 8.20513
1140 8.84318e-05 0.00386429 100 5.84795
1140 6.65932e-05 0.0035417 200 7.14286
1140 5.07181e-05 0.0053506 300 7.87402
1140 4.7073e-05 0.00650964 400 7.79727
1140 4.38267e-05 0.00834363 500 8.26446
1140 4.02903e-05 0.00986617 600 7.93651
1140 3.64406e-05 0.0107712 700 8.23529
1140 3.56637e-05 0.00963941 800 8.1716
1150 8.35805e-05 0.00373903 100 5.74713
1150 7.09275e-05 0.00475804 200 7.22022
1150 6.09002e-05 0.00658013 300 7.5188
1150 4.96911e-05 0.00782175 400 7.82779
1150 5.54857e-05 0.0096665 500 8.27815
1150 4.13291e-05 0.0109863 600 7.96813
1150 3.87573e-05 0.0117636 700 8.25472
1150 3.50844e-05 0.010066 800 8.1716
1160 7.53285e-05 0.00229561 100 5.78035
1160 4.63869e-05 0.00411985 200 7.29927
1160 4.71728e-05 0.00554635 300 7.37101
1160 4.49185e-05 0.00690785 400 7.88955
1160 4.63852e-05 0.00883032 500 8.30565
1160 3.58265e-05 0.00967415 600 8.01068
1160 3.43155e-05 0.0100203 700 8.28402
1160 3.10868e-05 0.00810368 800 8.19672
1170 0.000117999 0.00221929 100 5.91716
1170 4.7904e-05 0.00531838 200 7.43494
1170 4.88828e-05 0.00648994 300 7.40741
1170 4.74514e-05 0.00777642 400 7.96813
1170 4.75929e-05 0.00964603 500 8.34725
1170 3.81368e-05 0.0101115 600 8.06452
1170 3.57054e-05 0.0101241 700 8.33333
1170 2.99142e-05 0.00795859 800 8.23893
1180 0.000129924 0.00413784 100 6.13497
1180 5.82881e-05 0.0068016 200 7.63359
1180 4.88286e-05 0.00751595 300 7.5
1180 4.50179e-05 0.00850356 400 8.08081
1180 4.69269e-05 0.01015 500 8.41751
1180 3.71337e-05 0.0104967 600 8.14111
1180 3.40878e-05 0.0104315 700 8.39329
1180 2.91318e-05 0.00820136 800 8.29016
1190 0.000163704 0.00632318 100 6.36943
1190 6.5828e-05 0.0091146 200 7.84314
1190 5.14956e-05 0.00966209 300 7.61421
1190 4.76238e-05 0.0104711 400 8.19672
1190 4.90923e-05 0.0118965 500 8.5034
1190 3.90464e-05 0.0119708 600 8.21918
1190 3.58482e-05 0.0116133 700 8.46433
1190 2.88555e-05 0.0091513 800 8.35946
1200 0.000140928 0.00706697 100 6.66667
1200 6.35708e-05 0.00947968 200 8.06452
1200 4.90721e-05 0.00981438 300 7.75194
1200 4.61297e-05 0.010534 400 8.31601
1200 4.75528e-05 0.011877 500 8.57633
1200 3.93169e-05 0.0118548 600 8.29876
1200 3.49965e-05 0.0113682 700 8.53659
1200 2.80701e-05 0.00886895 800 8.42105
1210 0.000133186 0.00713086 100 6.89655
1210 6.49162e-05 0.00963625 200 8.26446
1210 5.00079e-05 0.00998566 300 7.8534
1210 4.78112e-05 0.0108304 400 8.42105
1210 4.88e-05 0.0121905 500 8.62069
1210 3.8987e-05 0.0120727 600 8.3682
1210 3.5308e-05 0.0114299 700 8.59951
1210 2.73236e-05 0.00877054 800 8.47458
1220 0.000127796 0.00727291 100 7.14286
1220 6.58732e-05 0.0101544 200 8.43882
1220 5.3216e-05 0.0105958 300 7.93651
1220 5.03909e-05 0.0115566 400 8.51064
1220 5.125e-05 0.0129305 500 8.60585
1220 3.81976e-05 0.0125734 600 8.42697
1220 3.60175e-05 0.0117258 700 8.65266
1220 2.71663e-05 0.0088321 800 8.52878
1230 0.000123334 0.00775446 100 7.29927
1230 6.3336e-05 0.0101524 200 8.62069
1230 5.19565e-05 0.0103515 300 8.02139
1230 5.01538e-05 0.0111152 400 8.60215
1230 4.79224e-05 0.012458 500 8.48896
1230 3.64859e-05 0.0119664 600 8.47458
1230 3.52252e-05 0.0111048 700 8.70647
1230 2.30729e-05 0.00825468 800 8.56531
1240 0.000108636 0.00704027 100 7.40741
1240 6.30057e-05 0.00953135 200 8.77193
1240 5.32409e-05 0.0101844 300 8.08625
1240 5.1052e-05 0.0113854 400 8.65801
1240 4.917e-05 0.0128334 500 8.29187
1240 3.84482e-05 0.01221 600 8.52273
1240 3.49687e-05 0.0112295 700 8.73908
1240 2.8849e-05 0.00804117 800 8.60215
1250 0.000105179 0.00778423 100 7.46269
1250 5.49183e-05 0.00930938 200 8.88889
1250 4.73969e-05 0.00967338 300 8.15217
1250 4.88136e-05 0.0107046 400 8.7146
1250 4.53034e-05 0.0119717 500 8.21018
1250 3.87997e-05 0.0115897 600 8.54701
1250 3.33737e-05 0.0106729 700 8.76095
1250 2.58379e-05 0.00749718 800 8.63931
1260 0.000113467 0.00888853 100 7.57576
1260 6.4962e-05 0.0101098 200 8.96861
1260 5.30665e-05 0.010643 300 8.19672
1260 5.15603e-05 0.0119095 400 8.77193
1260 4.60136e-05 0.0130854 500 8.19672
1260 3.82582e-05 0.0123961 600 8.57143
1260 3.38874e-05 0.0110371 700 8.78294
1260 2.56933e-05 0.00743659 800 8.65801
1270 0.000126389 0.0133355 100 7.69231
1270 6.20525e-05 0.0133055 200 9.04977
1270 5.41291e-05 0.0130158 300 8.24176
1270 5.0228e-05 0.013342 400 8.81057
1270 4.12713e-05 0.0138446 500 8.22368
1270 3.6304e-05 0.0129393 600 8.59599
1270 3.21786e-05 0.0113245 700 8.76095
1270 2.2992e-05 0.00775854 800 8.69565
1280 0.000108636 0.0128324 100 7.93651
1280 4.93142e-05 0.0122472 200 9.13242
1280 4.52231e-05 0.0116279 300 8.33333
1280 4.63231e-05 0.0115818 400 8.88889
1280 4.07246e-05 0.0118449 500 8.29187
1280 3.1382e-05 0.0109762 600 8.63309
1280 2.85743e-05 0.00939996 700 8.71731
1280 1.83615e-05 0.00634438 800 8.73362
1290 9.00349e-05 0.0108107 100 8.26446
1290 0.000154028 0.0109365 200 9.25926
1290 4.57763e-05 0.009742 300 8.4507
1290 4.46022e-05 0.0101891 400 8.98876
1290 3.72638e-05 0.0106965 500 8.3612
1290 3.33168e-05 0.0101576 600 8.69565
1290 2.93472e-05 0.00860249 700 8.63132
1290 1.88422e-05 0.00552081 800 8.78156
1300 0.000114513 0.0142585 100 8.62069
1300 0.00010759 0.0132349 200 9.38967
1300 4.85565e-05 0.012314 300 8.59599
1300 4.85535e-05 0.0122059 400 9.09091
1300 3.66444e-05 0.0120866 500 8.44595
1300 3.19675e-05 0.0110198 600 8.75912
1300 2.6926e-05 0.00896243 700 8.62069
1300 2.23595e-05 0.00604663 800 8.83978
1310 5.75676e-05 0.00839307 100 9.09091
1310 4.28466e-05 0.0074615 200 9.47867
1310 4.87199e-05 0.00730162 300 8.72093
1310 4.27426e-05 0.00828611 400 9.1954
1310 3.65271e-05 0.00886882 500 8.53242
1310 3.04066e-05 0.0086104 600 8.82353
1310 2.94878e-05 0.00691258 700 8.64198
1310 1.80855e-05 0.00411958 800 8.88889
1320 6.62338e-05 0.00560737 100 9.43396
1320 7.32428e-05 0.0056292 200 9.04977
1320 5.49066e-05 0.00646022 300 8.84956
1320 4.48853e-05 0.00848828 400 9.25926
1320 4.05721e-05 0.00929728 500 8.60585
1320 3.50414e-05 0.00941421 600 8.87574
1320 3.40878e-05 0.00755989 700 8.6741
1320 2.23512e-05 0.00432683 800 8.93855
1330 8.93704e-05 0.00255951 100 9.70874
1330 6.68166e-05 0.00484148 200 8.51064
1330 5.95586e-05 0.00704438 300 8.92857
1330 5.35731e-05 0.00949458 400 9.28074
1330 4.09582e-05 0.00990769 500 8.65052
1330 3.87314e-05 0.00992082 600 8.90208
1330 3.69577e-05 0.00764669 700 8.69565
1330 2.42614e-05 0.00428149 800 8.96861
1340 0.000122656 0.00333322 100 9.90099
1340 8.08258e-05 0.00643682 200 8.40336
1340 6.34567e-05 0.00883724 300 8.98204
1340 5.34896e-05 0.0111095 400 9.28074
1340 4.46673e-05 0.0110594 500 8.68056
1340 4.21385e-05 0.0108074 600 8.92857
1340 3.80221e-05 0.00808538 700 8.71731
1340 2.40996e-05 0.00459633 800 8.99887
1350 0.000110486 0.00184583 100 10.101
1350 7.40522e-05 0.00476614 200 8.3682
1350 5.90225e-05 0.00712013 300 9.03614
1350 5.02428e-05 0.00937011 400 9.1954
1350 4.14903e-05 0.0094096 500 8.7108
1350 4.07643e-05 0.00942195 600 8.94188
1350 3.4358e-05 0.00681148 700 8.73908
1350 2.14669e-05 0.00382314 800 9.00901
1360 0.00010381 0.00169827 100 10.2041
1360 6.42238e-05 0.00342552 200 8.40336
1360 5.04299e-05 0.00592731 300 9.06344
1360 4.99453e-05 0.00796349 400 9.02935
1360 4.01468e-05 0.00825128 500 8.726
1360 3.862e-05 0.00847453 600 8.96861
1360 3.13979e-05 0.00590672 700 8.76095
1360 2.02984e-05 0.00332208 800 9.02935
1370 0.000111667 0.0020722 100 10.5263
1370 7.04215e-05 0.00369173 200 8.43882
1370 5.61235e-05 0.00622205 300 9.11854
1370 4.65157e-05 0.00816571 400 8.65801
1370 4.03482e-05 0.00839682 500 8.75657
1370 3.62492e-05 0.00847565 600 8.98204
1370 3.25096e-05 0.00565858 700 8.78294
1370 1.95124e-05 0.00323071 800 9.03955
1380 9.14798e-05 0.00221916 100 10.6383
1380 6.32418e-05 0.00360068 200 8.47458
1380 5.33155e-05 0.00611592 300 9.17431
1380 4.30033e-05 0.007935 400 8.40336
1380 3.64617e-05 0.00770422 500 8.77193
1380 3.41803e-05 0.00747446 600 8.9955
1380 2.85572e-05 0.004578 700 8.80503
1380 1.59629e-05 0.0025546 800 9.04977
1390 9.95906e-05 0.00189535 100 10.7527
1390 5.92013e-05 0.00372005 200 8.51064
1390 4.76478e-05 0.00644792 300 9.20245
1390 4.10168e-05 0.00798657 400 8.35073
1390 3.64487e-05 0.00764253 500 8.78735
1390 3.3515e-05 0.00727805 600 8.9955
1390 2.63413e-05 0.00417955 700 8.82724
1390 1.53805e-05 0.00235657 800 9.04977
1400 9.67984e-05 0.00208525 100 10.7527
1400 6.45016e-05 0.00309881 200 8.51064
1400 4.53985e-05 0.00579408 300 9.23077
1400 3.96498e-05 0.00736293 400 8.35073
1400 3.65662e-05 0.00781213 500 8.77193
1400 3.57524e-05 0.00754033 600 8.92857
1400 2.46227e-05 0.00422628 700 8.83838
1400 1.87927e-05 0.00253633 800 9.03955
1410 0.000394205 0.00522128 100 10.3093
1410 5.87465e-05 0.00319544 200 8.51064
1410 4.79802e-05 0.00577579 300 9.20245
1410 3.62122e-05 0.0067874 400 8.3682
1410 3.25655e-05 0.00686464 500 8.77193
1410 3.13503e-05 0.00608061 600 8.67052
1410 1.92807e-05 0.00301507 700 8.84956
1410 1.35795e-05 0.00177417 800 8.97868
1420 7.12625e-05 0.00242415 100 9.61539
1420 5.2985e-05 0.00288736 200 8.51064
1420 4.36128e-05 0.00509505 300 9.17431
1420 3.24581e-05 0.00574098 400 8.38574
1420 2.9183e-05 0.00572025 500 8.74126
1420 3.09142e-05 0.00446534 600 8.5592
1420 1.48628e-05 0.00200027 700 8.84956
1420 1.14513e-05 0.00131271 800 8.06452
1430 6.34767e-05 0.00254152 100 7.57576
1430 5.11534e-05 0.00321343 200 8.51064
1430 4.7313e-05 0.00534552 300 9.11854
1430 3.2481e-05 0.0058858 400 8.38574
1430 3.02107e-05 0.00610341 500 8.74126
1430 3.03193e-05 0.00451564 600 8.52273
1430 1.66537e-05 0.00229472 700 8.86076
1430 1.63434e-05 0.00144147 800 7.98403
1440 4.85834e-05 0.00305171 100 7.19424
1440 4.83992e-05 0.0036858 200 8.54701
1440 4.44551e-05 0.00562858 300 9.03614
1440 3.0174e-05 0.00546147 400 8.40336
1440 3.30884e-05 0.00527239 500 8.726
1440 2.34879e-05 0.0036212 600 8.52273
1440 1.2222e-05 0.00192522 700 8.86076
1440 1.09354e-05 0.001074 800 7.96813
1450 5.73601e-05 0.0030285 100 7.04225
1450 4.88283e-05 0.00373453 200 8.54701
1450 4.63514e-05 0.00555055 300 8.84956
1450 3.13131e-05 0.00509263 400 8.40336
1450 2.88213e-05 0.00476955 500 8.726
1450 2.31041e-05 0.00311806 600 8.53485
1450 1.02518e-05 0.00169779 700 8.86076
1450 1.04654e-05 0.000869185 800 7.96813
1460 5.67332e-05 0.0041808 100 6.99301
1460 5.59932e-05 0.00470686 200 8.51064
1460 4.53694e-05 0.00622078 300 8.40336
1460 2.73504e-05 0.0052857 400 8.38574
1460 2.71339e-05 0.00484252 500 8.7108
1460 2.05234e-05 0.00317356 600 8.53485
1460 7.89183e-06 0.00194615 700 8.84956
1460 8.18874e-06 0.000937292 800 7.96813
1470 6.01994e-05 0.00456187 100 6.94444
1470 4.7904e-05 0.00502705 200 8.51064
1470 4.39155e-05 0.00614352 300 7.87402
1470 2.86282e-05 0.00556256 400 8.3682
1470 2.46861e-05 0.00512948 500 8.7108
1470 1.68361e-05 0.00334165 600 8.53485
1470 1.26331e-05 0.00218758 700 8.83838
1470 1.53805e-05 0.000914528 800 7.96813
1480 5.45916e-05 0.00351791 100 6.94444
1480 4.80903e-05 0.004065 200 8.51064
1480 3.62486e-05 0.00538423 300 7.73196
1480 2.77292e-05 0.00508627 400 8.3682
1480 2.5259e-05 0.0048657 500 8.69565
1480 2.03777e-05 0.00294251 600 8.54701
1480 1.08288e-05 0.0020227 700 8.82724
1480 8.88687e-06 0.000655335 800 7.9602
1490 5.28158e-05 0.00450474 100 6.94444
1490 4.91932e-05 0.00435157 200 8.54701
1490 2.80024e-05 0.00537492 300 7.73196
1490 2.46269e-05 0.00504204 400 8.3682
1490 2.3781e-05 0.0046485 500 8.63558
1490 1.20981e-05 0.00285271 600 8.5592
1490 1.22618e-05 0.00205238 700 8.82724
1490 6.45936e-06 0.000560458 800 7.96813
1500 0.000114825 0.00934453 100 7.04225
1500 6.02987e-05 0.0086562 200 8.62069
1500 4.05599e-05 0.00844504 300 7.79221
1500 2.53131e-05 0.00712162 400 8.38574
1500 1.62239e-05 0.00579583 500 8.48896
1500 8.45729e-06 0.00414563 600 8.59599
1500 1.19808e-05 0.00322645 700 8.80503
1500 9.65053e-06 0.00107953 800 7.98403
1510 0.000326871 0.0370285 100 7.24638
1510 0.000180806 0.0356637 200 8.73362
1510 0.000118341 0.0321513 300 7.87402
1510 8.59664e-05 0.0278571 400 8.43882
1510 5.33473e-05 0.0228369 500 8.33333
1510 5.45515e-05 0.0145016 600 8.64553
1510 5.20577e-05 0.010155 700 8.77193
1510 3.59291e-05 0.00374975 800 8.00801
1520 6.62338e-05 0.00478885 100 7.46269
1520 5.16174e-05 0.00470746 200 8.84956
1520 3.35935e-05 0.0054098 300 7.97872
1520 2.64643e-05 0.00557356 400 8.51064
1520 2.55593e-05 0.00456941 500 8.33333
1520 1.32727e-05 0.00275055 600 8.69565
1520 1.9926e-05 0.00231014 700 7.87402
1520 1.72634e-06 0.000435499 800 8.0402
1530 6.38512e-05 0.00488039 100 7.87402
1530 5.54584e-05 0.00507496 200 9.09091
1530 3.33164e-05 0.00548758 300 8.10811
1530 2.7756e-05 0.00551224 400 8.62069
1530 2.40005e-05 0.00436074 500 8.40336
1530 1.39776e-05 0.00269113 600 8.78477
1530 2.08567e-05 0.00221614 700 7.87402
1530 3.22968e-06 0.000408068 800 8.08898
1540 7.64283e-05 0.00804778 100 8.40336
1540 6.0051e-05 0.00753892 200 9.43396
1540 3.55476e-05 0.00717362 300 8.31025
1540 2.58375e-05 0.00678175 400 8.77193
1540 2.00375e-05 0.00546108 500 8.51789
1540 1.24754e-05 0.00365477 600 8.88889
1540 2.62024e-05 0.00283357 700 7.92752
1540 7.81633e-06 0.00066909 800 8.15494
1550 7.14295e-05 0.00577126 100 9.00901
1550 5.80832e-05 0.00576029 200 9.7561
1550 2.80024e-05 0.00566578 300 8.49858
1550 2.3952e-05 0.00550903 400 8.90869
1550 2.12614e-05 0.00439355 500 8.62069
1550 7.63415e-06 0.00295808 600 8.9955
1550 2.349e-05 0.00234957 700 7.99087
1550 3.05176e-06 0.000506918 800 8.22199
1560 7.42125e-05 0.00318346 100 9.61539
1560 5.20772e-05 0.0042793 200 10.0503
1560 2.61433e-05 0.00457027 300 8.67052
1560 2.56349e-05 0.00480969 400 9.04977
1560 2.70987e-05 0.00369765 500 8.726
1560 1.23419e-05 0.00226411 600 9.09091
1560 2.12496e-05 0.00180391 700 8.03674
1560 2.11432e-06 0.000283369 800 8.28157
1570 5.48095e-05 0.00347225 100 10
1570 4.88283e-05 0.00377966 200 10.2564
1570 2.43054e-05 0.0040486 300 8.79765
1570 2.18367e-05 0.00442687 400 9.13242
1570 2.33969e-05 0.00362828 500 8.78735
1570 1.19604e-05 0.00242496 600 9.16031
1570 2.36552e-05 0.00185388 700 8.06452
1570 1.2207e-06 0.000353888 800 8.31601
1580 6.36642e-05 0.0021614 100 10.4167
1580 4.63869e-05 0.00344255 200 10.2564
1580 2.79077e-05 0.00389266 300 8.87574
1580 2.90929e-05 0.00436978 400 9.1954
1580 2.59481e-05 0.00339061 500 8.83392
1580 1.04218e-05 0.00223231 600 9.20245
1580 1.69434e-05 0.00158868 700 8.08314
1580 4.00234e-06 0.000287049 800 8.35073
1590 6.01994e-05 0.00275968 100 10.6383
1590 4.24272e-05 0.00301487 200 10.0503
1590 2.18366e-05 0.0032325 300 8.92857
1590 2.19388e-05 0.00329948 400 9.23787
1590 1.88859e-05 0.00280241 500 8.88099
1590 9.76564e-06 0.00216429 600 9.23077
1590 1.84158e-05 0.00145769 700 8.10185
1590 4.6483e-06 0.000275824 800 8.3682
1600 4.70882e-05 0.00227827 100 10.7527
1600 5.15017e-05 0.00365928 200 9.43396
1600 3.00998e-05 0.00418697 300 8.92857
1600 3.09782e-05 0.004899 400 9.25926
1600 3.27116e-05 0.00367927 500 8.8968
1600 1.51376e-05 0.00259211 600 9.24499
1600 1.75361e-05 0.00162333 700 8.11124
1600 1.0729e-05 0.000293074 800 8.37696
1610 4.90717e-05 0.00235611 100 10.7527
1610 4.17189e-05 0.00362141 200 8.51064
1610 3.07958e-05 0.00412689 300 8.95522
1610 2.72686e-05 0.00476434 400 9.25926
1610 2.23547e-05 0.00338666 500 8.91266
1610 1.58431e-05 0.00258026 600 9.24499
1610 2.41941e-05 0.00142457 700 8.12065
1610 9.35653e-06 0.0002866 800 8.37696
1620 4.70882e-05 0.00274183 100 10.8696
1620 3.93666e-05 0.0037834 200 8.19672
1620 2.8518e-05 0.00441789 300 8.95522
1620 2.58087e-05 0.00497274 400 9.25926
1620 1.91616e-05 0.00351481 500 8.94454
1620 1.7225e-05 0.00289333 600 9.24499
1620 1.57991e-05 0.00136288 700 8.12065
1620 7.57428e-06 0.000450006 800 8.3682
1630 4.73407e-05 0.00221757 100 10.8696
1630 4.03388e-05 0.00413753 200 8.13008
1630 3.92657e-05 0.00546568 300 8.92857
1630 3.44622e-05 0.00636551 400 9.1954
1630 2.81347e-05 0.00424405 500 8.96057
1630 2.38517e-05 0.0035775 600 9.21659
1630 1.52666e-05 0.00159787 700 8.12065
1630 8.58842e-06 0.000568547 800 8.3682
1640 4.14321e-05 0.00208749 100 10.8696
1640 3.14554e-05 0.0037681 200 8.16327
1640 2.93873e-05 0.00489938 300 8.92857
1640 2.76485e-05 0.00530182 400 8.90869
1640 2.1194e-05 0.00360323 500 8.96057
1640 2.10963e-05 0.00331647 600 9.17431
1640 9.8401e-06 0.0012882 700 8.12065
1640 7.6233e-06 0.000711657 800 8.37696
1650 5.87969e-05 0.00227309 100 10.7527
1650 3.0978e-05 0.00403134 200 8.19672
1650 3.10954e-05 0.00541039 300 8.87574
1650 2.87839e-05 0.00542954 400 8.58369
1650 1.98221e-05 0.00364676 500 8.97666
1650 2.59783e-05 0.00368348 600 8.94188
1650 9.30642e-06 0.00127719 700 8.11124
1650 7.11787e-06 0.000938549 800 8.37696
1660 5.96024e-05 0.0025949 100 10.5263
1660 3.16443e-05 0.00407582 200 8.19672
1660 3.37116e-05 0.00561349 300 8.84956
1660 3.1715e-05 0.00537104 400 8.51064
1660 1.87083e-05 0.00373425 500 8.97666
1660 3.54921e-05 0.00367132 600 7.82269
1660 8.51463e-06 0.00125241 700 8.11124
1660 8.12021e-06 0.000872135 800 8.3682
1670 5.73601e-05 0.00269608 100 10.2041
1670 2.90928e-05 0.00385106 200 8.23045
1670 3.31969e-05 0.00504956 300 8.82353
1670 2.93479e-05 0.00460051 400 8.49257
1670 1.9774e-05 0.00332318 500 8.97666
1670 3.11809e-05 0.00299313 600 7.79221
1670 7.64123e-06 0.00103575 700 8.11124
1670 1.03939e-05 0.000894694 800 8.35073
1680 5.52428e-05 0.00242401 100 9.70874
1680 3.55475e-05 0.00401632 200 8.23045
1680 3.55848e-05 0.00516504 300 8.82353
1680 2.90416e-05 0.00451968 400 8.49257
1680 2.10586e-05 0.00343858 500 8.97666
1680 2.90019e-05 0.00281438 600 7.7821
1680 1.03463e-05 0.00108215 700 8.11124
1680 1.11212e-05 0.000981849 800 8.34202
1690 6.45937e-05 0.00218267 100 8.62069
1690 4.22865e-05 0.00364894 200 8.19672
1690 4.11758e-05 0.00505842 300 8.82353
1690 3.67027e-05 0.00410747 400 8.51064
1690 2.3881e-05 0.00329821 500 8.97666
1690 2.59145e-05 0.00256707 600 7.7821
1690 1.61494e-05 0.00102669 700 8.11124
1690 1.30193e-05 0.00096576 800 8.33333
1700 5.52428e-05 0.0031563 100 7.04225
1700 4.22865e-05 0.00395212 200 8.19672
1700 3.84475e-05 0.00541569 300 8.79765
1700 3.61092e-05 0.00417661 400 8.51064
1700 2.50505e-05 0.00364968 500 8.96057
1700 3.11596e-05 0.00255521 600 7.7821
1700 1.58145e-05 0.00111978 700 8.10185
1700 1.39717e-05 0.0012002 800 8.33333
1710 4.58049e-05 0.00335002 100 6.49351
1710 4.3193e-05 0.00389902 200 8.16327
1710 3.85851e-05 0.00520997 300 8.77193
1710 3.12416e-05 0.00359981 400 8.52878
1710 2.44337e-05 0.00331681 500 8.94454
1710 2.03614e-05 0.00196871 600 7.7821
1710 1.34538e-05 0.00089317 700 8.09249
1710 1.25383e-05 0.00127426 800 8.33333
1720 3.08816e-05 0.0041976 100 6.41026
1720 2.04263e-05 0.00383954 200 8.13008
1720 2.59908e-05 0.00348867 300 8.69565
1720 2.50766e-05 0.00240008 400 8.54701
1720 2.12165e-05 0.00242084 500 8.92857
1720 1.80511e-05 0.00140767 600 7.77202
1720 1.76053e-05 0.00138511 700 8.08314
1720 2.16312e-05 0.00264985 800 8.33333
1730 3.45267e-05 0.00346529 100 6.45161
1730 3.83698e-05 0.00428827 200 8.13008
1730 3.81709e-05 0.00498506 300 8.37989
1730 2.9297e-05 0.00348565 400 8.54701
1730 2.76733e-05 0.0037047 500 8.86525
1730 1.46259e-05 0.00188631 600 7.77202
1730 1.37578e-05 0.00124584 700 8.09249
1730 1.57869e-05 0.00199127 800 8.32466
1740 2.01324e-05 0.00379548 100 6.53595
1740 2.56057e-05 0.00376012 200 8.13008
1740 3.66845e-05 0.00345964 300 8.02139
1740 2.20404e-05 0.00257014 400 8.58369
1740 3.04465e-05 0.00337705 500 8.69565
1740 1.79037e-05 0.0017938 600 7.7821
1740 1.54409e-05 0.00177661 700 8.10185
1740 2.07163e-05 0.0028455 800 8.31601
1750 5.67332e-05 0.00357631 100 6.62252
1750 4.87061e-05 0.00519815 200 8.13008
1750 4.64656e-05 0.00539338 300 7.97872
1750 3.49559e-05 0.0039919 400 8.62069
1750 4.65494e-05 0.00475549 500 7.44048
1750 1.77924e-05 0.00234277 600 7.79221
1750 1.26716e-05 0.00170917 700 8.11124
1750 1.61716e-05 0.00231359 800 8.32466
1760 3.65396e-05 0.00400346 100 6.71141
1760 3.52105e-05 0.00403767 200 8.16327
1760 4.02978e-05 0.00356401 300 7.97872
1760 2.86282e-05 0.00295325 400 8.65801
1760 4.35428e-05 0.00371982 500 7.4184
1760 1.36661e-05 0.00214669 600 7.80234
1760 1.94565e-05 0.00225166 700 8.12065
1760 2.138e-05 0.00330302 800 8.34202
1770 4.78416e-05 0.00361412 100 6.84932
1770 4.72147e-05 0.00387114 200 8.23045
1770 4.19407e-05 0.00356798 300 8.0429
1770 2.82351e-05 0.00322716 400 8.69565
1770 4.10163e-05 0.00363982 500 7.42942
1770 1.49616e-05 0.00222948 600 7.8329
1770 2.00235e-05 0.00219111 700 8.13008
1770 2.02065e-05 0.00303064 800 8.3682
1780 6.01994e-05 0.00407873 100 7.04225
1780 4.85836e-05 0.00425234 200 8.3682
1780 4.52817e-05 0.00392668 300 8.10811
1780 3.08577e-05 0.0037898 400 8.77193
1780 4.14098e-05 0.0039277 500 7.46269
1780 1.97673e-05 0.00258898 600 7.87402
1780 1.755e-05 0.002437 700 8.15851
1780 2.05719e-05 0.00322103 800 8.40336
1790 4.02647e-05 0.00484278 100 7.24638
1790 4.02648e-05 0.0047843 200 8.54701
1790 4.1719e-05 0.00408149 300 8.21918
1790 2.77292e-05 0.00374641 400 8.86918
1790 3.86211e-05 0.00365558 500 7.5188
1790 1.58222e-05 0.00236299 600 7.92602
1790 2.11117e-05 0.0025232 700 8.19672
1790 2.18539e-05 0.00352355 800 8.44773
1800 6.00011e-05 0.00295009 100 7.57576
1800 4.73408e-05 0.003284 200 8.73362
1800 4.44551e-05 0.00266961 300 8.35655
1800 3.06639e-05 0.00322664 400 8.96861
1800 3.5655e-05 0.00349228 500 7.58725
1800 2.19728e-05 0.00265975 600 7.97872
1800 2.38089e-05 0.00296253 700 8.24499
1800 2.38432e-05 0.00398757 800 8.50159
1810 7.22592e-05 0.00195957 100 7.93651
1810 5.21915e-05 0.00330372 200 9.00901
1810 5.72452e-05 0.00260552 300 8.52273
1810 3.18088e-05 0.00324164 400 9.11162
1810 3.54942e-05 0.00347059 500 7.65697
1810 2.22126e-05 0.00267808 600 8.05369
1810 2.2614e-05 0.00295203 700 8.31354
1810 2.30406e-05 0.0039537 800 8.56531
1820 7.19285e-05 0.00174969 100 8.47458
1820 5.16751e-05 0.00381387 200 9.30233
1820 4.77589e-05 0.00299059 300 8.72093
1820 3.20655e-05 0.0035136 400 9.25926
1820 3.48844e-05 0.00352863 500 7.75194
1820 2.17608e-05 0.00258433 600 8.13008
1820 2.29981e-05 0.00286076 700 8.38323
1820 2.24094e-05 0.00390192 800 8.62999
1830 8.42907e-05 0.00236531 100 9.00901
1830 5.66809e-05 0.0048043 200 9.61539
1830 5.1982e-05 0.00392777 300 8.90208
1830 3.36306e-05 0.00425319 400 9.41177
1830 3.46099e-05 0.00392718 500 7.83699
1830 2.33323e-05 0.00272561 600 8.20793
1830 2.13638e-05 0.00281993 700 8.46433
1830 2.25007e-05 0.00375973 800 8.69565
1840 7.61157e-05 0.00180582 100 9.61539
1840 5.19052e-05 0.00406817 200 9.95025
1840 4.70041e-05 0.00326431 300 9.11854
1840 3.33637e-05 0.00382842 400 9.56938
1840 3.77469e-05 0.00354823 500 7.92393
1840 2.28157e-05 0.00262937 600 8.28729
1840 2.2387e-05 0.0029258 700 8.53659
1840 2.23595e-05 0.00400198 800 8.77193
1850 7.88845e-05 0.00186789 100 10.2041
1850 5.62057e-05 0.00439707 200 10.3093
1850 4.85838e-05 0.0034761 300 9.28793
1850 3.30495e-05 0.0040604 400 9.70874
1850 3.4665e-05 0.00358546 500 8.01282
1850 2.28157e-05 0.00268004 600 8.35655
1850 2.088e-05 0.00294124 700 8.61009
1850 2.33138e-05 0.00398404 800 8.83002
1860 6.80098e-05 0.00177782 100 10.7527
1860 4.42832e-05 0.00350851 200 10.5263
1860 4.156e-05 0.00223224 300 9.43396
1860 2.87839e-05 0.00292607 400 9.82801
1860 2.50885e-05 0.00252465 500 8.06452
1860 1.9784e-05 0.00205206 600 8.40336
1860 2.18034e-05 0.00279411 700 8.66337
1860 2.40687e-05 0.00405691 800 8.87902
1870 5.75676e-05 0.00266111 100 10.8696
1870 4.75293e-05 0.00428322 200 10.582
1870 3.97351e-05 0.00269452 300 9.52381
1870 2.82615e-05 0.00329465 400 9.85222
1870 2.25247e-05 0.00244128 500 8.09062
1870 1.86111e-05 0.00195405 600 8.42697
1870 2.15903e-05 0.00295066 700 8.68486
1880 5.50266e-05 0.00419419 100 10.8696
1880 4.69616e-05 0.00496181 200 10.1523
1880 3.66845e-05 0.00318542 300 9.55414
1880 3.25727e-05 0.00382751 400 9.80392
1880 2.00613e-05 0.00252098 500 8.09062
1880 1.85755e-05 0.00223202 600 8.42697
1880 2.30087e-05 0.0032961 700 8.6741
1890 4.95552e-05 0.00533344 100 10.6383
1890 4.68981e-05 0.0050018 200 9.04977
1890 3.38684e-05 0.00302983 300 9.52381
1890 3.54428e-05 0.00396898 400 9.54654
1890 1.91118e-05 0.00213209 500 8.07754
1890 1.93611e-05 0.00222302 600 8.42697
1890 2.28069e-05 0.0033019 700 8.64198
1900 4.08526e-05 0.0055312 100 10.4167
1900 4.75919e-05 0.00450166 200 8.81057
1900 2.67443e-05 0.00309025 300 9.52381
1900 4.91635e-05 0.00423252 400 7.64818
1900 1.65152e-05 0.0024295 500 8.05153
1900 1.89811e-05 0.00279859 600 8.41515
1900 2.57245e-05 0.00403087 700 8.63132
1910 3.62119e-05 0.00590068 100 10.2041
1910 4.2216e-05 0.00439538 200 8.73362
1910 2.31326e-05 0.00276673 300 9.52381
1910 4.79201e-05 0.00326214 400 7.57576
1910 1.6999e-05 0.00197699 500 8.03859
1910 2.30324e-05 0.00272446 600 8.37989
1910 2.66353e-05 0.00418226 700 8.62069
1920 4.90717e-05 0.00619744 100 10.2041
1920 4.02648e-05 0.00449375 200 8.73362
1920 2.8191e-05 0.00340095 300 9.52381
1920 4.49517e-05 0.00372911 400 7.56144
1920 1.88353e-05 0.00273136 500 8.05153
1920 2.60546e-05 0.00345204 600 8.3682
1920 2.78499e-05 0.00485868 700 8.62069
1930 4.25674e-05 0.00684243 100 10.2041
1930 3.89097e-05 0.00422717 200 8.77193
1930 2.70888e-05 0.00333454 300 9.52381
1930 3.584e-05 0.00341239 400 7.56144
1930 1.91616e-05 0.00265122 500 8.05153
1930 2.85067e-05 0.00358372 600 8.35655
1930 2.87102e-05 0.0050879 700 8.63132
1940 2.92969e-05 0.00668964 100 10.2041
1940 3.90626e-05 0.00372922 200 8.81057
1940 2.68432e-05 0.00324779 300 9.52381
1940 3.54428e-05 0.00328851 400 7.57576
1940 1.91865e-05 0.00297435 500 8.05153
1940 2.9184e-05 0.00412814 600 8.3682
1940 3.24346e-05 0.0058964 700 8.64198
1950 3.71864e-05 0.00673402 100 10.2041
1950 3.86792e-05 0.00320111 200 8.84956
1950 3.21427e-05 0.0036175 300 9.52381
1950 3.85831e-05 0.00338762 400 7.57576
1950 2.15731e-05 0.00341257 500 8.03859
1950 3.09891e-05 0.00477768 600 8.3682
1950 3.24796e-05 0.00650894 700 8.65266
1960 4.85834e-05 0.00698928 100 10.101
1960 3.99676e-05 0.0029081 200 8.88889
1960 2.93873e-05 0.00360051 300 9.49367
1960 2.63797e-05 0.00318313 400 7.57576
1960 2.31098e-05 0.00331813 500 8.03859
1960 3.06884e-05 0.00484384 600 8.37989
1970 5.73601e-05 0.00601642 100 9.43396
1970 3.38292e-05 0.00245323 200 8.96861
1970 2.93421e-05 0.00302384 300 9.46372
1970 2.06801e-05 0.00268769 400 7.59013
1970 2.25881e-05 0.00322873 500 8.05153
1970 3.24099e-05 0.0049766 600 8.37989
1980 5.85938e-05 0.00521602 100 8
1980 4.09255e-05 0.00217943 200 9.00901
1980 4.3552e-05 0.00412037 300 9.28793
1980 2.48677e-05 0.00368947 400 7.59013
1980 2.67088e-05 0.00445865 500 8.06452
1980 3.44889e-05 0.00616034 600 8.3682
1990 6.47779e-05 0.00463663 100 7.63359
1990 2.96005e-05 0.00190243 200 9.04977
1990 5.19565e-05 0.00387454 300 7.109
1990 2.32576e-05 0.0031712 400 7.60456
1990 2.75524e-05 0.0043002 500 8.07754
1990 3.35545e-05 0.00599098 600 8.3682
2000 6.93979e-05 0.00475592 100 7.5188
2000 3.43537e-05 0.00268811 200 9.13242
2000 6.96848e-05 0.00493465 300 6.97674
2000 2.92206e-05 0.00433175 400 7.60456
2000 3.27844e-05 0.00540879 500 8.07754
2000 3.59003e-05 0.00713244 600 8.37989
2010 5.07437e-05 0.00515531 100 7.57576
2010 4.34681e-05 0.00411644 200 9.13242
2010 7.13937e-05 0.00612917 300 6.94444
2010 3.10502e-05 0.00559166 400 7.61905
2010 3.57752e-05 0.00678828 500 8.06452
2010 3.8336e-05 0.0084965 600 8.39161
2020 5.0034e-05 0.0038297 100 7.57576
2020 4.37415e-05 0.00367499 200 9.17431
2020 5.95809e-05 0.00543288 300 6.94444
2020 3.15973e-05 0.00550374 400 7.63359
2020 4.09465e-05 0.00688738 500 8.05153
2020 3.93169e-05 0.00873534 600 8.40336
2030 5.3041e-05 0.00271614 100 7.63359
2030 4.29161e-05 0.00317616 200 9.13242
2030 5.46649e-05 0.00470377 300 6.94444
2030 2.20066e-05 0.005091 400 7.63359
2030 4.06543e-05 0.00665773 500 8.05153
2030 3.96023e-05 0.00869125 600 8.40336
2040 5.50266e-05 0.000917567 100 7.69231
2040 4.50175e-05 0.00318071 200 9.13242
2040 6.76006e-05 0.00472947 300 6.94444
2040 2.92461e-05 0.00544146 400 7.61905
2040 4.04308e-05 0.00710529 500 8.05153
2040 4.00678e-05 0.00921128 600 8.41515
2050 5.839e-05 0.000936513 100 7.75194
2050 4.7025e-05 0.00438069 200 9.13242
2050 4.51352e-05 0.00556409 300 6.96056
2050 2.94239e-05 0.00626654 400 7.61905
2050 4.10976e-05 0.00803779 500 8.06452
2060 4.55439e-05 0.00182365 100 7.93651
2060 4.01165e-05 0.00481781 200 9.17431
2060 4.37644e-05 0.0058252 300 6.99301
2060 2.98013e-05 0.00646827 400 7.64818
2060 4.2027e-05 0.00827574 500 8.09062
2070 5.56727e-05 0.00293238 100 8.19672
2070 4.93746e-05 0.00613813 200 9.30233
2070 4.13683e-05 0.0069672 300 7.05882
2070 3.17385e-05 0.00765471 400 7.70713
2070 4.38593e-05 0.00939778 500 8.14332
2080 5.65227e-05 0.00306824 100 8.62069
2080 5.14438e-05 0.0063885 200 9.47867
2080 3.80667e-05 0.00723614 300 7.14286
2080 3.43539e-05 0.0080167 400 7.79727
2080 4.52612e-05 0.00982655 500 8.21018
2090 5.3041e-05 0.00302764 100 9.25926
2090 5.80832e-05 0.00632936 200 9.7561
2090 4.04291e-05 0.00711575 300 7.26392
2090 3.38073e-05 0.00791235 400 7.90514
2090 4.34661e-05 0.00959683 500 8.30565
2100 6.5145e-05 0.00389613 100 9.90099
2100 7.3891e-05 0.00753219 200 9.95025
2100 3.58814e-05 0.00787499 300 7.38916
2100 3.77633e-05 0.00880214 400 8.01603
2100 4.46673e-05 0.0104368 500 8.38926
2110 8.03815e-05 0.00430087 100 10.5263
2110 7.34866e-05 0.00812116 200 9.95025
2110 3.17697e-05 0.0081856 300 7.5
2110 4.11981e-05 0.00924366 400 8.11359
2110 4.42059e-05 0.010685 500 8.47458
2120 8.3723e-05 0.00547396 100 10.989
2120 9.46827e-05 0.00925775 200 6.84932
2120 4.44849e-05 0.00887128 300 7.57576
2120 4.47856e-05 0.0102894 400 8.17996
2120 4.86532e-05 0.0120804 500 8.51789
2130 7.61157e-05 0.00712199 100 11.236
2130 0.000115603 0.0101079 200 6.68896
2130 3.9835e-05 0.00936776 300 7.59494
2130 4.00425e-05 0.0103971 400 8.21355
2130 4.69167e-05 0.0119563 500 8.54701
2140 9.04313e-05 0.00826988 100 11.3636
2140 0.000100604 0.010735 200 6.64452
2140 4.26299e-05 0.00991911 300 7.61421
2140 4.3776e-05 0.0109696 400 8.19672
2140 4.6416e-05 0.0125879 500 8.56164
2150 8.34378e-05 0.0067963 100 11.3636
2150 8.16695e-05 0.00860565 200 6.62252
2150 3.57334e-05 0.00845362 300 7.61421
2150 4.84767e-05 0.00976572 400 8.14664
2150 4.69574e-05 0.0115232 500 8.56164
2160 9.00349e-05 0.00755401 100 11.236
2160 8.20699e-05 0.00867312 200 6.62252
2160 2.62444e-05 0.00850039 300 7.59494
2160 4.3827e-05 0.00954114 400 8.13008
2160 4.39353e-05 0.011161 500 8.56164
2170 7.93365e-05 0.00780105 100 11.1111
2170 9.54351e-05 0.00811977 200 6.60066
2170 2.78126e-05 0.00826496 300 7.57576
2170 4.88594e-05 0.00964888 400 8.13008
2170 4.72308e-05 0.011568 500 8.54701
2180 6.07906e-05 0.00722819 100 10.8696
2180 3.82921e-05 0.00720523 200 6.57895
2180 2.96565e-05 0.0073274 300 7.53769
2180 5.10666e-05 0.00911637 400 8.13008
2190 5.63114e-05 0.00784529 100 10.5263
2190 4.24272e-05 0.00743223 200 6.55738
2190 2.8238e-05 0.00741886 300 7.5188
2190 4.75768e-05 0.0086964 400 8.09717
2200 8.70733e-05 0.00628643 100 9.90099
2200 2.86801e-05 0.00631643 200 6.53595
2200 3.5022e-05 0.00673029 300 7.5188
2200 4.778e-05 0.00829523 400 8.06452
2210 0.000119105 0.00639855 100 4.90196
2210 3.45268e-05 0.00566959 200 6.51466
2210 4.00009e-05 0.00654281 300 7.5188
2210 4.67075e-05 0.00824987 400 8.03213
2220 0.00017097 0.00679503 100 4.69484
2220 4.46185e-05 0.00659642 200 6.49351
2220 5.08485e-05 0.00780876 300 7.4813
2220 5.73223e-05 0.00988516 400 8.03213
2230 8.22868e-05 0.00546679 100 4.65116
2230 3.99676e-05 0.0051889 200 6.49351
2230 4.46038e-05 0.00567707 300 7.44417
2230 4.83998e-05 0.00739544 400 8.03213
2240 9.35416e-05 0.00454348 100 4.65116
2240 3.53794e-05 0.00510656 200 6.51466
2240 4.86655e-05 0.00605263 300 7.42574
2240 5.39335e-05 0.00823593 400 8.04829
2250 5.81855e-05 0.00510614 100 4.65116
2250 8.80262e-06 0.00514463 200 6.51466
2250 5.6312e-05 0.0061896 300 7.42574
2250 5.20063e-05 0.00843915 400 8.06452
2260 9.9351e-05 0.00562858 100 4.6729
2260 2.79432e-05 0.00531555 200 6.51466
2260 5.85945e-05 0.00695841 300 7.44417
2260 6.13168e-05 0.00943345 400 8.06452
2270 2.58374e-05 0.00663626 100 4.6729
2270 3.62942e-05 0.00523199 200 6.49351
2270 5.82772e-05 0.0072306 300 7.46269
2280 5.3711e-05 0.00699928 100 4.71698
2280 5.06851e-05 0.00563397 200 6.53595
2280 6.44508e-05 0.0084243 300 7.4813
2290 6.90535e-05 0.00944036 100 4.7619
2290 5.33772e-05 0.00797876 200 6.57895
2290 6.96658e-05 0.0101255 300 7.5188
2300 9.76566e-05 0.00665443 100 4.85437
2300 6.31475e-05 0.00543461 200 6.68896
2300 7.10216e-05 0.00854688 300 7.57576
2310 0.00010219 0.00795073 100 5
2310 7.78966e-05 0.00664824 200 6.82594
2310 7.14308e-05 0.00922722 300 7.69231
2320 9.61806e-05 0.00681944 100 5.18135
2320 7.782e-05 0.00548459 200 7.01754
2320 7.19297e-05 0.00833977 300 7.8329
2330 0.000107311 0.0084945 100 5.43478
2330 7.1846e-05 0.00719564 200 7.24638
2330 7.51892e-05 0.00961514 300 8.02139
2340 0.000113046 0.00749909 100 5.74713
2340 7.33242e-05 0.0064174 200 7.5188
2340 7.55407e-05 0.00924929 300 8.24176
2350 0.000128818 0.00562844 100 6.09756
2350 7.7705e-05 0.00542173 200 7.8125
2350 7.66375e-05 0.00888413 300 8.47458
2360 0.000104497 0.00874275 100 6.49351
2360 7.16799e-05 0.0074618 200 8.13008
2360 7.52596e-05 0.00991527 300 8.72093
2370 0.000115239 0.00674034 100 6.94444
2370 7.38103e-05 0.00590726 200 8.47458
2370 7.53827e-05 0.00902413 300 8.98204
2380 0.000108746 0.00758623 100 7.46269
2380 7.18875e-05 0.0064376 200 8.84956
2380 7.48537e-05 0.00921137 300 9.25926
2390 0.000119105 0.0064103 100 8.06452
2390 7.49324e-05 0.00571058 200 9.25926
2390 7.59429e-05 0.008931 300 9.55414
2400 0.000115961 0.00696114 100 8.77193
2400 7.44536e-05 0.00614568 200 9.70874
2400 7.62389e-05 0.00916183 300 9.86842
2410 0.000129003 0.00557098 100 9.43396
2410 7.92996e-05 0.00486575 200 10.101
2410 7.0045e-05 0.00831174 300 10.101
2420 0.000154332 0.00625146 100 10
2420 9.85691e-05 0.00733374 200 10.3627
2420 8.87929e-05 0.00995613 300 10.3093
2430 0.000160095 0.00535998 100 10.4167
2430 0.000100723 0.00678282 200 10.582
2430 8.28022e-05 0.00958484 300 10.453
2440 0.000145833 0.00526503 100 10.6383
2440 8.59718e-05 0.00579385 200 10.582
2440 8.29301e-05 0.00839339 300 10.5263
2450 0.000132558 0.0057116 100 10.6383
2450 8.18518e-05 0.00573004 200 10.5263
2450 8.04985e-05 0.00827888 300 10.5634
2460 7.12625e-05 0.00427336 100 10.6383
2460 7.91114e-05 0.00495319 200 10.4712
2460 7.14864e-05 0.00765544 300 10.6007
2470 0.000126484 0.00620558 100 10.6383
2470 8.89702e-05 0.00788491 200 10.5263
2470 8.11214e-05 0.0100987 300 10.6007
2480 7.81252e-05 0.00254733 100 10.5263
2480 7.7282e-05 0.00584501 200 10.5263
2490 5.94021e-05 0.001814 100 10.5263
2490 7.28348e-05 0.00582557 200 10.5263
2500 5.02717e-05 0.00241725 100 10.5263
2500 7.13047e-05 0.00546575 200 10.4712
2510 6.85337e-05 0.00827221 100 10.6383
2510 7.54872e-05 0.00942313 200 10.4167
2520 5.98021e-05 0.00419991 100 10.6383
2520 6.4594e-05 0.00608898 200 10.4167
2530 6.2721e-05 0.00614162 100 10.5263
2530 6.32889e-05 0.00743828 200 10.4167
2540 6.47779e-05 0.00677034 100 10.2041
2540 6.3336e-05 0.0079363 200 10.4167
2550 0.00012928 0.00802879 100 10.101
2550 9.17735e-05 0.0107047 200 10.4712
2560 0.00013914 0.0091824 100 10.2041
2560 0.000105464 0.0120389 200 10.5263
2570 0.000119804 0.00969155 100 10.3093
2570 8.93046e-05 0.0115926 200 10.582
2580 0.000113677 0.00892888 100 10.4167
2590 0.000111131 0.00850809 100 10.3093
2600 9.31585e-05 0.00586373 100 10.101
2610 0.000115549 0.0071304 100 10
2620 7.75124e-05 0.00810625 100 10.101
2630 8.84318e-05 0.0100588 100 10.3093
2640 6.5145e-05 0.00762832 100 10.5263
2650 5.96024e-05 0.00706165 100 10.6383
2660 6.92259e-05 0.00573589 100 10.6383
