0 4.63225e-05 0.0040391 100 12.1951
0 8.21425e-05 0.00183394 200 15.3846
0 7.04034e-05 0.00597337 300 17.5439
0 8.06254e-05 0.010419 400 19.1388
0 8.47537e-05 0.0154873 500 20.3252
0 7.81449e-05 0.0197803 600 21.1268
0 7.70651e-05 0.0232085 700 21.8069
0 7.12458e-05 0.0264294 800 22.2841
10 5.77743e-05 0.00350253 100 12.987
10 7.37699e-05 0.00303387 200 16.129
10 7.97379e-05 0.00700062 300 18.1818
10 8.51214e-05 0.0116052 400 19.7044
10 8.92868e-05 0.0166755 500 20.8333
10 8.0009e-05 0.02073 600 21.5827
10 8.00246e-05 0.0240741 700 22.2222
10 7.03084e-05 0.0272258 800 22.6629
20 6.13761e-05 0.00426532 100 13.8889
20 7.59202e-05 0.00251907 200 16.9492
20 8.05314e-05 0.00644389 300 18.8679
20 8.27058e-05 0.0111734 400 20.3046
20 8.77402e-05 0.0161799 500 21.3675
20 8.12743e-05 0.0199654 600 22.1402
20 7.82001e-05 0.0234674 700 22.6537
20 6.93718e-05 0.0263571 800 23.1214
30 8.70733e-05 0.00322647 100 14.9254
30 9.13503e-05 0.00492245 200 17.8571
30 8.49189e-05 0.00928165 300 19.6078
30 8.6027e-05 0.014018 400 21.0526
30 9.2447e-05 0.0189752 500 22.0264
30 8.29046e-05 0.022866 600 22.6415
30 8.12592e-05 0.0261841 700 23.1788
30 7.01492e-05 0.0291266 800 23.5294
40 0.000105632 0.0041997 100 16.129
40 0.000111455 0.00789549 200 18.8679
40 9.85778e-05 0.0121116 300 20.4082
40 9.2473e-05 0.0167566 400 21.7391
40 9.52426e-05 0.0217703 500 22.6244
40 8.93141e-05 0.0254494 600 23.166
40 8.58874e-05 0.0287886 700 23.6486
40 6.94711e-05 0.0314191 800 23.9521
50 0.000113572 0.00474797 100 17.2414
50 0.000109567 0.00890939 200 19.802
50 9.84837e-05 0.0129614 300 21.2766
50 9.95818e-05 0.0175392 400 22.4719
50 9.51374e-05 0.0224041 500 23.1481
50 8.85018e-05 0.0259896 600 23.7154
50 8.39786e-05 0.0293715 700 24.055
50 7.09181e-05 0.0318439 800 24.3161
60 0.000107311 0.00363748 100 18.5185
60 0.000106 0.00812873 200 20.6186
60 9.52841e-05 0.0121076 300 21.8978
60 9.52049e-05 0.0172512 400 22.9885
60 9.11584e-05 0.0213391 500 23.6967
60 8.99278e-05 0.0251087 600 24.0964
60 7.89868e-05 0.0281636 700 24.4755
60 6.95516e-05 0.0304615 800 24.6914
70 0.000106419 0.00244328 100 19.2308
70 8.9671e-05 0.00606937 200 21.2766
70 9.22897e-05 0.0104397 300 22.5564
70 8.61828e-05 0.0152538 400 23.5294
70 8.77674e-05 0.0194113 500 24.1546
70 8.35613e-05 0.0229399 600 24.4898
70 7.39842e-05 0.0259601 700 24.8227
70 6.73075e-05 0.028156 800 25
80 0.000109837 0.00224569 100 20.4082
80 7.91867e-05 0.00588894 200 21.978
80 9.00962e-05 0.01017 300 23.2558
80 9.2835e-05 0.0154073 400 24.0964
80 8.31688e-05 0.0195037 500 24.5098
80 8.116e-05 0.02263 600 24.8963
80 7.40072e-05 0.0255858 700 25.0896
80 6.87457e-05 0.0275321 800 25.3165
90 9.27738e-05 0.00379612 100 21.2766
90 0.00010143 0.00787271 200 22.4719
90 8.41196e-05 0.0120287 300 23.8095
90 0.000102241 0.017282 400 24.5399
90 8.93456e-05 0.0207847 500 24.8756
90 8.09066e-05 0.0237014 600 25.2101
90 7.31205e-05 0.0264821 700 25.3623
90 7.03879e-05 0.0285437 800 25.4777
100 0.000124393 0.00332767 100 21.7391
100 9.4051e-05 0.00704968 200 23.2558
100 8.86884e-05 0.0118695 300 24.3902
100 9.4166e-05 0.0172841 400 24.8447
100 8.3077e-05 0.0203705 500 25.2525
100 8.40672e-05 0.023574 600 25.4237
100 6.65402e-05 0.025892 700 25.5474
100 7.02209e-05 0.0278919 800 25.7235
110 9.2129e-05 0.00404233 100 22.2222
110 0.000103409 0.00738099 200 23.8095
110 9.1959e-05 0.0125846 300 24.7934
110 9.38727e-05 0.0173009 400 25.1572
110 8.70854e-05 0.0203961 500 25.5102
110 7.91683e-05 0.0234362 600 25.641
110 6.66426e-05 0.0253103 700 25.8303
110 6.94443e-05 0.0274575 800 25.89
120 6.78343e-05 0.00192684 100 22.7273
120 8.48904e-05 0.00570199 200 24.0964
120 8.98459e-05 0.0110836 300 25.2101
120 8.39756e-05 0.0148308 400 25.4777
120 8.11014e-05 0.0177154 500 25.7732
120 7.06656e-05 0.0203802 600 25.8621
120 6.49822e-05 0.0223657 700 25.9259
120 6.62808e-05 0.0247771 800 25.974
130 9.29022e-05 0.00220881 100 23.2558
130 8.97374e-05 0.00515974 200 24.6914
130 9.87121e-05 0.0124861 300 25.4237
130 8.15261e-05 0.0154405 400 25.641
130 7.83007e-05 0.0178718 500 25.9067
130 7.09463e-05 0.0204795 600 25.974
130 6.65549e-05 0.0222537 700 26.1194
130 6.42246e-05 0.0245799 800 26.1438
140 8.11196e-05 0.0027019 100 23.8095
140 8.67312e-05 0.00811519 200 25
140 9.79442e-05 0.0139065 300 25.641
140 8.51476e-05 0.0162401 400 25.974
140 8.05645e-05 0.0187102 500 26.0417
140 6.77998e-05 0.0209834 600 26.087
140 6.75962e-05 0.0229424 700 26.2172
140 6.63454e-05 0.0251537 800 26.2295
150 0.000101253 0.00243189 100 23.8095
150 9.27426e-05 0.00797562 200 25.641
150 8.86884e-05 0.0132913 300 25.8621
150 8.07639e-05 0.0156919 400 26.1438
150 7.76892e-05 0.0180151 500 26.178
150 6.51592e-05 0.0200091 600 26.2009
150 6.65183e-05 0.0221703 700 26.3158
150 6.59821e-05 0.0246651 800 26.3158
160 9.82651e-05 0.00272542 100 25
160 9.24207e-05 0.0112919 200 25.974
160 9.15258e-05 0.0141634 300 26.087
160 8.41528e-05 0.0163833 400 26.3158
160 7.62516e-05 0.0184363 500 26.3158
160 6.59172e-05 0.0201569 600 26.3158
160 6.62249e-05 0.0222199 700 26.4151
160 6.65222e-05 0.0248469 800 26.4026
170 0.000112305 0.00528644 100 25.641
170 0.000106923 0.0134742 200 26.3158
170 8.6572e-05 0.0155651 300 26.3158
170 8.86045e-05 0.017093 400 26.3158
170 7.43129e-05 0.0187989 500 26.455
170 7.07546e-05 0.0205692 600 26.4317
170 6.77041e-05 0.0225501 700 26.4151
170 6.59256e-05 0.0252288 800 26.4901
180 7.32424e-05 0.00971884 100 25.641
180 9.68303e-05 0.0144701 200 26.3158
180 7.93883e-05 0.0137599 300 26.5487
180 7.28981e-05 0.0143331 400 26.4901
180 6.34116e-05 0.0159715 500 26.455
180 6.52303e-05 0.0178511 600 26.5487
180 6.32398e-05 0.0199318 700 26.5152
180 6.97255e-05 0.0229683 800 26.4901
190 0.000104383 0.0117685 100 26.3158
190 9.21947e-05 0.0150646 200 26.3158
190 8.04655e-05 0.0147356 300 26.5487
190 7.68395e-05 0.0152675 400 26.4901
190 6.31855e-05 0.0164527 500 26.455
190 6.50421e-05 0.0184431 600 26.5487
190 6.45538e-05 0.0208217 700 26.5152
190 7.0805e-05 0.0240315 800 26.4901
200 0.0001072 0.0174317 100 26.3158
200 8.54503e-05 0.0155803 200 26.3158
200 8.29621e-05 0.0146289 300 26.5487
200 7.17752e-05 0.0151828 400 26.4901
200 6.54618e-05 0.0164973 500 26.455
200 6.63979e-05 0.0188106 600 26.4317
200 6.57529e-05 0.0214186 700 26.5152
200 7.60391e-05 0.0252883 800 26.4026
210 0.000112623 0.0218495 100 25.641
210 7.5131e-05 0.0163267 200 26.3158
210 7.60649e-05 0.0136046 300 26.3158
210 6.58973e-05 0.0135452 400 26.4901
210 6.202e-05 0.0151045 500 26.455
210 6.22422e-05 0.0170337 600 26.4317
210 6.28499e-05 0.0201148 700 26.4151
210 7.40196e-05 0.0239524 800 26.4026
220 0.000119704 0.0190309 100 25.641
220 8.00105e-05 0.0145802 200 26.3158
220 8.27062e-05 0.0134459 300 26.3158
220 6.50666e-05 0.013902 400 26.3158
220 6.78585e-05 0.0160809 500 26.455
220 6.57159e-05 0.0179979 600 26.4317
220 7.13516e-05 0.0211082 700 26.4151
220 7.64181e-05 0.0255996 800 26.3158
230 0.000100425 0.0158148 100 25.641
230 8.08995e-05 0.0121897 200 26.3158
230 7.01961e-05 0.0110837 300 26.3158
230 6.19575e-05 0.0118417 400 26.3158
230 6.28753e-05 0.014029 500 26.455
230 6.29196e-05 0.0165113 600 26.4317
230 6.98311e-05 0.0201375 700 26.4151
230 7.9986e-05 0.0239992 800 26.3158
240 6.56916e-05 0.0124506 100 25.641
240 6.54192e-05 0.00874184 200 25.974
240 5.92241e-05 0.00802505 300 26.3158
240 5.70618e-05 0.00954475 400 26.3158
240 5.95164e-05 0.0124148 500 26.3158
240 6.10603e-05 0.0155497 600 26.4317
240 7.22398e-05 0.0196031 700 26.3158
240 7.39843e-05 0.0227888 800 26.2295
250 5.05083e-05 0.0118358 100 25.641
250 5.96027e-05 0.00812079 200 25.974
250 5.53631e-05 0.00807726 300 26.3158
250 5.86332e-05 0.01115 400 26.3158
250 5.78092e-05 0.0135771 500 26.3158
250 6.20983e-05 0.016877 600 26.3158
250 7.12458e-05 0.0206136 700 26.3158
250 7.21555e-05 0.0233755 800 26.2295
260 6.23397e-05 0.00777317 100 25.641
260 6.02987e-05 0.00520615 200 25.974
260 5.95809e-05 0.0068602 300 26.3158
260 6.08655e-05 0.0106158 400 26.3158
260 6.01699e-05 0.0130092 500 26.3158
260 6.83157e-05 0.0164588 600 26.3158
260 7.32535e-05 0.0204514 700 26.3158
260 7.09365e-05 0.0234033 800 26.1438
270 8.41491e-05 0.00877663 100 25.641
270 6.83163e-05 0.00580337 200 25.974
270 6.14631e-05 0.00764551 300 26.3158
270 6.01141e-05 0.0109071 400 26.3158
270 6.10746e-05 0.0135817 500 26.3158
270 7.01009e-05 0.0175576 600 26.3158
270 7.94875e-05 0.0209999 700 26.2172
270 7.0104e-05 0.023802 800 26.1438
280 6.21482e-05 0.00650713 100 25.641
280 6.6772e-05 0.00624203 200 25.974
280 6.19782e-05 0.00966056 300 26.3158
280 6.24606e-05 0.0126193 400 26.3158
280 6.12228e-05 0.0157419 500 26.3158
280 7.4468e-05 0.0194537 600 26.3158
280 7.50263e-05 0.0219093 700 26.2172
280 6.99283e-05 0.0247417 800 26.0586
290 7.02516e-05 0.00483509 100 25.641
290 6.65036e-05 0.00618962 200 25.974
290 6.29116e-05 0.0105221 300 26.3158
290 5.98408e-05 0.0128219 400 26.3158
290 6.79428e-05 0.0160333 500 26.3158
290 7.52732e-05 0.019864 600 26.2009
290 7.35089e-05 0.0220461 700 26.1194
290 7.0876e-05 0.0249486 800 26.0586
300 8.17053e-05 0.00392396 100 25.641
300 7.81639e-05 0.0065397 200 25.974
300 6.44919e-05 0.0108255 300 26.3158
300 6.33843e-05 0.0131674 400 26.3158
300 7.03839e-05 0.0165618 500 26.3158
300 7.69402e-05 0.019979 600 26.2009
300 7.24282e-05 0.0221926 700 26.1194
300 7.17385e-05 0.0251934 800 26.0586
310 7.4373e-05 0.00563599 100 25.641
310 7.76283e-05 0.0102447 200 25.974
310 7.02904e-05 0.0132892 300 26.087
310 6.43295e-05 0.0156859 400 26.3158
310 7.40429e-05 0.0191548 500 26.178
310 7.8837e-05 0.0212642 600 26.2009
310 7.13243e-05 0.0233446 700 26.0223
310 7.16527e-05 0.0260259 800 26.0586
320 7.14295e-05 0.00593969 100 25.641
320 6.4962e-05 0.011341 200 25.974
320 6.44919e-05 0.0132828 300 26.087
320 6.13411e-05 0.0160771 400 26.3158
320 7.77874e-05 0.0194098 500 26.178
320 7.86814e-05 0.0208773 600 26.087
320 7.2142e-05 0.0232407 700 26.0223
320 7.31534e-05 0.026034 800 26.0586
330 0.000100306 0.00773728 100 25.641
330 7.24244e-05 0.0131627 200 25.974
330 6.83606e-05 0.013979 300 26.087
330 7.25394e-05 0.0165946 400 26.1438
330 8.02501e-05 0.0199405 500 26.178
330 7.54402e-05 0.0211905 600 26.087
330 7.25994e-05 0.0236719 700 26.0223
330 7.50969e-05 0.0265907 800 26.0586
340 0.000103003 0.0116457 100 25.641
340 6.73939e-05 0.0147661 200 25.974
340 6.27429e-05 0.0158807 300 26.087
340 7.27241e-05 0.0180958 400 26.1438
340 8.25471e-05 0.0201556 500 26.178
340 7.38471e-05 0.0213049 600 25.974
340 7.12936e-05 0.0235671 700 26.0223
340 7.41504e-05 0.0263911 800 26.0586
350 8.27203e-05 0.0120985 100 25.641
350 6.343e-05 0.0137476 200 25.974
350 6.07478e-05 0.0154194 300 26.087
350 8.22088e-05 0.0185715 400 26.1438
350 8.50627e-05 0.0195845 500 26.0417
350 7.43255e-05 0.0211262 600 25.974
350 7.41518e-05 0.0238049 700 25.9259
350 7.54535e-05 0.0265315 800 26.1438
360 5.6943e-05 0.0148035 100 25.641
360 5.98024e-05 0.0132574 200 25.974
360 6.13984e-05 0.0155122 300 26.087
360 8.26427e-05 0.0182148 400 26.1438
360 8.38485e-05 0.0186728 500 26.0417
360 7.55981e-05 0.0208507 600 25.8621
360 7.61757e-05 0.0234505 700 26.0223
360 7.78366e-05 0.0264814 800 26.1438
370 8.54146e-05 0.0129673 100 25.641
370 6.69948e-05 0.00912096 200 25.974
370 8.04161e-05 0.0118001 300 26.087
370 8.85035e-05 0.016888 400 25.974
370 8.43532e-05 0.0182142 500 25.9067
370 8.23795e-05 0.0212583 600 25.8621
370 8.27728e-05 0.0243862 700 26.0223
370 8.24825e-05 0.0279499 800 26.1438
380 9.37961e-05 0.0110733 100 25.641
380 7.20945e-05 0.010079 200 25.974
380 8.59423e-05 0.0142462 300 26.087
380 0.000107333 0.0167581 400 25.974
380 8.53482e-05 0.0187652 500 25.9067
380 8.16727e-05 0.0218313 600 25.8621
380 8.3967e-05 0.0251976 700 26.0223
380 8.14638e-05 0.0289903 800 26.1438
390 6.53277e-05 0.0108943 100 25.641
390 7.05906e-05 0.0137965 200 25.974
390 9.67603e-05 0.0170567 300 26.087
390 9.73185e-05 0.0174807 400 25.974
390 8.1553e-05 0.0191646 500 25.7732
390 8.12743e-05 0.0219422 600 25.8621
390 8.23453e-05 0.0251143 700 26.0223
390 7.69358e-05 0.0286944 800 26.1438
400 5.6943e-05 0.0108879 100 25.641
400 6.81853e-05 0.0140767 200 25.974
400 9.13664e-05 0.0171579 300 25.8621
400 9.20692e-05 0.0169243 400 25.8065
400 8.36605e-05 0.0188845 500 25.7732
400 8.24076e-05 0.02169 600 25.8621
400 8.10732e-05 0.0245931 700 26.1194
400 7.45989e-05 0.0280283 800 26.2295
410 6.17633e-05 0.0114125 100 25.641
410 8.2721e-05 0.0145286 200 25.974
410 9.42638e-05 0.0177669 300 25.8621
410 8.55667e-05 0.0172197 400 25.8065
410 8.25644e-05 0.01961 500 25.7732
410 8.19561e-05 0.0222979 600 25.974
410 8.16566e-05 0.0254482 700 26.1194
410 7.54831e-05 0.0287781 800 26.2295
420 6.32886e-05 0.0115741 100 25.641
420 9.52789e-05 0.0175348 200 25.641
420 0.000118654 0.0171903 300 25.8621
420 8.6786e-05 0.0176687 400 25.641
420 8.36434e-05 0.0201025 500 25.7732
420 8.71742e-05 0.0230904 600 25.974
420 8.01705e-05 0.0265354 700 26.1194
420 7.87413e-05 0.0301877 800 26.1438
430 6.58729e-05 0.017186 100 25.641
430 0.000108583 0.0196291 200 25.641
430 0.00011025 0.0172641 300 25.641
430 8.79884e-05 0.0178998 400 25.641
430 8.83632e-05 0.0203802 500 25.7732
430 8.78329e-05 0.0234681 600 25.974
430 7.83742e-05 0.0269793 700 26.1194
430 8.14981e-05 0.0304262 800 26.1438
440 8.09725e-05 0.0174637 100 25.641
440 0.000110918 0.0199173 200 25.641
440 0.000102401 0.0170942 300 25.641
440 9.16961e-05 0.0181696 400 25.641
440 8.97132e-05 0.02072 500 25.7732
440 8.64376e-05 0.0234738 600 26.087
440 7.7062e-05 0.0269199 700 26.1194
440 7.87839e-05 0.0302105 800 26.1438
450 0.000115755 0.0183602 100 25
450 0.000126415 0.0185016 200 25.641
450 9.95407e-05 0.0160152 300 25.641
450 9.15171e-05 0.0181152 400 25.641
450 9.08806e-05 0.0209556 500 25.7732
450 8.84044e-05 0.0240456 600 26.087
450 7.85882e-05 0.0276335 700 26.1194
450 7.37497e-05 0.0308593 800 26.0586
460 0.000122169 0.0215752 100 25
460 0.00012658 0.0176595 200 25.3165
460 9.0843e-05 0.0160509 300 25.4237
460 8.83012e-05 0.0178101 400 25.641
460 8.82497e-05 0.0203846 500 25.9067
460 7.96813e-05 0.0235339 600 26.087
460 7.82935e-05 0.0269364 700 26.1194
460 6.92347e-05 0.0298336 800 25.974
470 0.000153558 0.0227945 100 25
470 0.000132651 0.0153478 200 25.3165
470 9.84164e-05 0.0159817 300 25.4237
470 9.22148e-05 0.0183193 400 25.641
470 9.28588e-05 0.0212487 500 25.9067
470 8.05989e-05 0.0245565 600 26.087
470 8.22151e-05 0.0279935 700 26.1194
470 7.04302e-05 0.0310653 800 25.89
480 0.00010335 0.0212341 100 25
480 0.000105915 0.0129609 200 25.3165
480 8.77876e-05 0.013033 300 25.4237
480 8.89905e-05 0.0149701 400 25.641
480 8.27433e-05 0.0175157 500 26.0417
480 7.81449e-05 0.0209395 600 26.087
480 7.27568e-05 0.0239938 700 26.1194
480 6.41898e-05 0.0269902 800 25.8065
490 0.0001339 0.0156433 100 25
490 9.60887e-05 0.00982206 200 25.3165
490 8.59115e-05 0.011385 300 25.4237
490 8.57407e-05 0.0137935 400 25.8065
490 8.00775e-05 0.0170015 500 26.0417
490 7.52336e-05 0.0203519 600 26.2009
490 6.70939e-05 0.0236435 700 26.0223
490 6.186e-05 0.0262639 800 25.7235
500 0.000149865 0.0103432 100 25
500 8.1706e-05 0.00744103 200 25
500 8.09416e-05 0.00937156 300 25.4237
500 8.15535e-05 0.0118721 400 25.8065
500 7.13463e-05 0.0151786 500 26.0417
500 7.23471e-05 0.0185015 600 26.2009
500 6.35584e-05 0.0215267 700 25.9259
500 6.06984e-05 0.0245199 800 25.5591
510 0.000126954 0.00332803 100 25
510 7.3446e-05 0.00514758 200 25
510 7.40173e-05 0.00712564 300 25.4237
510 7.68104e-05 0.00932107 400 25.974
510 6.63087e-05 0.0125581 500 26.178
510 6.94982e-05 0.0159911 600 26.087
510 5.92381e-05 0.0190704 700 25.8303
510 6.21605e-05 0.0222181 800 25.3968
520 0.000105179 0.0013846 100 24.3902
520 7.84684e-05 0.00426692 200 25
520 7.87853e-05 0.00626665 300 25.641
520 8.01619e-05 0.00916115 400 25.974
520 6.95797e-05 0.0124323 500 26.178
520 6.47461e-05 0.0158113 600 26.087
520 5.56455e-05 0.018843 700 25.7353
520 6.19232e-05 0.0223875 800 25.2366
530 6.73051e-05 0.00999586 100 24.3902
530 5.10951e-05 0.0113346 200 25
530 6.20209e-05 0.0112067 300 25.641
530 6.2936e-05 0.0112075 400 25.974
530 5.74783e-05 0.0130074 500 26.178
530 5.13426e-05 0.0146382 600 26.087
530 5.23838e-05 0.017474 700 25.641
530 5.9304e-05 0.0212925 800 25.0784
540 6.58729e-05 0.0130627 100 24.3902
540 5.13279e-05 0.0125557 200 25.3165
540 5.94028e-05 0.0114064 300 25.8621
540 5.65766e-05 0.0112104 400 26.1438
540 6.37416e-05 0.0128995 500 26.178
540 5.16897e-05 0.0147093 600 25.974
540 5.28141e-05 0.0178888 700 25.4545
540 5.9633e-05 0.0211633 800 24.8447
550 5.73601e-05 0.0147559 100 24.3902
550 6.06436e-05 0.0130012 200 25.3165
550 6.45535e-05 0.0114371 300 26.087
550 5.7504e-05 0.0120912 400 26.3158
550 6.60059e-05 0.0137706 500 26.178
550 5.32364e-05 0.0161017 600 25.8621
550 5.92381e-05 0.019517 700 25.3623
550 6.05785e-05 0.0227637 800 24.4648
560 6.62338e-05 0.0121003 100 24.3902
560 7.70116e-05 0.010495 200 25.641
560 7.32256e-05 0.00985297 300 26.087
560 6.69295e-05 0.0117482 400 26.3158
560 6.60998e-05 0.0139326 500 26.178
560 5.41493e-05 0.0168217 600 25.7511
560 6.03693e-05 0.0209915 700 25.1799
560 6.42304e-05 0.0236975 800 24.024
570 6.42235e-05 0.0099408 100 25
570 8.04562e-05 0.00855857 200 25.974
570 7.54178e-05 0.00872596 300 26.3158
570 6.84595e-05 0.0116198 400 26.3158
570 5.85388e-05 0.0136133 500 26.178
570 5.40697e-05 0.0167311 600 25.641
570 6.46367e-05 0.0208657 700 25
570 7.08471e-05 0.0233636 800 23.5988
580 7.38905e-05 0.00857921 100 25
580 8.82977e-05 0.00734849 200 25.974
580 6.88048e-05 0.00912829 300 26.3158
580 7.94147e-05 0.0120741 400 26.4901
580 5.53049e-05 0.0146692 500 26.0417
580 5.70793e-05 0.017938 600 25.5319
580 6.68504e-05 0.0217615 700 24.735
580 7.08708e-05 0.0233392 800 23.0548
590 8.76192e-05 0.00900393 100 25.641
590 8.97042e-05 0.0072399 200 26.3158
590 6.66932e-05 0.00870768 300 26.5487
590 7.29185e-05 0.0113864 400 26.3158
590 5.42075e-05 0.0140632 500 26.0417
590 6.18257e-05 0.01794 600 25.3165
590 6.37916e-05 0.0212935 700 24.3056
590 6.88378e-05 0.0212962 800 22.6629
600 9.3414e-05 0.0109143 100 25.641
600 8.85e-05 0.00818274 200 26.3158
600 5.72452e-05 0.0103167 300 26.5487
600 6.35955e-05 0.0114507 400 26.3158
600 5.24821e-05 0.0145192 500 25.7732
600 6.12823e-05 0.0192229 600 25.1046
600 6.57751e-05 0.0216268 700 23.8095
600 7.25137e-05 0.0194748 800 22.2222
610 0.00010184 0.00784527 100 25.641
610 7.52895e-05 0.00706514 200 26.6667
610 6.98746e-05 0.0101379 300 26.5487
610 5.81611e-05 0.0115793 400 26.1438
610 5.0159e-05 0.0145068 500 25.641
610 6.42686e-05 0.0190926 600 24.7934
610 6.92607e-05 0.021136 700 23.1788
610 7.03614e-05 0.0169268 800 21.7984
620 8.76192e-05 0.00834259 100 26.3158
620 5.96027e-05 0.00807495 200 26.6667
620 7.6291e-05 0.0104024 300 26.5487
620 5.07446e-05 0.012217 400 25.974
620 5.33294e-05 0.0159978 500 25.3807
620 6.2988e-05 0.0195151 600 24.3902
620 7.0869e-05 0.0200771 700 22.6537
620 6.78425e-05 0.0147695 800 21.5054
630 7.82776e-05 0.00818945 100 26.3158
630 5.50268e-05 0.00911725 200 26.6667
630 6.38728e-05 0.00942993 300 26.3158
630 4.9601e-05 0.0121476 400 25.8065
630 5.86609e-05 0.0166853 500 25
630 6.14873e-05 0.0192194 600 23.9044
630 6.92502e-05 0.0180228 700 22.082
630 6.68575e-05 0.0125404 800 21.164
640 8.3723e-05 0.00786673 100 26.3158
640 5.68384e-05 0.0107583 200 26.6667
640 5.56495e-05 0.00992467 300 26.087
640 4.95259e-05 0.0130818 400 25.4777
640 5.85877e-05 0.0181702 500 24.7525
640 6.35221e-05 0.0197755 600 23.166
640 7.18174e-05 0.0165155 700 21.5385
640 7.03588e-05 0.0112978 800 20.7254
650 5.07437e-05 0.011122 100 26.3158
650 5.59932e-05 0.0133116 200 26.3158
650 4.77311e-05 0.011659 300 25.8621
650 5.1791e-05 0.0153622 400 25.1572
650 5.95725e-05 0.0190673 500 24.2718
650 6.4495e-05 0.0194255 600 22.4719
650 6.45538e-05 0.0148813 700 21.0843
650 7.08602e-05 0.0115495 800 20.3046
660 5.56727e-05 0.011537 100 26.3158
660 5.73084e-05 0.0112664 200 25.974
660 4.97157e-05 0.0124628 300 25.641
660 5.29857e-05 0.0167096 400 24.8447
660 5.99476e-05 0.0190574 500 23.8095
660 6.58971e-05 0.0180969 600 21.8182
660 6.58897e-05 0.0135921 700 20.7715
660 5.17254e-05 0.0110748 800 19.8511
670 4.70882e-05 0.0143461 100 25.641
670 6.76588e-05 0.0112797 200 25.974
670 5.14699e-05 0.0136648 300 25.2101
670 6.20176e-05 0.018416 400 24.3902
670 5.98521e-05 0.0195827 500 23.0415
670 7.06375e-05 0.0165669 600 21.2014
670 6.65219e-05 0.0118644 700 20.3488
670 4.82864e-05 0.0106567 800 19.4175
680 7.56444e-05 0.0132184 100 25.641
680 5.30412e-05 0.00942719 200 25.641
680 4.96357e-05 0.0123529 300 24.7934
680 6.11952e-05 0.0183518 400 23.9521
680 7.09239e-05 0.0187872 500 22.2222
680 7.39771e-05 0.013938 600 20.6897
680 7.70872e-05 0.00926999 700 19.8864
680 4.75672e-05 0.00913064 800 19.0931
690 7.56444e-05 0.0132842 100 25.641
690 4.59998e-05 0.010037 200 25.3165
690 5.17778e-05 0.0156757 300 24.3902
690 6.48716e-05 0.0188501 400 23.5294
690 7.52505e-05 0.0178615 500 21.4592
690 7.29581e-05 0.0123843 600 20.202
690 7.74024e-05 0.00994805 700 19.4444
700 8.85665e-05 0.00857822 100 25
700 5.05674e-05 0.0119998 200 24.6914
700 6.17212e-05 0.017166 300 24
700 6.36424e-05 0.0190807 400 22.8571
700 7.86957e-05 0.0165341 500 20.8333
700 7.18648e-05 0.0110091 600 19.8675
700 5.45592e-05 0.00949836 700 18.9702
710 4.33994e-05 0.0071193 100 25
710 6.27213e-05 0.012509 200 24.3902
710 6.56119e-05 0.0197128 300 23.622
710 6.72959e-05 0.0190619 400 21.978
710 7.72582e-05 0.0146421 500 20.1613
710 7.40934e-05 0.0101482 600 19.4175
710 5.01579e-05 0.00976465 700 18.5676
720 3.75056e-05 0.00582463 100 24.3902
720 5.37112e-05 0.0134155 200 23.8095
720 6.71682e-05 0.0199985 300 23.0769
720 7.76114e-05 0.0181258 400 21.164
720 7.49583e-05 0.0123877 500 19.6078
720 8.12579e-05 0.00962732 600 18.9873
730 0.00014567 0.0158226 100 23.8095
730 7.93747e-05 0.0225769 200 23.5294
730 6.78939e-05 0.0240789 300 22.5564
730 6.55458e-05 0.0205417 400 20.3046
730 6.59842e-05 0.0154466 500 19.2308
730 7.52908e-05 0.0138953 600 18.5185
740 0.000132648 0.018182 100 23.8095
740 8.00849e-05 0.0249264 200 22.9885
740 6.42037e-05 0.0234566 300 21.7391
740 6.53864e-05 0.0188744 400 19.7044
740 6.79709e-05 0.0142514 500 18.8679
740 4.94499e-05 0.0126834 600 18.0723
750 0.000151762 0.0206463 100 23.2558
750 8.87019e-05 0.0285934 200 22.4719
750 6.97418e-05 0.0236209 300 20.8333
750 8.04866e-05 0.0167622 400 19.0476
750 7.7554e-05 0.0125985 500 18.5185
750 4.51289e-05 0.0116479 600 17.7515
760 8.18511e-05 0.0204359 100 22.7273
760 8.05303e-05 0.0254373 200 21.978
760 8.95357e-05 0.0205034 300 20
760 8.75043e-05 0.0124861 400 18.6047
760 9.53728e-05 0.0101015 500 18.0505
770 6.36642e-05 0.0224864 100 22.2222
770 9.08596e-05 0.022849 200 21.5054
770 0.000100389 0.016958 300 19.2308
770 9.61707e-05 0.00871294 400 18.1818
770 0.000105082 0.00927255 500 17.6056
780 9.0563e-05 0.025573 100 21.7391
780 7.64678e-05 0.0223334 200 20.8333
780 0.000107722 0.0143288 300 18.5185
780 9.45845e-05 0.00737382 400 17.8571
780 6.40104e-05 0.0079542 500 17.2414
790 9.9351e-05 0.0296494 100 21.2766
790 0.000103149 0.021474 200 19.802
790 0.000123887 0.0109261 300 17.9641
790 0.000111949 0.00566205 400 17.5439
790 6.94562e-05 0.00693538 500 16.8919
800 0.000128076 0.0324028 100 20.8333
800 0.00014091 0.0217386 200 18.8679
800 0.000128681 0.00856204 300 17.4419
800 0.000123055 0.00653476 400 17.1674
800 6.38538e-05 0.00673347 500 16.6667
810 0.000123044 0.0243239 100 20.4082
810 0.000127285 0.0154868 200 18.018
810 0.00011179 0.00434411 300 17.1429
810 0.000121212 0.00814842 400 16.8067
820 0.000131565 0.0206968 100 19.6078
820 0.000144564 0.0107894 200 17.2414
820 0.000115014 0.00417373 300 16.8539
820 8.18181e-05 0.00630338 400 16.3934
830 0.000136894 0.0163553 100 18.5185
830 0.000161047 0.00674529 200 16.6667
830 0.000125512 0.00664911 300 16.5746
830 7.34886e-05 0.0059947 400 16.129
840 0.000188735 0.0147433 100 17.2414
840 0.000177713 0.0077021 200 16.129
840 0.000141172 0.0107801 300 16.3043
840 7.64701e-05 0.00540617 400 15.873
850 0.000144931 0.0104245 100 16.3934
850 0.000124826 0.00489337 200 15.873
850 0.000124058 0.0105898 300 15.9574
860 0.000173049 0.00584687 100 15.625
860 0.000120797 0.00673397 200 15.625
860 0.00013454 0.0115929 300 15.625
870 0.000161135 0.00144974 100 14.9254
870 0.000120822 0.00769843 200 15.5039
870 7.37842e-05 0.007374 300 15.3846
880 0.00022387 0.00650552 100 14.7059
880 0.000141817 0.0113809 200 15.5039
880 7.50481e-05 0.00777087 300 15.3061
890 0.000206125 0.006886 100 14.7059
890 0.000138607 0.0115494 200 15.625
890 6.42244e-05 0.00564372 300 15.3061
900 0.000138625 0.00633976 100 14.9254
900 0.000111882 0.0102394 200 15.625
900 4.01331e-05 0.00335616 300 15.3061
910 0.00010219 0.00669445 100 14.9254
910 0.000114463 0.00947526 200 15.5039
920 8.24316e-05 0.00538064 100 15.3846
920 0.00012535 0.00834966 200 15.5039
930 4.08526e-05 0.00066404 100 15.625
930 6.44092e-05 0.00299883 200 15.5039
940 6.74819e-05 0.00083311 100 15.873
940 1.9068e-05 0.00454935 200 15.3846
950 6.21482e-05 0.00321291 100 16.129
950 2.60671e-05 0.0063212 200 15.3846
960 4.78416e-05 0.00439649 100 16.129
960 4.04126e-05 0.0087293 200 15.3846
970 0.000108307 0.0045778 100 15.873
970 4.12158e-05 0.00766232 200 15.3846
980 0.000166734 0.00705202 100 15.625
990 0.000166305 0.00686734 100 15.1515
1000 3.45267e-05 0.0108581 100 14.7059
1010 8.5135e-05 0.0148611 100 14.4928
1020 0.000121386 0.0177964 100 14.4928
1030 0.000183547 0.0180921 100 14.7059
