0 8.19966e-05 0.00189074 100 8.47458
0 3.12653e-05 0.000425004 200 9.43396
0 2.77172e-05 0.002965 300 10.4167
0 1.9068e-05 0.00341589 400 10.4712
0 1.80599e-05 0.00342147 500 10.4167
0 2.61054e-05 0.00408793 600 10.4167
0 2.34486e-05 0.00437062 700 10.279
0 2.27067e-05 0.00444843 800 10.2828
10 9.9351e-05 0.00214276 100 9.00901
10 2.42917e-05 0.00143387 200 9.7561
10 2.51622e-05 0.00280147 300 10.7143
10 1.78574e-05 0.00314291 400 10.6667
10 1.90368e-05 0.00311796 500 10.5708
10 2.42783e-05 0.0037471 600 10.5448
10 2.46721e-05 0.00405259 700 10.3704
10 2.1956e-05 0.00423157 800 10.3761
20 8.70733e-05 0.00272285 100 9.61539
20 2.62948e-05 0.00131799 200 10
20 2.75254e-05 0.00281695 300 10.9489
20 1.76897e-05 0.00382456 400 10.8108
20 1.69146e-05 0.00409116 500 10.7066
20 2.38517e-05 0.00469275 600 10.6572
20 2.22889e-05 0.00493413 700 10.4478
20 2.19135e-05 0.00489382 800 10.4712
30 9.54341e-05 0.00454714 100 10.101
30 3.6047e-05 0.00153181 200 10.2564
30 3.33958e-05 0.00270532 300 11.194
30 1.77737e-05 0.0038131 400 10.929
30 1.74693e-05 0.00431612 500 10.8225
30 2.36145e-05 0.00491033 600 10.7527
30 2.25925e-05 0.00525167 700 10.5105
30 2.23178e-05 0.00508553 800 10.5541
40 0.000101605 0.00628596 100 10.6383
40 4.2216e-05 0.00210153 200 10.4712
40 3.38684e-05 0.00305325 300 11.4068
40 1.58221e-05 0.00386108 400 11.0193
40 1.84775e-05 0.00487128 500 10.917
40 2.26701e-05 0.0055048 600 10.8303
40 2.26248e-05 0.00585697 700 10.5422
40 2.1657e-05 0.00546178 800 10.6242
50 0.000106419 0.00942674 100 10.989
50 6.234e-05 0.00574352 200 10.6383
50 4.6437e-05 0.00534061 300 11.5385
50 2.09663e-05 0.00555561 400 11.0803
50 2.11489e-05 0.00716049 500 10.989
50 2.27576e-05 0.00783294 600 10.8893
50 2.19479e-05 0.0081027 700 10.5581
50 2.12839e-05 0.0072794 800 10.6809
60 5.14437e-05 0.00752183 100 11.3636
60 5.83903e-05 0.00240453 200 10.8108
60 4.14323e-05 0.00335145 300 11.6279
60 1.29187e-05 0.00381625 400 11.0803
60 1.70829e-05 0.00501289 500 11.0132
60 1.90507e-05 0.0054288 600 10.9091
60 1.9606e-05 0.00552552 700 10.5581
60 1.85533e-05 0.00487111 800 10.7239
70 5.25896e-05 0.00328608 100 11.4943
70 4.99149e-05 0.003991 200 10.929
70 3.31969e-05 0.00345873 300 11.6279
70 1.28029e-05 0.0025699 400 11.0803
70 2.08309e-05 0.00279957 500 10.9649
70 1.89811e-05 0.00305955 600 10.9091
70 2.18368e-05 0.00322833 700 10.5581
70 2.14756e-05 0.00274648 800 10.7672
80 6.93979e-05 0.00341028 100 11.4943
80 4.73408e-05 0.00530535 200 11.0497
80 3.12654e-05 0.00389148 300 11.583
80 1.66482e-05 0.00283261 400 11.0497
80 2.3901e-05 0.00287281 500 10.9409
80 2.04911e-05 0.00326218 600 10.8893
80 2.28814e-05 0.00358961 700 10.5581
80 2.39134e-05 0.00298758 800 10.7962
90 6.2721e-05 0.00526561 100 11.4943
90 3.4699e-05 0.0071632 200 11.236
90 2.61433e-05 0.00375942 300 11.5385
90 2.56058e-05 0.00167563 400 11.0497
90 2.00613e-05 0.000889847 500 10.917
90 2.10019e-05 0.00126747 600 10.8499
90 2.36552e-05 0.00173722 700 10.5581
90 2.45058e-05 0.00151141 800 10.8254
100 3.16443e-05 0.00511365 100 11.236
100 3.72665e-05 0.00647346 200 11.4286
100 1.75299e-05 0.00357388 300 11.4504
100 2.1108e-05 0.00168747 400 11.0193
100 2.08766e-05 0.00117748 500 10.917
100 2.12527e-05 0.00108981 600 10.772
100 2.32401e-05 0.00118964 700 10.5581
100 2.32258e-05 0.00125314 800 10.8548
110 3.90625e-05 0.00474535 100 10.8696
110 4.02648e-05 0.00612034 200 11.5607
110 1.88409e-05 0.0037683 300 11.4068
110 2.21079e-05 0.00166687 400 11.0193
110 2.24398e-05 0.00096621 500 10.917
110 2.32185e-05 0.000868418 600 10.6952
110 2.09846e-05 0.000826277 700 10.574
110 2.30244e-05 0.00129407 800 10.8548
120 6.90535e-05 0.00843342 100 10.4167
120 5.20772e-05 0.00740496 200 11.6959
120 2.45763e-05 0.00459476 300 11.2782
120 2.77829e-05 0.00297373 400 11.0193
120 1.97498e-05 0.00234371 500 10.8932
120 2.34456e-05 0.00235013 600 10.6007
120 2.10193e-05 0.00179347 700 10.59
120 2.27149e-05 0.00220647 800 10.8254
130 5.32653e-05 0.00859439 100 10.2041
130 4.14322e-05 0.00631767 200 11.7647
130 2.14078e-05 0.00430359 300 11.1524
130 2.31613e-05 0.00218176 400 10.9589
130 1.95069e-05 0.00138229 500 10.846
130 2.40315e-05 0.000981759 600 10.5263
130 2.28175e-05 0.000378979 700 10.59
130 2.35918e-05 0.00141594 800 10.7962
140 6.93979e-05 0.00724442 100 10.101
140 3.81361e-05 0.00660754 200 11.6959
140 1.31222e-05 0.00475453 300 11.0294
140 1.35932e-05 0.00391782 400 10.929
140 1.53479e-05 0.00324645 500 10.8225
140 1.79591e-05 0.00217349 600 10.453
140 2.01204e-05 0.00186336 700 10.6061
140 2.11346e-05 0.00175425 800 10.7672
150 7.68948e-05 0.00846839 100 10.2041
150 3.86021e-05 0.00730412 200 11.6279
150 1.12764e-05 0.00528137 300 10.9091
150 2.15965e-05 0.00515519 400 10.8401
150 1.47781e-05 0.00473958 500 10.7759
150 1.95483e-05 0.0039665 600 10.3986
150 2.15678e-05 0.00350539 700 10.6383
150 2.17428e-05 0.00332489 800 10.7527
160 8.84318e-05 0.01003 100 10.3093
160 4.49512e-05 0.00812806 200 11.5607
160 1.16234e-05 0.00586858 300 10.8696
160 2.48377e-05 0.00568404 400 10.7817
160 1.29187e-05 0.00532769 500 10.7527
160 1.85576e-05 0.00444383 600 10.3806
160 1.99016e-05 0.00396144 700 10.6707
160 2.17171e-05 0.00379375 800 10.7527
170 8.21419e-05 0.0109741 100 10.6383
170 4.08527e-05 0.00848642 200 11.4943
170 1.43746e-05 0.00643875 300 10.8303
170 2.79433e-05 0.00610651 400 10.7527
170 1.66876e-05 0.00574831 500 10.7296
170 2.15159e-05 0.00506462 600 10.3806
170 2.14433e-05 0.00449376 700 10.7034
170 2.38978e-05 0.00455621 800 10.7672
180 7.07588e-05 0.0123282 100 10.989
180 3.59642e-05 0.00891404 200 11.4286
180 1.59472e-05 0.00678245 300 10.8696
180 2.68556e-05 0.00646696 400 10.7527
180 1.96287e-05 0.00581112 500 10.6838
180 2.41003e-05 0.00534984 600 10.3986
180 2.44442e-05 0.00467198 700 10.7362
180 2.51288e-05 0.0048075 800 10.7672
190 5.12114e-05 0.0110071 100 11.4943
190 2.35441e-05 0.00368087 200 11.4943
190 3.69722e-05 0.000795513 300 10.9091
190 3.46992e-05 0.00109583 400 10.8108
190 3.2697e-05 0.00154097 500 10.6383
190 3.09784e-05 0.00245945 600 10.4348
190 3.07242e-05 0.00301189 700 10.7858
190 3.20487e-05 0.00468831 800 10.7527
200 5.60993e-05 0.00897014 100 12.1951
200 3.06881e-05 0.00267633 200 11.5607
200 3.92657e-05 0.00102734 300 11.0294
200 3.64787e-05 0.00159467 400 10.8696
200 3.27116e-05 0.00211922 500 10.6383
200 2.96344e-05 0.00299969 600 10.5079
200 3.09216e-05 0.00359507 700 10.8192
200 3.56742e-05 0.00535338 800 10.7239
210 6.13761e-05 0.00745102 100 12.8205
210 3.14554e-05 0.0025064 200 11.6959
210 3.73288e-05 0.00156164 300 11.1111
210 3.86795e-05 0.00196929 400 10.929
210 3.38013e-05 0.00236505 500 10.6157
210 3.01221e-05 0.00315853 600 10.5634
210 3.13746e-05 0.00380377 700 10.8527
210 3.7007e-05 0.00537601 800 10.7095
220 2.0716e-05 0.00649611 100 13.3333
220 2.48976e-05 0.00455223 200 11.6959
220 3.35935e-05 0.00365713 300 11.194
220 3.70663e-05 0.00353759 400 10.989
220 2.88874e-05 0.00320483 500 10.5932
220 2.73082e-05 0.00379227 600 10.6195
220 2.89969e-05 0.0041225 700 10.8527
220 3.63774e-05 0.00511424 800 10.6667
230 2.92969e-05 0.00415054 100 13.6986
230 4.24272e-05 0.00241269 200 11.5607
230 3.61389e-05 0.00301482 300 11.194
230 3.22739e-05 0.00281824 400 10.989
230 3.01158e-05 0.00300335 500 10.5485
230 2.95e-05 0.00364664 600 10.6572
230 3.0637e-05 0.00441632 700 10.8527
230 3.8069e-05 0.00528661 800 10.582
240 3.55474e-05 0.00209655 100 13.5135
240 5.40431e-05 0.00248488 200 11.4286
240 4.51645e-05 0.00315464 300 11.1524
240 3.20655e-05 0.00251035 400 10.9589
240 3.14025e-05 0.00307315 500 10.4603
240 3.30874e-05 0.00390747 600 10.6762
240 3.23746e-05 0.0052337 700 10.8359
240 3.77644e-05 0.00566487 800 10.4987
250 5.43728e-05 0.00204407 100 13.1579
250 5.98024e-05 0.00468164 200 11.1732
250 4.80354e-05 0.00451347 300 10.989
250 3.54848e-05 0.00356202 400 10.8696
250 3.42637e-05 0.00445478 500 10.395
250 3.79366e-05 0.0050584 600 10.6952
250 3.47593e-05 0.00635101 700 10.8192
250 3.9524e-05 0.00623468 800 10.4302
260 4.42158e-05 0.00337133 100 12.5
260 6.25309e-05 0.00579192 200 10.929
260 5.69436e-05 0.00502494 300 10.7914
260 3.41363e-05 0.00364723 400 10.7527
260 3.61992e-05 0.0047499 500 10.3093
260 3.67752e-05 0.00549812 600 10.6762
260 3.51145e-05 0.0070093 700 10.7692
260 3.7794e-05 0.00618424 800 10.3761
270 3.78221e-05 0.00333096 100 11.6279
270 5.74123e-05 0.00470596 200 10.6952
270 4.86655e-05 0.00413201 300 10.6007
270 3.35418e-05 0.00317842 400 10.5263
270 3.6265e-05 0.00428471 500 10.2459
270 3.55853e-05 0.00509399 600 10.6572
270 3.49408e-05 0.0066682 700 10.7034
270 3.60327e-05 0.00519107 800 10.3093
280 4.20036e-05 0.00443124 100 10.8696
280 4.69616e-05 0.00463628 200 10.4712
280 4.55733e-05 0.00485333 300 10.453
280 3.18088e-05 0.00412876 400 10.2828
280 3.13873e-05 0.00469403 500 10.1833
280 3.40735e-05 0.00506493 600 10.6007
280 3.69577e-05 0.00639941 700 10.5422
280 3.2926e-05 0.00461496 800 10.2433
290 5.60993e-05 0.00499503 100 10.4167
290 5.16751e-05 0.00509037 200 10.3093
290 4.80354e-05 0.00468409 300 10.3448
290 3.2481e-05 0.00373143 400 10.101
290 3.17198e-05 0.00462465 500 10.1626
290 3.51169e-05 0.00510513 600 10.5263
290 3.69643e-05 0.00631114 700 10.3858
290 3.45062e-05 0.00465698 800 10.1911
300 9.00349e-05 0.003952 100 9.90099
300 6.37113e-05 0.00463519 200 10.2041
300 4.17508e-05 0.00342336 300 10.274
300 3.53375e-05 0.00289963 400 9.95025
300 3.67224e-05 0.00412465 500 10.1626
300 3.59649e-05 0.00523064 600 10.4712
300 4.24258e-05 0.00628123 700 10.2489
300 3.52962e-05 0.004685 800 10.1394
310 0.000107422 0.00492141 100 9.70874
310 7.09275e-05 0.00418887 200 10.1523
310 3.81014e-05 0.00248926 300 10.2389
310 3.51896e-05 0.00208389 400 9.87654
310 3.71484e-05 0.00358797 500 10.2041
310 3.60844e-05 0.00529012 600 10.453
310 4.32888e-05 0.00582186 700 10.1597
310 3.78038e-05 0.00437478 800 10.0503
320 0.00010254 0.00537142 100 9.61539
320 6.8621e-05 0.00380352 200 10.101
320 3.76468e-05 0.0022596 300 10.2389
320 3.41145e-05 0.00188907 400 9.82801
320 3.76837e-05 0.00343672 500 10.2459
320 3.63131e-05 0.0051138 600 10.453
320 4.01571e-05 0.0051624 700 10.1156
320 3.83906e-05 0.00378485 800 9.96264
330 9.79005e-05 0.00587738 100 9.52381
330 6.64588e-05 0.0036635 200 10.0503
330 3.33561e-05 0.00243072 300 10.2389
330 3.4785e-05 0.00226935 400 9.85222
330 3.4898e-05 0.00356987 500 10.3093
330 3.60109e-05 0.00515996 600 10.4895
330 3.94233e-05 0.00488911 700 10.1156
330 3.69415e-05 0.00354723 800 9.92556
340 0.000105293 0.00597342 100 9.61539
340 6.45016e-05 0.00361208 200 10
340 3.49084e-05 0.00215215 300 10.2389
340 3.77436e-05 0.00276793 400 9.85222
340 3.7595e-05 0.00396217 500 10.3734
340 3.65675e-05 0.00566399 600 10.5079
340 3.90014e-05 0.00488437 700 10.1156
340 3.67392e-05 0.00335099 800 9.91326
350 9.00349e-05 0.00455999 100 9.70874
350 5.96527e-05 0.0030042 200 10.0503
350 3.25115e-05 0.00202896 300 10.2041
350 3.49132e-05 0.00234827 400 9.90099
350 3.64617e-05 0.00359912 500 10.4384
350 3.58265e-05 0.00505581 600 10.5263
350 3.68918e-05 0.00399138 700 10.1302
350 3.30615e-05 0.00271608 800 9.92556
360 9.87492e-05 0.00433275 100 9.80392
360 5.84413e-05 0.0032055 200 10.101
360 3.60287e-05 0.00219081 300 10.1351
360 3.68243e-05 0.0029448 400 9.95025
360 3.61992e-05 0.00386029 500 10.4822
360 3.81542e-05 0.00537372 600 10.5079
360 3.65473e-05 0.00390234 700 10.1302
360 3.18621e-05 0.00256435 800 9.93789
370 7.79725e-05 0.00394744 100 9.90099
370 5.05674e-05 0.00312434 200 10.1523
370 3.66122e-05 0.00207812 300 10.0334
370 3.60059e-05 0.00287387 400 10
370 3.44165e-05 0.00373025 500 10.5263
370 3.97691e-05 0.00517466 600 10.453
370 3.53837e-05 0.00362883 700 10.1302
370 3.11885e-05 0.00264718 800 9.95025
380 5.19051e-05 0.00355899 100 10
380 5.56729e-05 0.00408043 200 10.2041
380 3.6576e-05 0.00300929 300 9.96678
380 3.16209e-05 0.00336945 400 10.0503
380 3.32035e-05 0.003545 500 10.5263
380 3.96023e-05 0.00446221 600 10.3806
380 3.48781e-05 0.00321057 700 10.1449
380 2.9202e-05 0.00276607 800 9.96264
390 5.39325e-05 0.00433241 100 10.2041
390 5.22486e-05 0.0045342 200 10.3093
390 3.52858e-05 0.00356122 300 9.93377
390 3.15029e-05 0.00359047 400 10.101
390 3.07736e-05 0.00345615 500 10.5263
390 4.03314e-05 0.00402289 600 10.3448
390 3.37074e-05 0.00319699 700 10.1449
390 2.79438e-05 0.00296403 800 9.97506
400 3.00997e-05 0.00627681 100 10.3093
400 3.38292e-05 0.00616494 200 10.3627
400 3.24299e-05 0.00513476 300 9.90099
400 3.02234e-05 0.0042284 400 10.2041
400 2.85887e-05 0.00366403 500 10.5485
400 3.79104e-05 0.00347069 600 10.274
400 3.02936e-05 0.00307131 700 10.1449
400 2.809e-05 0.00347131 800 10
410 2.92969e-05 0.00768336 100 10.4167
410 3.58813e-05 0.00653538 200 10.4712
410 3.37509e-05 0.00527682 300 9.90099
410 2.93986e-05 0.0041623 400 10.2828
410 2.96852e-05 0.00382566 500 10.5708
410 3.80847e-05 0.00319312 600 10.2215
410 3.14676e-05 0.00305093 700 10.101
410 2.90293e-05 0.00386237 800 10.0251
420 4.63225e-05 0.00828183 100 10.5263
420 3.36525e-05 0.00691823 200 10.4712
420 3.25115e-05 0.00533457 300 9.86842
420 2.73504e-05 0.00422655 400 10.3627
420 2.92483e-05 0.00395513 500 10.6157
420 3.48139e-05 0.00292745 600 10.1868
420 3.18594e-05 0.00296541 700 10.0143
420 2.86677e-05 0.00402307 800 10.0629
430 7.61157e-05 0.00867162 100 10.4167
430 3.44403e-05 0.00762475 200 10.5263
430 3.31969e-05 0.00585869 300 9.86842
430 3.04933e-05 0.00446404 400 10.4439
430 3.07271e-05 0.00424802 500 10.6383
430 3.37022e-05 0.00299995 600 10.1868
430 3.05814e-05 0.00283873 700 9.97151
430 2.75273e-05 0.00415219 800 10.0883
440 7.81252e-05 0.00844515 100 10.3093
440 3.06881e-05 0.00782432 200 10.5263
440 3.08817e-05 0.00575991 300 9.90099
440 2.855e-05 0.00447533 400 10.5263
440 2.8755e-05 0.00432112 500 10.6838
440 3.01989e-05 0.00288718 600 10.1868
440 2.83005e-05 0.0029975 700 9.94318
440 2.84851e-05 0.00431463 800 10.1266
450 7.34049e-05 0.00917579 100 10.3093
450 3.40049e-05 0.00837023 200 10.4167
450 3.77171e-05 0.00653736 300 9.93377
450 3.3207e-05 0.00491197 400 10.582
450 3.07736e-05 0.00483673 500 10.6838
450 3.11171e-05 0.00310898 600 10.1868
450 2.50051e-05 0.00309637 700 9.94318
450 2.6689e-05 0.00443256 800 10.1523
460 8.1413e-05 0.00926578 100 10.3093
460 3.50408e-05 0.00776561 200 10.2564
460 3.60287e-05 0.00610874 300 9.93377
460 3.093e-05 0.00460851 400 10.6383
460 3.2857e-05 0.00448017 500 10.6383
460 2.74654e-05 0.00302912 600 10.1695
460 2.40833e-05 0.00329254 700 9.94318
460 2.68906e-05 0.00459745 800 10.1781
470 7.25884e-05 0.0089519 100 10.3093
470 3.92908e-05 0.00733574 200 10.0503
470 3.2225e-05 0.00564077 300 9.96678
470 3.21583e-05 0.00430435 400 10.6383
470 3.44995e-05 0.00412773 500 10.5263
470 2.97014e-05 0.00295946 600 10.1523
470 2.34278e-05 0.00343276 700 9.92908
470 2.81165e-05 0.00475867 800 10.2041
480 6.23397e-05 0.00894866 100 10.3093
480 3.71865e-05 0.00694049 200 9.85222
480 3.39855e-05 0.00538772 300 10
480 2.98762e-05 0.00386436 400 10.6101
480 3.78479e-05 0.00348862 500 10.4167
480 3.10318e-05 0.00282929 600 10.1351
480 2.37578e-05 0.00352368 700 9.92908
480 2.76758e-05 0.00478662 800 10.2433
490 7.53285e-05 0.00795851 100 10.2041
490 4.59349e-05 0.00633776 200 9.70874
490 3.15605e-05 0.00460249 300 10.0671
490 2.90673e-05 0.00320863 400 10.582
490 3.91363e-05 0.00261791 500 10.3093
490 3.07316e-05 0.00266938 600 10.101
490 2.73563e-05 0.00368348 700 9.92908
490 2.93611e-05 0.00502867 800 10.2696
500 6.36642e-05 0.00683585 100 10.3093
500 5.48097e-05 0.00546475 200 9.61539
500 3.35935e-05 0.00331713 300 10.1351
500 2.90416e-05 0.00268345 400 10.582
500 3.84231e-05 0.00196607 500 10.1833
500 2.99899e-05 0.00303036 600 10.0503
500 2.85317e-05 0.00430443 700 9.94318
500 2.88749e-05 0.00542068 800 10.3093
510 6.2721e-05 0.00654807 100 10.3093
510 4.42159e-05 0.00440477 200 9.52381
510 2.47375e-05 0.00306319 300 10.2041
510 2.45055e-05 0.00280216 400 10.582
510 3.56951e-05 0.00196917 500 10.101
510 3.22357e-05 0.0032942 600 9.95025
510 2.89381e-05 0.00443118 700 9.97151
510 3.06037e-05 0.00526869 800 10.3359
520 8.5554e-05 0.0047922 100 10.4167
520 4.57399e-05 0.00244122 200 9.52381
520 2.8657e-05 0.00248298 300 10.3448
520 2.89903e-05 0.00271274 400 10.6383
520 3.65532e-05 0.00274706 500 10.101
520 3.2957e-05 0.00399431 600 9.88468
520 3.07322e-05 0.00483346 700 10
520 3.25733e-05 0.00550018 800 10.3896
530 8.5971e-05 0.00458602 100 10.5263
530 4.01907e-05 0.0019052 200 9.56938
530 3.06233e-05 0.00261598 300 10.453
530 2.68556e-05 0.00278487 400 10.6952
530 3.5238e-05 0.00308258 500 10.1215
530 3.25628e-05 0.00419729 600 9.85222
530 3.30882e-05 0.0049552 700 10.043
530 3.37419e-05 0.0054998 800 10.4439
540 9.53091e-05 0.00317551 100 10.5263
540 4.42159e-05 0.00117694 200 9.66184
540 3.41022e-05 0.002924 300 10.5634
540 3.30946e-05 0.00316082 400 10.7527
540 3.56417e-05 0.00358305 500 10.1215
540 3.33565e-05 0.004561 600 9.85222
540 3.53217e-05 0.00516278 700 10.0865
540 3.54909e-05 0.0056331 800 10.4849
550 9.31585e-05 0.00142552 100 10.3093
550 3.96683e-05 0.00122975 200 9.70874
550 3.59183e-05 0.00326993 300 10.6762
550 3.57359e-05 0.00321271 400 10.7527
550 3.43054e-05 0.0036189 500 10.1215
550 3.28059e-05 0.00449305 600 9.86842
550 3.63135e-05 0.00509199 700 10.1302
550 3.61205e-05 0.00549462 800 10.5263
560 7.73585e-05 0.00216233 100 9.80392
560 2.9195e-05 0.00189374 200 9.70874
560 3.07097e-05 0.00305346 300 10.7143
560 3.75853e-05 0.00266355 400 10.6383
560 3.36741e-05 0.00295111 500 10.101
560 3.18845e-05 0.00404365 600 9.85222
560 3.55962e-05 0.00476346 700 10.1597
560 3.62132e-05 0.00526371 800 10.5541
570 7.00817e-05 0.00146459 100 9.52381
570 2.69662e-05 0.00231971 200 9.7561
570 2.91156e-05 0.00299926 300 10.6762
570 3.83895e-05 0.00232201 400 10.4987
570 3.65662e-05 0.00302134 500 10.0806
570 3.12233e-05 0.00402336 600 9.85222
570 3.62129e-05 0.00488133 700 10.1892
570 3.55748e-05 0.00519215 800 10.596
580 9.91107e-05 0.000470415 100 9.25926
580 3.22044e-05 0.00269046 200 9.85222
580 2.77649e-05 0.003626 300 10.6762
580 3.95557e-05 0.00332087 400 10.3627
580 3.87075e-05 0.00390005 500 10.0604
580 3.44409e-05 0.00456779 600 9.85222
580 3.73702e-05 0.00529875 700 10.2339
580 3.84343e-05 0.00556965 800 10.6242
590 8.28643e-05 0.00123673 100 9.00901
590 3.32964e-05 0.00182022 200 9.95025
590 3.18114e-05 0.00227463 300 10.6383
590 4.63874e-05 0.00251623 400 10.2041
590 3.82365e-05 0.00280799 500 10.02
590 3.81368e-05 0.00351859 600 9.85222
590 3.90762e-05 0.00466467 700 10.2639
590 4.04004e-05 0.0054337 800 10.6525
600 3.62119e-05 0.00282947 100 8.84956
600 2.93985e-05 0.0019967 200 10.0503
600 3.2225e-05 0.00147741 300 10.6007
600 4.57892e-05 0.000892203 400 10.0756
600 3.83485e-05 0.00164739 500 9.92064
600 3.77703e-05 0.00300809 600 9.86842
600 3.9411e-05 0.00416889 700 10.2941
600 4.04327e-05 0.00490239 800 10.6952
610 3.45267e-05 0.0023836 100 8.69565
610 4.44176e-05 0.00144085 200 10.1523
610 3.70438e-05 0.00203748 300 10.6383
610 4.71521e-05 0.00134873 400 10
610 4.28918e-05 0.00112834 500 9.80392
610 3.84223e-05 0.00271517 600 9.90099
610 4.1621e-05 0.00399522 700 10.3397
610 4.26219e-05 0.00515807 800 10.7239
620 5.50266e-05 0.00190416 100 8.69565
620 5.01531e-05 0.00206205 200 10.3093
620 4.25054e-05 0.00348153 300 10.6762
620 4.77176e-05 0.00221735 400 10
620 4.15477e-05 0.000863406 500 9.72763
620 4.1289e-05 0.00249661 600 9.93377
620 4.02237e-05 0.00389296 700 10.3858
620 4.31519e-05 0.00511404 800 10.7672
630 6.05942e-05 0.00211578 100 8.77193
630 4.94952e-05 0.00204788 200 10.4712
630 4.19723e-05 0.00358794 300 10.7527
630 4.51996e-05 0.00170423 400 10
630 4.05251e-05 0.00111721 500 9.70874
630 4.01091e-05 0.0028542 600 9.98336
630 4.28538e-05 0.0040482 700 10.4478
630 4.18188e-05 0.00536689 800 10.8108
640 6.21482e-05 0.00228382 100 8.92857
640 4.95553e-05 0.00200793 200 10.6383
640 4.37038e-05 0.00353962 300 10.8303
640 4.37419e-05 0.00148821 400 10.0251
640 3.71484e-05 0.00159869 500 9.72763
640 3.97858e-05 0.00312318 600 10.0334
640 4.22707e-05 0.0040992 700 10.4948
640 4.00251e-05 0.00540094 800 10.8696
650 5.73601e-05 0.00329999 100 9.17431
650 4.56747e-05 0.00215944 200 10.8696
650 4.27849e-05 0.00343565 300 10.8696
650 4.08165e-05 0.00153106 400 10.0756
650 3.6501e-05 0.00192913 500 9.76562
650 3.98024e-05 0.00328548 600 10.101
650 4.10026e-05 0.00411137 700 10.574
650 3.97589e-05 0.00556169 800 10.929
660 6.62338e-05 0.00431245 100 9.43396
660 4.13602e-05 0.00294821 200 11.1111
660 4.37341e-05 0.00379411 300 10.8696
660 3.82729e-05 0.00217962 400 10.1266
660 3.54269e-05 0.00272118 500 9.82318
660 3.91565e-05 0.00346211 600 10.1868
660 4.02298e-05 0.00412614 700 10.6383
660 3.89016e-05 0.00525417 800 11.0041
670 4.47518e-05 0.00433658 100 9.80392
670 4.1504e-05 0.00288048 200 11.2994
670 5.25144e-05 0.00328204 300 10.8303
670 4.09077e-05 0.00203815 400 10.1781
670 3.2034e-05 0.00250892 500 9.88142
670 4.20992e-05 0.00357297 600 10.2564
670 4.105e-05 0.00414286 700 10.7198
670 4.19878e-05 0.00544439 800 11.065
680 7.25884e-05 0.00554537 100 10.101
680 4.82759e-05 0.00416185 200 11.3636
680 4.95289e-05 0.00416211 300 10.7914
680 3.85831e-05 0.00270798 400 10.2302
680 3.44995e-05 0.00288446 500 9.92064
680 4.13531e-05 0.00355369 600 10.3448
680 4.16093e-05 0.00410426 700 10.7858
680 4.07585e-05 0.00533461 800 11.1421
690 4.73407e-05 0.00404958 100 10.5263
690 4.48184e-05 0.00287945 200 11.4943
690 5.50512e-05 0.00285321 300 10.7143
690 4.41489e-05 0.00166401 400 10.2564
690 3.69812e-05 0.00230846 500 9.96016
690 4.3841e-05 0.00369177 600 10.4167
690 4.53906e-05 0.00436681 700 10.8527
690 4.13349e-05 0.00599068 800 11.2045
700 6.2721e-05 0.0046393 100 10.8696
700 5.12698e-05 0.00441553 200 11.5607
700 5.59581e-05 0.00383689 300 10.6007
700 4.3844e-05 0.00277434 400 10.2828
700 4.41195e-05 0.00234354 500 10.02
700 4.76629e-05 0.00345982 600 10.4895
700 4.70023e-05 0.00463501 700 10.9204
700 4.40238e-05 0.00658175 800 11.2676
710 6.01994e-05 0.0032002 100 11.3636
710 5.16174e-05 0.00327053 200 11.6959
710 5.72452e-05 0.00284507 300 10.5263
710 4.3878e-05 0.00162648 400 10.2302
710 4.5461e-05 0.00206428 500 10.0806
710 4.64025e-05 0.00348576 600 10.5634
710 4.67532e-05 0.00461904 700 10.989
710 4.52674e-05 0.00665668 800 11.3314
720 5.58864e-05 0.00213228 100 11.7647
720 4.69616e-05 0.002384 200 11.8343
720 5.35881e-05 0.00170641 300 10.4895
720 5.04205e-05 0.000824446 400 10.1266
720 4.72611e-05 0.00235271 500 10.1215
720 4.77878e-05 0.00372684 600 10.6195
720 4.85406e-05 0.00499787 700 11.041
720 4.3264e-05 0.00706976 800 11.396
730 5.98021e-05 0.0016539 100 12.1951
730 4.36051e-05 0.00232633 200 11.9048
730 5.46649e-05 0.00115996 300 10.453
730 4.78267e-05 0.00108241 400 10
730 4.8614e-05 0.00251931 500 10.1833
730 4.70193e-05 0.00382308 600 10.6952
730 4.42175e-05 0.00527094 700 11.0935
730 4.40323e-05 0.00740642 800 11.4449
740 5.9201e-05 0.00132235 100 12.6582
740 4.08527e-05 0.00185644 200 11.976
740 4.84199e-05 0.000463497 300 10.4167
740 4.71521e-05 0.00189708 400 9.95025
740 4.64571e-05 0.00284562 500 10.2249
740 5.00755e-05 0.00397839 600 10.7335
740 4.73222e-05 0.00565624 700 11.1465
740 4.42938e-05 0.00781567 800 11.4943
750 5.96024e-05 0.000534774 100 12.987
750 4.88283e-05 0.0017147 200 11.976
750 5.09005e-05 0.00051803 300 10.4167
750 4.41489e-05 0.00249401 400 9.92556
750 4.86336e-05 0.00330708 500 10.2669
750 4.84075e-05 0.00413781 600 10.7914
750 4.72914e-05 0.00584056 700 11.1821
750 4.21516e-05 0.00790629 800 11.544
760 4.28465e-05 0.000924526 100 13.1579
760 4.54129e-05 0.000976855 200 11.8343
760 4.2754e-05 0.000782892 300 10.3448
760 4.1594e-05 0.00277787 400 9.90099
760 4.80119e-05 0.00329513 500 10.2881
760 4.90599e-05 0.00402158 600 10.8303
760 4.70541e-05 0.00605269 700 11.2179
760 4.14923e-05 0.00803948 800 11.5774
770 5.0034e-05 0.000798874 100 12.987
770 5.88985e-05 0.00106342 200 11.3636
770 4.78697e-05 0.000900506 300 10.274
770 3.94047e-05 0.00275132 400 9.85222
770 4.92281e-05 0.00359615 500 10.3306
770 4.84486e-05 0.00421174 600 10.8499
770 4.96655e-05 0.00603315 700 11.254
770 4.08908e-05 0.00790694 800 11.611
780 4.68343e-05 0.00174765 100 12.6582
780 6.8054e-05 0.000890015 200 10.929
780 5.10564e-05 0.00142973 300 10.1695
780 4.60327e-05 0.00319043 400 9.82801
780 5.0235e-05 0.00415177 500 10.352
780 5.05364e-05 0.00454603 600 10.8696
780 4.67948e-05 0.00633803 700 11.2721
780 4.07356e-05 0.00818677 800 11.6279
790 4.42158e-05 0.0018656 100 12.0482
790 6.22443e-05 0.00152093 200 10.4167
790 4.53109e-05 0.00161243 300 10.0334
790 4.68509e-05 0.00331512 400 9.77995
790 4.88879e-05 0.00419311 500 10.3734
790 4.97437e-05 0.00435074 600 10.8893
790 4.74147e-05 0.00638749 700 11.2903
790 3.99273e-05 0.00811298 800 11.6448
800 4.60644e-05 0.00132521 100 11.7647
800 6.07909e-05 0.00234038 200 9.95025
800 4.89099e-05 0.00284203 300 9.74026
800 4.66756e-05 0.00377516 400 9.7561
800 5.12407e-05 0.00431486 500 10.3734
800 5.16256e-05 0.00442699 600 10.8893
800 4.75326e-05 0.00652381 700 11.3086
800 4.26656e-05 0.00818388 800 11.611
810 2.29024e-05 0.00346646 100 11.3636
810 5.00341e-05 0.00403288 200 9.66184
810 4.75086e-05 0.00450379 300 9.40439
810 5.04205e-05 0.00405567 400 9.73236
810 4.90243e-05 0.00433744 500 10.395
810 4.69418e-05 0.00468914 600 10.8893
810 4.75786e-05 0.00690547 700 11.3086
810 4.30005e-05 0.00853257 800 11.5108
820 3.62119e-05 0.00400577 100 11.1111
820 4.05598e-05 0.00434433 200 9.47867
820 4.09176e-05 0.00576618 300 9.20245
820 4.75768e-05 0.00462379 400 9.70874
820 4.82101e-05 0.00459192 500 10.395
820 5.08369e-05 0.00457297 600 10.9091
820 4.4448e-05 0.00647409 700 11.3269
820 4.59901e-05 0.00778248 800 11.2676
830 4.63225e-05 0.00323869 100 10.7527
830 4.29161e-05 0.00356861 200 9.34579
830 4.15281e-05 0.00513394 300 9.11854
830 5.10374e-05 0.00406653 400 9.73236
830 5.15099e-05 0.0041558 500 10.4167
830 5.2642e-05 0.00540743 600 10.9091
830 4.63874e-05 0.00750934 700 11.3452
830 4.34916e-05 0.0082986 800 11.1111
840 8.4573e-05 0.00175424 100 10.2041
840 5.08612e-05 0.00287581 200 9.25926
840 4.86927e-05 0.0047375 300 9.09091
840 5.42915e-05 0.003954 400 9.7561
840 5.51581e-05 0.0042605 500 10.4384
840 5.42593e-05 0.00622944 600 10.9489
840 4.71574e-05 0.00835822 700 11.3821
840 3.68051e-05 0.00874447 800 11.0345
850 7.96365e-05 0.00325841 100 9.70874
850 6.00014e-05 0.00306137 200 9.21659
850 5.1186e-05 0.00407669 300 9.09091
850 6.15715e-05 0.0038935 400 9.80392
850 5.62369e-05 0.00440424 500 10.5042
850 5.51372e-05 0.00671581 600 11.0092
850 4.65602e-05 0.00898922 700 11.4192
850 3.83324e-05 0.00872511 800 10.9739
860 7.61157e-05 0.00401434 100 9.43396
860 6.39448e-05 0.00316849 200 9.21659
860 5.48101e-05 0.00423567 300 9.11854
860 5.80585e-05 0.00432824 400 9.90099
860 5.71621e-05 0.00450254 500 10.5708
860 5.41064e-05 0.0068016 600 11.0701
860 4.7245e-05 0.00898459 700 11.4943
870 8.70733e-05 0.00441352 100 9.00901
870 6.57373e-05 0.00350785 200 9.17431
870 5.873e-05 0.00453137 300 9.14634
870 5.39749e-05 0.00475792 400 9.97506
870 5.64992e-05 0.00455959 500 10.6383
870 5.34661e-05 0.00688707 600 11.1317
870 4.52079e-05 0.00890705 700 11.5321
880 9.55589e-05 0.00521549 100 8.62069
880 5.73604e-05 0.00535136 200 9.00901
880 5.49549e-05 0.005756 300 9.17431
880 5.39473e-05 0.00551322 400 10.0251
880 5.63725e-05 0.00461183 500 10.6838
880 5.41248e-05 0.006671 600 11.194
880 4.61666e-05 0.00849332 700 11.5702
890 7.30794e-05 0.0068919 100 8.40336
890 6.01997e-05 0.00618292 200 8.73362
890 5.71989e-05 0.00512579 300 9.20245
890 5.78271e-05 0.00494595 400 10.101
890 5.95805e-05 0.00454989 500 10.7296
890 5.48783e-05 0.00706017 600 11.236
890 4.88006e-05 0.00901471 700 11.5702
900 8.00843e-05 0.0073503 100 8.26446
900 6.14734e-05 0.00678285 200 8.51064
900 6.40592e-05 0.00465764 300 9.25926
900 5.73873e-05 0.00464181 400 10.1523
900 5.98919e-05 0.00510888 500 10.7759
900 5.57584e-05 0.00778855 600 11.2782
900 5.0823e-05 0.00969053 700 11.4192
910 6.40376e-05 0.00830931 100 8.13008
910 5.62587e-05 0.00815595 200 8.40336
910 6.25314e-05 0.00495183 300 9.28793
910 6.22335e-05 0.00461871 400 10.2041
910 6.05886e-05 0.00539925 500 10.8225
910 5.54726e-05 0.00804916 600 11.3208
910 5.41428e-05 0.00948714 700 11.2179
920 4.55439e-05 0.00842614 100 8.13008
920 5.21915e-05 0.00900845 200 8.40336
920 5.95809e-05 0.00543345 300 9.34579
920 5.90259e-05 0.00484507 400 10.2564
920 5.82939e-05 0.00510019 500 10.8932
920 5.12909e-05 0.00728674 600 11.4068
920 4.78642e-05 0.00812371 700 11.1288
930 5.58864e-05 0.00834202 100 8.26446
930 5.34888e-05 0.00926125 200 8.47458
930 5.84587e-05 0.0053858 300 9.46372
930 6.1183e-05 0.00502546 400 10.3896
930 6.34266e-05 0.00560829 500 10.989
930 5.17409e-05 0.00764134 600 11.4943
930 4.37083e-05 0.00809065 700 11.1288
940 3.78221e-05 0.010319 100 8.40336
940 4.36733e-05 0.0108037 200 8.58369
940 5.35633e-05 0.00741944 300 9.61539
940 5.52708e-05 0.00597461 400 10.5263
940 5.54685e-05 0.00464975 500 11.1111
940 4.62237e-05 0.0059202 600 11.6054
940 3.52804e-05 0.00622824 700 11.1465
950 7.50114e-05 0.00655052 100 8.62069
950 6.68612e-05 0.00723279 200 8.73362
950 6.73847e-05 0.00539036 300 9.77199
950 6.4503e-05 0.00592484 400 10.6667
950 6.30495e-05 0.00770382 500 11.236
950 5.29994e-05 0.00965874 600 11.7188
950 4.10144e-05 0.00905652 700 11.1465
960 9.0563e-05 0.00512317 100 8.84956
960 7.59595e-05 0.00578127 200 8.84956
960 7.69652e-05 0.00527791 300 9.93377
960 6.99348e-05 0.00700331 400 10.7817
960 6.68887e-05 0.00963576 500 11.3636
960 5.68933e-05 0.0117184 600 11.8343
960 4.55565e-05 0.0103594 700 11.1465
970 9.65517e-05 0.00510841 100 9.00901
970 8.101e-05 0.00584114 200 8.96861
970 7.43209e-05 0.00578337 300 10.101
970 7.30717e-05 0.00763259 400 10.929
970 6.61503e-05 0.0103386 500 11.4943
970 5.62198e-05 0.0122545 600 11.9522
980 9.36689e-05 0.00563458 100 9.25926
980 7.94122e-05 0.00642953 200 9.17431
980 6.99504e-05 0.00621104 300 10.274
980 6.93678e-05 0.00733112 400 11.0803
980 6.46775e-05 0.00965109 500 11.6279
980 5.41126e-05 0.0114123 600 12.0724
990 6.1956e-05 0.00681191 100 9.34579
990 7.21771e-05 0.00761619 200 9.34579
990 6.47993e-05 0.00699379 300 10.453
990 6.67176e-05 0.00707884 400 11.236
990 6.04072e-05 0.0089193 500 11.7925
990 5.36083e-05 0.010464 600 12.1951
1000 7.32424e-05 0.00749596 100 9.17431
1000 6.91402e-05 0.00705201 200 9.52381
1000 7.02339e-05 0.00682647 300 10.6383
1000 6.95716e-05 0.00687932 400 11.396
1000 6.17502e-05 0.00906912 500 11.9048
1000 5.48964e-05 0.0106766 600 12.2699
1010 7.14295e-05 0.00931812 100 8.92857
1010 6.92264e-05 0.00690054 200 9.66184
1010 6.43068e-05 0.00685551 300 10.7914
1010 7.28163e-05 0.00656676 400 11.5274
1010 6.1673e-05 0.00880232 500 12.0482
1010 5.48602e-05 0.0105794 600 12.2951
1020 6.25306e-05 0.0112695 100 8.69565
1020 6.82727e-05 0.0071557 200 9.7561
1020 6.18927e-05 0.00684607 300 10.9489
1020 6.52381e-05 0.00593546 400 11.6279
1020 5.94042e-05 0.00786636 500 12.1359
1020 5.30681e-05 0.00956778 600 12.1704
1030 6.42235e-05 0.0128076 100 8.62069
1030 6.89676e-05 0.00696548 200 9.90099
1030 6.53286e-05 0.00655475 300 11.0701
1030 6.17286e-05 0.00540024 400 11.7302
1030 5.59819e-05 0.00713352 500 12.2249
1030 5.54308e-05 0.00820235 600 11.9522
1040 5.81855e-05 0.0129894 100 8.62069
1040 6.91402e-05 0.00701834 200 10
1040 6.81277e-05 0.00631338 300 11.194
1040 6.63143e-05 0.00554537 400 11.8343
1040 5.67519e-05 0.00740223 500 12.3457
1040 5.19454e-05 0.00807255 600 11.8343
1050 5.75676e-05 0.0145459 100 8.62069
1050 6.26262e-05 0.00766321 200 10.1523
1050 6.52069e-05 0.00678348 300 11.3208
1050 6.78363e-05 0.00543199 400 11.9403
1050 5.30425e-05 0.00674929 500 12.4378
1050 4.26074e-05 0.00697002 600 11.7647
1060 6.17633e-05 0.0130785 100 8.69565
1060 7.11373e-05 0.00816068 200 10.3093
1060 6.49626e-05 0.00664086 300 11.4504
1060 6.7063e-05 0.00560809 400 12.0482
1060 5.23638e-05 0.00684074 500 12.5313
1060 3.86458e-05 0.00661422 600 11.7188
1070 6.93979e-05 0.0123324 100 8.77193
1070 6.83163e-05 0.00896695 200 10.4712
1070 6.73651e-05 0.00677439 300 11.583
1070 6.24964e-05 0.00590561 400 12.1581
1070 5.12686e-05 0.00703429 500 12.6263
1070 3.7098e-05 0.0062343 600 11.6279
1080 7.04211e-05 0.0130068 100 8.84956
1080 7.04215e-05 0.00997178 200 10.6952
1080 6.83606e-05 0.0067459 300 11.7188
1080 5.9152e-05 0.00560681 400 12.3077
1080 4.85158e-05 0.00661126 500 12.7551
1090 7.07588e-05 0.0136758 100 9.00901
1090 7.16799e-05 0.0107817 200 10.8696
1090 6.56522e-05 0.00693063 300 11.9048
1090 5.82123e-05 0.00602299 400 12.4611
1090 4.78826e-05 0.00684582 500 12.8535
1100 7.88845e-05 0.0123901 100 9.34579
1100 7.36486e-05 0.00993315 200 11.1732
1100 7.18744e-05 0.00634325 300 12.0968
1100 6.33608e-05 0.00627847 400 12.6582
1100 5.15931e-05 0.00715827 500 12.987
1110 6.74819e-05 0.0118135 100 9.80392
1110 6.75265e-05 0.0102552 200 11.5607
1110 7.08722e-05 0.00694491 300 12.3967
1110 5.96287e-05 0.00678882 400 12.8617
1110 5.11009e-05 0.00765744 500 13.1579
1120 7.29161e-05 0.00933096 100 10.3093
1120 7.35271e-05 0.00897982 200 11.976
1120 7.61694e-05 0.00613867 300 12.6582
1120 6.07798e-05 0.00698991 400 13.1148
1120 5.17224e-05 0.00825944 500 13.2626
1130 7.1095e-05 0.0082242 100 10.8696
1130 7.26709e-05 0.00848407 200 12.3457
1130 7.14493e-05 0.00575585 300 12.931
1130 5.88362e-05 0.00661454 400 13.3333
1130 5.24821e-05 0.00775414 500 13.2626
1140 7.46928e-05 0.00627615 100 11.236
1140 6.20044e-05 0.00708824 200 12.6582
1140 6.49218e-05 0.00462613 300 13.1579
1140 5.78528e-05 0.0059704 400 13.5593
1140 5.63978e-05 0.00727742 500 13.0548
1150 7.76661e-05 0.00541332 100 11.6279
1150 7.29983e-05 0.00632749 200 12.9032
1150 6.76985e-05 0.00441036 300 13.3333
1150 5.81867e-05 0.00589441 400 13.6986
1150 5.41371e-05 0.00645619 500 12.8205
1160 7.59589e-05 0.00531058 100 11.9048
1160 6.91833e-05 0.00597942 200 13.1579
1160 6.58135e-05 0.0039322 300 13.5135
1160 5.41541e-05 0.00520956 400 13.8408
1160 4.67538e-05 0.00555628 500 12.6904
1170 7.14295e-05 0.00604602 100 12.3457
1170 6.88811e-05 0.00573058 200 13.3333
1170 6.43892e-05 0.00316895 300 13.6986
1170 4.97061e-05 0.00436996 400 13.986
1170 3.64617e-05 0.00460329 500 12.5945
1180 0.000103581 0.00861623 100 12.6582
1180 7.34054e-05 0.00573658 200 13.6054
1180 6.45535e-05 0.00286115 300 13.8249
1180 4.81992e-05 0.00414678 400 14.0845
1180 3.38577e-05 0.00401522 500 12.4688
1190 9.22583e-05 0.0116941 100 13.1579
1190 7.59595e-05 0.00650012 200 13.7931
1190 6.01561e-05 0.00343461 300 14.0187
1190 4.48853e-05 0.00404983 400 14.2349
1200 8.65239e-05 0.012734 100 13.5135
1200 6.90539e-05 0.00665364 200 13.986
1200 5.54109e-05 0.00426173 300 14.1509
1200 4.43005e-05 0.00438406 400 14.2857
1210 8.03815e-05 0.0132518 100 13.6986
1210 7.28757e-05 0.00690647 200 14.0845
1210 5.51233e-05 0.00502543 300 14.2857
1210 4.67713e-05 0.00526681 400 14.2857
1220 6.29107e-05 0.0131161 100 13.8889
1220 4.80283e-05 0.00590422 200 14.1844
1220 5.36869e-05 0.00383826 300 14.3541
1220 4.63874e-05 0.00454982 400 13.986
1230 6.83595e-05 0.0128665 100 14.0845
1230 6.87078e-05 0.00531825 200 14.2857
1230 5.13152e-05 0.00378049 300 14.4231
1230 5.48377e-05 0.00401764 400 13.3333
1240 6.5145e-05 0.0124326 100 14.2857
1240 6.6772e-05 0.00549794 200 14.2857
1240 5.13152e-05 0.00413829 300 14.4928
1240 4.49848e-05 0.00402368 400 12.8617
1250 6.67716e-05 0.0101974 100 14.2857
1250 6.45478e-05 0.00382386 200 14.3885
1250 4.82555e-05 0.00338898 300 14.4928
1250 3.60886e-05 0.00337311 400 12.5786
1260 6.92259e-05 0.00761882 100 14.2857
1260 6.50079e-05 0.00384597 200 14.3885
1260 4.85565e-05 0.00400019 300 14.5631
1260 3.56315e-05 0.003736 400 12.2324
1270 8.40073e-05 0.00458849 100 14.2857
1270 7.13465e-05 0.00380154 200 14.3885
1270 5.2464e-05 0.00427835 300 14.4928
1280 7.65841e-05 0.00373329 100 14.0845
1280 6.88378e-05 0.0032161 200 14.3885
1280 5.19055e-05 0.00342793 300 14.4231
1290 5.73601e-05 0.00191526 100 14.0845
1290 6.62342e-05 0.00276455 200 14.3885
1290 5.38593e-05 0.00319895 300 13.9535
1300 8.03815e-05 0.00125424 100 14.0845
1300 6.45478e-05 0.00255608 200 14.3885
1300 6.71287e-05 0.00272203 300 12.931
1310 7.4373e-05 0.00189566 100 14.0845
1310 6.00014e-05 0.00147449 200 14.4928
1310 5.68738e-05 0.00157176 300 12.3457
1320 7.79725e-05 0.00226076 100 14.0845
1320 5.2533e-05 0.00149615 200 14.4928
1320 4.47521e-05 0.00146466 300 12
1330 7.53285e-05 0.00228901 100 14.0845
1330 4.89502e-05 0.00163343 200 14.4928
1330 4.39155e-05 0.00184646 300 11.5385
1340 6.13761e-05 0.00323833 100 14.0845
1340 4.03388e-05 0.00417528 200 14.4928
1350 6.99114e-05 0.00314151 100 14.2857
1350 4.74037e-05 0.00469301 200 14.2857
1360 7.68948e-05 0.0010223 100 14.2857
1360 5.96527e-05 0.00279223 200 13.6054
1370 4.88282e-05 0.00354022 100 14.4928
1370 6.39914e-05 0.00444633 200 12.2699
1380 6.2721e-05 0.00584627 100 14.4928
1380 5.42632e-05 0.00503622 200 11.4943
1390 4.80902e-05 0.00796002 100 14.4928
1390 5.78776e-05 0.00462639 200 11.0497
1400 3.16443e-05 0.00885491 100 14.4928
1410 3.48703e-05 0.0102989 100 14.4928
1420 3.34749e-05 0.0114067 100 13.8889
1430 6.17633e-05 0.0101833 100 12.1951
1440 6.74819e-05 0.0103212 100 10.101
1450 5.79803e-05 0.00616088 100 9.25926
1460 7.70497e-05 0.00355948 100 8.54701
