-5.55112e-17 2.22045e-16 0 -2.98023e-08
0.00203758 3.94173 -0.0375494 3.94467
0.00757102 7.90877 -0.0588144 7.89606
0.00678092 11.9043 -0.0988816 11.8741
-0.00585175 15.9307 -0.149058 15.9037
0.00500609 19.9867 -0.164066 19.9796
-0.00736932 24.0721 -0.169822 24.0497
0.00196227 28.1947 -0.185385 28.1474
0.00682708 32.3353 -0.198173 32.2867
0.0121194 36.5079 -0.201374 36.463
0.0194295 40.7044 -0.204184 40.638
0.0262236 44.9282 -0.229645 44.8652
0.0335922 49.1796 -0.219597 49.0963
0.0253698 53.4572 -0.26195 53.3571
0.0132291 57.7455 -0.293358 57.6337
0.00276421 62.028 -0.331844 61.9563
-0.00595393 66.2894 -0.357197 66.2447
-0.0270227 70.53 -0.395857 70.4415
-0.0467759 74.7424 -0.436816 74.6746
-0.0528733 78.935 -0.45704 78.8734
-0.0483881 83.0972 -0.465782 83.0539
-0.0751804 87.2502 -0.492362 87.1492
-0.111047 91.3752 -0.513652 91.3565
-0.169705 95.4608 -0.546602 95.5237
-0.234406 99.5151 -0.585436 99.6069
-0.28676 103.546 -0.618981 103.644
-0.334309 107.565 -0.652526 107.782
-0.394315 111.577 -0.668372 111.645
-0.42959 115.56 -0.685965 115.587
-0.430614 119.561 -0.692499 119.548
-0.456074 123.624 -0.686516 123.624
-0.47085 127.692 -0.665689 127.665
-0.470125 131.756 -0.629545 131.639
-0.46612 135.815 -0.579428 135.625
-0.464181 139.863 -0.537026 139.705
-0.474702 143.91 -0.508302 143.726
-0.484415 147.954 -0.483683 147.815
-0.497985 151.992 -0.445501 151.858
-0.518837 156.033 -0.44529 155.865
-0.490889 160.079 -0.41089 159.911
-0.47678 164.13 -0.406859 163.988
-0.449484 168.2 -0.40064 168.04
-0.411154 172.284 -0.395448 172.191
-0.358878 176.409 -0.388534 176.288
-0.313655 180.542 -0.377011 180.515
-0.318656 184.704 -0.394881 184.701
-0.308933 188.9 -0.405459 189.001
-0.300756 193.121 -0.402366 193.271
-0.295505 197.381 -0.371719 197.401
-0.332199 201.657 -0.388696 201.659
-0.348136 205.97 -0.392263 206.031
-0.342964 210.323 -0.366504 210.383
-0.357581 214.714 -0.368094 214.755
-0.360488 219.142 -0.36425 219.143
-0.375507 223.589 -0.36331 223.681
-0.378527 228.06 -0.378189 228.184
-0.37457 232.542 -0.375382 232.634
-0.378408 237.045 -0.378432 237.196
-0.382092 241.571 -0.38415 241.712
-0.377078 246.123 -0.379764 246.26
-0.365894 250.696 -0.368541 250.785
-0.356528 255.288 -0.35884 255.409
-0.3408 259.9 -0.346848 260.037
-0.325374 264.511 -0.321468 264.67
-0.317394 269.138 -0.295865 269.331
-0.31404 273.765 -0.265678 273.969
-0.306203 278.395 -0.217043 278.702
-0.27649 283.05 -0.140525 283.337
-0.230158 287.7 -0.0734378 288.026
-0.192693 292.369 0.00790969 292.73
-0.168171 297.072 0.0676992 297.474
-0.143657 301.821 0.118372 302.289
-0.111308 306.609 0.180754 307.103
-0.0932494 311.433 0.238688 311.844
-0.107981 316.295 0.27753 316.701
-0.10397 321.182 0.308533 321.63
-0.0964844 326.068 0.321568 326.551
-0.0744272 330.951 0.352695 331.418
-0.0543496 335.802 0.390482 336.288
-0.0425701 340.629 0.416448 341.149
-0.0351466 345.453 0.409494 345.952
-0.0415633 350.253 0.409213 350.761
-0.0750661 355.038 0.398675 355.53
-0.109101 359.812 0.393156 360.322
-0.141995 364.587 0.392689 365.048
-0.185891 369.387 0.398395 369.858
-0.237813 374.225 0.397144 374.645
-0.270401 378.993 0.400604 379.442
-0.296087 383.841 0.425133 384.248
-0.316454 388.686 0.463827 389.082
-0.32379 393.558 0.499657 393.979
