0 0.000110917 0.00789145 100 9.09091
0 3.96683e-05 0.00273542 200 7.63359
0 3.18945e-05 0.00386467 300 7.1599
0 3.44622e-05 0.00239065 400 6.89655
0 2.14178e-05 0.00156412 500 7.27802
0 2.1377e-05 0.0020167 600 7.27273
0 2.55061e-05 0.00216571 700 7.18686
0 2.07881e-05 0.00169874 800 7.30594
10 0.000106754 0.00887643 100 8.84956
10 3.99676e-05 0.00394142 200 7.72201
10 3.24299e-05 0.00536576 300 7.07547
10 2.85761e-05 0.00321074 400 6.93241
10 1.8529e-05 0.00198998 500 7.32064
10 2.24646e-05 0.00230008 600 7.2904
10 2.47803e-05 0.0023643 700 7.20165
10 2.20068e-05 0.00189779 800 7.33272
20 0.000161209 0.00326231 100 8.19672
20 4.35366e-05 0.00341538 200 7.7821
20 4.07229e-05 0.00428665 300 7.04225
20 3.00255e-05 0.00221208 400 6.96864
20 2.62405e-05 0.00112024 500 7.35294
20 2.98792e-05 0.0017197 600 7.29927
20 2.49564e-05 0.00134858 700 7.20906
20 2.06081e-05 0.000982984 800 7.35294
30 0.000149626 0.00738467 100 7.75194
30 4.97953e-05 0.00580375 200 7.7821
30 5.43733e-05 0.00566949 300 7.00935
30 3.60472e-05 0.00422296 400 6.9808
30 3.32896e-05 0.00251423 500 7.37463
30 3.21843e-05 0.00267398 600 7.29927
30 2.70162e-05 0.00248736 700 7.19424
30 2.2608e-05 0.00244808 800 7.35971
40 0.000104725 0.00489668 100 7.57576
40 4.16474e-05 0.00401267 200 7.69231
40 3.85164e-05 0.00451108 300 6.99301
40 3.39174e-05 0.00188515 400 6.95652
40 2.60947e-05 0.000466569 500 7.37463
40 2.7979e-05 0.00189076 600 7.28155
40 2.43045e-05 0.000823884 700 7.15015
40 2.21671e-05 0.00035424 800 7.35294
50 7.96365e-05 0.00715052 100 7.40741
50 2.44141e-05 0.00379693 200 7.57576
50 4.30319e-05 0.00267531 300 6.97674
50 2.30646e-05 0.00197669 400 6.93241
50 2.76733e-05 0.00138833 500 7.36377
50 2.69296e-05 0.00219496 600 7.19424
50 2.16353e-05 0.00147014 700 7.11382
50 2.12314e-05 0.00139205 800 7.33272
60 5.09781e-05 0.00580809 100 7.19424
60 1.09183e-05 0.00296448 200 7.40741
60 2.94323e-05 0.00211546 300 6.94444
60 2.12837e-05 0.000633142 400 6.92042
60 2.07161e-05 0.000679785 500 7.35294
60 2.50701e-05 0.00158588 600 7.05053
60 1.9419e-05 0.000736033 700 7.09939
60 1.616e-05 0.000788439 800 7.30594
70 5.25896e-05 0.0044589 100 6.94444
70 1.44436e-05 0.00362447 200 7.22022
70 3.04063e-05 0.00260665 300 6.84932
70 2.21752e-05 0.000644197 400 6.90846
70 1.91616e-05 0.000808437 500 7.33138
70 2.94888e-05 0.00160229 600 6.99301
70 2.11348e-05 0.000948385 700 7.0922
70 1.66035e-05 0.00121816 800 7.25295
80 4.9314e-05 0.00468111 100 6.71141
80 6.90534e-06 0.00581391 200 6.96864
80 2.09702e-05 0.00387194 300 6.62252
80 1.65134e-05 0.00119107 400 6.89655
80 1.58372e-05 0.000883416 500 7.27802
80 2.26262e-05 0.00148124 600 6.96056
80 1.75083e-05 0.00122964 700 7.0922
80 1.71118e-05 0.00186168 800 7.11111
90 3.16443e-05 0.00422462 100 6.53595
90 2.39208e-05 0.00344744 200 6.71141
90 3.09246e-05 0.00275376 300 6.39659
90 6.57369e-06 0.00113488 400 6.88468
90 2.16613e-05 0.000944787 500 7.1736
90 1.93953e-05 0.00117416 600 6.93642
90 1.6507e-05 0.00122689 700 7.08502
90 1.72419e-05 0.00152907 800 7.04846
100 6.69499e-05 0.00614022 100 6.45161
100 3.00997e-05 0.0066143 200 6.57895
100 2.26114e-05 0.00441492 300 6.34249
100 7.81632e-06 0.00124306 400 6.88468
100 9.05628e-06 0.00111826 500 7.0028
100 1.6777e-05 0.001261 600 6.92841
100 1.34357e-05 0.0015618 700 7.08502
100 1.58105e-05 0.00196862 800 7.02371
110 0.000133097 0.0114581 100 6.53595
110 5.06263e-05 0.0131797 200 6.45161
110 4.86111e-05 0.0082772 300 6.36943
110 1.95694e-05 0.00269011 400 6.92042
110 1.48425e-05 0.00171063 500 6.98324
110 2.50569e-05 0.00246574 600 6.93642
110 1.84554e-05 0.00314913 700 7.09939
110 1.90584e-05 0.00366451 800 7.02988
120 0.000132198 0.0124022 100 6.75676
120 5.10951e-05 0.0140789 200 6.41026
120 4.18775e-05 0.00834513 300 6.43777
120 1.77737e-05 0.00266577 400 6.99301
120 1.47458e-05 0.00175184 500 7.02247
120 2.20029e-05 0.00256894 600 6.96864
120 2.33237e-05 0.00329743 700 7.13558
120 1.80649e-05 0.0037515 800 7.0609
130 0.000140843 0.0136146 100 6.99301
130 5.16174e-05 0.0148425 200 6.45161
130 4.03307e-05 0.00852756 300 6.52174
130 1.97589e-05 0.00271821 400 7.06714
130 1.74147e-05 0.00189794 500 7.07214
130 2.2376e-05 0.00272964 600 7.00935
130 2.47017e-05 0.00353342 700 7.17949
130 1.9759e-05 0.00389634 800 7.09849
140 0.000125062 0.0124876 100 7.29927
140 4.11434e-05 0.0128977 200 6.53595
140 3.53608e-05 0.00716645 300 6.60793
140 1.48003e-05 0.00222024 400 7.14286
140 1.67161e-05 0.00170655 500 7.12251
140 1.89112e-05 0.00229199 600 7.05053
140 2.13181e-05 0.0030306 700 7.2314
140 1.77109e-05 0.00328214 800 7.13012
150 9.1088e-05 0.0104149 100 7.57576
150 3.19256e-05 0.0100977 200 6.62252
150 2.76694e-05 0.00532781 300 6.68151
150 7.42525e-06 0.00167911 400 7.22022
150 1.65729e-05 0.00158325 500 7.1736
150 1.90681e-05 0.00185109 600 7.08383
150 1.93059e-05 0.00249443 700 7.26895
150 1.71878e-05 0.00251781 800 7.16204
160 6.87074e-05 0.00807346 100 7.75194
160 3.0785e-05 0.00730184 200 6.66667
160 2.16539e-05 0.00353985 300 6.74157
160 6.68607e-06 0.00121458 400 7.27273
160 1.72496e-05 0.00146533 500 7.20461
160 1.75677e-05 0.0013731 600 7.0922
160 1.96184e-05 0.00184095 700 7.29927
160 1.4838e-05 0.00177682 800 7.17489
170 4.95552e-05 0.00670322 100 7.75194
170 3.6212e-05 0.00521886 200 6.71141
170 2.02635e-05 0.00240173 300 6.75676
170 1.16448e-05 0.0011833 400 7.31261
170 1.52544e-05 0.00142778 500 7.21501
170 1.69733e-05 0.00118296 600 7.08383
170 2.07631e-05 0.00160776 700 7.31452
170 1.40514e-05 0.00129467 800 7.16204
180 4.05597e-05 0.00639853 100 7.69231
180 3.48703e-05 0.00524875 200 6.73401
180 1.76053e-05 0.00235085 300 6.77201
180 1.64229e-05 0.0014273 400 7.32601
180 1.88353e-05 0.00190064 500 7.1736
180 1.87175e-05 0.00145567 600 7.05882
180 2.1781e-05 0.00180288 700 7.31452
180 1.24638e-05 0.00124095 800 7.11744
190 6.5145e-05 0.00715031 100 7.57576
190 3.34749e-05 0.00578481 200 6.75676
190 1.40012e-05 0.00235075 300 6.78733
190 1.30906e-05 0.00154545 400 7.35294
190 1.9335e-05 0.00209383 500 7.07214
190 1.95652e-05 0.001481 600 7.05882
190 1.85344e-05 0.00190271 700 7.30689
190 1.01583e-05 0.00132216 800 7.08592
200 2.71864e-05 0.00672098 100 7.5188
200 3.22968e-05 0.0046597 200 6.77966
200 1.32227e-05 0.00171199 300 6.81818
200 1.65134e-05 0.00132578 400 7.36648
200 2.80158e-05 0.00160461 500 6.99301
200 1.75865e-05 0.00120674 600 7.07547
200 2.11578e-05 0.00163419 700 7.30689
200 8.63169e-06 0.00100915 800 7.07965
210 1.19604e-05 0.00591805 100 7.40741
210 4.45516e-05 0.00371276 200 6.77966
210 2.00665e-05 0.00174958 300 6.86499
210 2.21752e-05 0.00151607 400 7.39372
210 2.56338e-05 0.0019734 500 6.98324
210 2.09704e-05 0.00150504 600 7.10059
210 1.9779e-05 0.00188911 700 7.29167
210 1.01949e-05 0.000815777 800 7.0922
220 1.82698e-05 0.00671731 100 7.35294
220 4.12158e-05 0.00375547 200 6.68896
220 1.63572e-05 0.00178703 300 6.91244
220 2.38273e-05 0.00151462 400 7.42115
220 2.29441e-05 0.00186486 500 6.99301
220 2.06521e-05 0.00153214 600 7.12589
220 2.05393e-05 0.00196023 700 7.2314
220 5.98021e-06 0.000791667 800 7.1048
230 5.73601e-05 0.00575156 100 7.14286
230 3.08817e-05 0.00292609 200 6.51466
230 1.6438e-05 0.00148023 300 6.94444
230 2.61813e-05 0.00137825 400 7.40741
230 1.69146e-05 0.0014336 500 7.0028
230 1.59887e-05 0.00121716 600 7.15137
230 1.92807e-05 0.00149521 700 7.15015
230 5.82239e-06 0.000551343 800 7.12378
240 5.67332e-05 0.00337465 100 6.89655
240 6.97411e-05 0.00294246 200 6.32911
240 1.7225e-05 0.00110928 300 6.97674
240 3.3207e-05 0.000805041 400 7.35294
240 2.89039e-05 0.00156952 500 7.01262
240 2.10019e-05 0.00164892 600 7.16846
240 2.52183e-05 0.00186044 700 7.12106
240 1.21765e-05 0.000514706 800 7.13649
250 7.75124e-05 0.00263675 100 6.71141
250 6.22443e-05 0.001307 200 6.26959
250 2.2494e-05 0.000758346 300 7.00935
250 3.00751e-05 0.000683305 400 7.19424
250 2.51265e-05 0.000893308 500 7.01262
250 1.99009e-05 0.00104819 600 7.18563
250 2.21905e-05 0.00121348 700 7.1066
250 1.08499e-05 0.000284961 800 7.14286
260 8.21419e-05 0.00284757 100 6.36943
260 4.98551e-05 0.00177563 200 6.26959
260 2.26114e-05 0.000655943 300 7.04225
260 2.50766e-05 0.000811632 400 7.0922
260 3.13417e-05 0.00105529 500 7.01262
260 2.1654e-05 0.00135189 600 7.19424
260 2.32401e-05 0.0012947 700 7.09939
260 1.07117e-05 0.000323913 800 7.14924
270 9.39231e-05 0.0038754 100 5.95238
270 4.1504e-05 0.00224359 200 6.26959
270 2.64455e-05 0.000886099 300 7.05882
270 3.15265e-05 0.0012365 400 7.06714
270 3.13113e-05 0.00154602 500 6.99301
270 2.6295e-05 0.00181768 600 7.20288
270 2.44741e-05 0.00138149 700 7.09939
270 1.09864e-05 0.000394896 800 7.15563
280 9.66751e-05 0.00276256 100 5.81395
280 4.18615e-05 0.00155772 200 6.28931
280 2.57862e-05 0.000913244 300 7.07547
280 2.72412e-05 0.00116281 400 7.06714
280 2.84046e-05 0.00122189 500 6.98324
280 2.5812e-05 0.00148725 600 7.21154
280 2.09962e-05 0.000930379 700 7.09939
280 1.00662e-05 0.000334288 800 7.16846
290 0.000119005 0.00237828 100 5.81395
290 4.86449e-05 0.00184106 200 6.30915
290 2.96565e-05 0.000967835 300 7.109
290 3.0174e-05 0.00138889 400 7.06714
290 3.00048e-05 0.00145796 500 6.96379
290 2.62446e-05 0.00176689 600 7.22022
290 2.44044e-05 0.00102054 700 7.0922
290 1.16608e-05 0.000435416 800 7.18133
300 0.000113677 0.0022477 100 5.88235
300 4.30548e-05 0.00149963 200 6.32911
300 3.27954e-05 0.000985011 300 7.1599
300 3.10742e-05 0.00175111 400 7.06714
300 3.08974e-05 0.00154371 500 6.94444
300 2.95673e-05 0.00174489 600 7.23764
300 1.93059e-05 0.000801534 700 7.06357
300 7.34962e-06 0.000391778 800 7.20072
310 0.000109402 0.0030183 100 5.95238
310 3.16443e-05 0.00155232 200 6.36943
310 3.25522e-05 0.00145242 300 7.19424
310 3.46132e-05 0.00240302 400 7.01754
310 2.86387e-05 0.00177667 500 6.93481
310 2.79316e-05 0.00192784 600 7.24638
310 1.71716e-05 0.000647256 700 7.02811
310 6.5453e-06 0.000368668 800 7.22022
320 0.000108196 0.00207856 100 6.0241
320 3.52105e-05 0.00151123 200 6.41026
320 3.35541e-05 0.00177279 300 7.24638
320 3.27324e-05 0.00280058 400 6.93241
320 2.91339e-05 0.00168574 500 6.94444
320 2.84834e-05 0.00177569 600 7.25514
320 1.41758e-05 0.000403245 700 7.00701
320 6.2244e-06 0.000406204 800 7.24638
330 9.41766e-05 0.00174278 100 6.09756
330 3.28458e-05 0.00155233 200 6.47249
330 3.02753e-05 0.00174368 300 7.29927
330 3.32518e-05 0.00231623 400 6.86106
330 2.40997e-05 0.00143605 500 6.9735
330 3.02756e-05 0.00157858 600 7.26392
330 1.18788e-05 0.000281431 700 7.00701
330 5.06996e-06 0.000436214 800 7.26612
340 8.95037e-05 0.00158189 100 6.17284
340 3.68645e-05 0.00183554 200 6.53595
340 3.3475e-05 0.00185177 300 7.35294
340 3.32966e-05 0.00230964 400 6.84932
340 2.82362e-05 0.00150732 500 7.01262
340 2.33749e-05 0.0016324 600 7.26392
340 1.33084e-05 0.00028921 700 7.02811
340 5.94898e-06 0.000526703 800 7.29262
350 8.34378e-05 0.00134388 100 6.13497
350 2.45359e-05 0.00218516 200 6.62252
350 3.39075e-05 0.0017207 300 7.38916
350 3.42235e-05 0.00187797 400 6.87285
350 2.19239e-05 0.00136456 500 7.05219
350 2.04264e-05 0.00138822 600 7.22892
350 8.31222e-06 0.000350265 700 7.04935
350 4.88282e-06 0.000631346 800 7.32601
360 6.55099e-05 0.00220215 100 6.0241
360 2.88871e-05 0.00309952 200 6.73401
360 3.00998e-05 0.00294795 300 7.44417
360 3.23431e-05 0.00275029 400 6.92042
360 2.50885e-05 0.00183141 500 7.0922
360 2.30324e-05 0.0015194 600 7.16846
360 9.01428e-06 0.000402084 700 7.07786
360 2.9901e-06 0.000943784 800 7.35971
370 5.50266e-05 0.002228 100 5.91716
370 2.66326e-05 0.00338343 200 6.82594
370 3.10101e-05 0.00335559 300 7.4813
370 2.72959e-05 0.00284207 400 6.95652
370 1.95801e-05 0.00171909 500 7.14286
370 1.95314e-05 0.001153 600 7.14286
370 9.88942e-06 0.000382665 700 7.11382
370 3.8602e-06 0.00104708 800 7.40056
380 7.54866e-05 0.00161738 100 5.81395
380 2.36703e-05 0.00295988 200 6.94444
380 3.69722e-05 0.00285063 300 7.5
380 2.47777e-05 0.0022135 400 7.00525
380 1.34964e-05 0.00136764 500 7.19424
380 1.76241e-05 0.000820858 600 7.14286
380 5.87762e-06 0.000408133 700 7.15015
380 5.32093e-06 0.000909917 800 7.43494
390 6.81849e-05 0.00105436 100 5.81395
390 2.39208e-05 0.00329733 200 7.06714
390 4.35216e-05 0.0032436 300 7.44417
390 2.16654e-05 0.00234777 400 7.05467
390 1.0381e-05 0.00134925 500 7.23589
390 1.61331e-05 0.000719994 600 7.1599
390 6.46877e-06 0.000444037 700 7.17949
390 5.72561e-06 0.000999067 800 7.47664
400 4.73407e-05 0.00122899 100 5.84795
400 2.77291e-05 0.00387437 200 7.16846
400 2.31898e-05 0.00403786 300 7.31707
400 1.91849e-05 0.00264499 400 7.0922
400 9.16098e-06 0.00139665 500 7.27802
400 1.32228e-05 0.000623708 600 7.16846
400 4.12673e-06 0.000548598 700 7.20906
400 7.91107e-06 0.00116928 800 7.51174
410 3.71864e-05 0.00130998 100 5.98802
410 2.31612e-05 0.00370759 200 7.29927
410 1.8981e-05 0.00375076 300 7.31707
410 2.20066e-05 0.00234026 400 7.14286
410 9.95903e-06 0.00128007 500 7.33138
410 1.43054e-05 0.000620829 600 7.20288
410 3.48772e-06 0.000548856 700 7.24638
410 6.1944e-06 0.00110229 800 7.54717
420 5.12114e-05 0.0021839 100 6.21118
420 2.9901e-05 0.00380101 200 7.46269
420 2.5528e-05 0.00369887 300 7.37101
420 2.39831e-05 0.00227298 400 7.19424
420 1.02423e-05 0.00123896 500 7.39645
420 1.40484e-05 0.000582657 600 7.24638
420 3.27178e-06 0.000635327 700 7.28408
420 8.16596e-06 0.00111439 800 7.59734
430 3.34749e-05 0.00279668 100 6.41026
430 3.44403e-05 0.00443987 200 7.63359
430 2.79077e-05 0.00409155 300 7.46269
430 2.03532e-05 0.00255828 400 7.25953
430 1.5686e-05 0.00134611 500 7.46269
430 1.28158e-05 0.000605248 600 7.2904
430 3.27178e-06 0.000767496 700 7.32984
430 7.34962e-06 0.0012628 800 7.64818
440 3.00997e-05 0.00320134 100 6.62252
440 3.47848e-05 0.00511346 200 7.7821
440 2.66948e-05 0.00469423 300 7.53769
440 1.83512e-05 0.00293704 400 7.31261
440 1.81126e-05 0.00142548 500 7.5188
440 1.29699e-05 0.000593051 600 7.33496
440 3.75639e-06 0.000877348 700 7.37619
440 6.63012e-06 0.00148019 800 7.68492
450 4.58049e-05 0.00418501 100 6.75676
450 2.83666e-05 0.0065663 200 7.90514
450 2.65455e-05 0.00597204 300 7.57576
450 1.74352e-05 0.00374035 400 7.32601
450 1.8322e-05 0.00162426 500 7.55287
450 1.34709e-05 0.000496772 600 7.35294
450 7.21547e-06 0.0011103 700 7.39958
450 6.95909e-06 0.00193482 800 7.71456
460 6.47779e-05 0.0052628 100 6.80272
460 3.155e-05 0.00780084 200 7.93651
460 2.93873e-05 0.006997 300 7.57576
460 1.85129e-05 0.0041786 400 7.29927
460 1.63411e-05 0.00174469 500 7.5643
460 9.56002e-06 0.00035167 600 7.34394
460 8.07467e-06 0.00132373 700 7.41525
460 7.47526e-06 0.00232525 800 7.72201
470 6.36642e-05 0.00568811 100 6.80272
470 3.17383e-05 0.00743368 200 7.96813
470 3.15605e-05 0.0065232 300 7.53769
470 1.84323e-05 0.00351919 400 7.23327
470 2.06007e-05 0.00142788 500 7.5643
470 8.57395e-06 0.000373874 600 7.2904
470 9.04123e-06 0.00134945 700 7.431
470 4.2473e-05 0.00247585 800 7.70713
480 5.48095e-05 0.00718485 100 6.75676
480 3.25725e-05 0.00791545 200 8
480 2.88413e-05 0.00687089 300 7.37101
480 1.56802e-05 0.00345065 400 7.20721
480 1.95069e-05 0.00139051 500 7.55287
480 4.95017e-06 0.000372851 600 7.21154
480 1.0228e-05 0.00149452 700 7.43889
480 6.9858e-06 0.00239809 800 7.67754
490 6.90535e-05 0.00817095 100 6.80272
490 3.76643e-05 0.00822947 200 8.03213
490 5.62414e-05 0.00666703 300 7.1599
490 1.07116e-05 0.00328005 400 7.20721
490 1.28075e-05 0.00130479 500 7.53012
490 9.06213e-06 0.00036534 600 7.17703
490 9.33253e-06 0.00160449 700 7.45474
490 1.02132e-05 0.00247635 800 7.50469
500 6.34767e-05 0.00890475 100 6.89655
500 3.73464e-05 0.00853826 200 8.06452
500 5.3216e-05 0.00644324 300 7.0922
500 1.87131e-05 0.0031386 400 7.23327
500 1.47134e-05 0.00129648 500 7.5188
500 1.81608e-05 0.000467135 600 7.17703
500 9.1216e-06 0.0017303 700 7.47863
500 1.21305e-05 0.00255897 800 7.46965
510 7.15962e-05 0.00902673 100 7.0922
510 4.29161e-05 0.00838741 200 8.16327
510 5.15213e-05 0.00604913 300 7.12589
510 1.78574e-05 0.00295203 400 7.29927
510 1.08306e-05 0.00121543 500 7.48503
510 1.32727e-05 0.00049197 600 7.21154
510 9.96295e-06 0.00175409 700 7.5188
510 1.19604e-05 0.00258812 800 7.48363
520 6.53277e-05 0.00799576 100 7.40741
520 4.95553e-05 0.00701475 200 8.29876
520 3.82056e-05 0.00483729 300 7.21154
520 1.45975e-05 0.00240857 400 7.36648
520 1.31746e-05 0.000913482 500 7.44048
520 8.53524e-06 0.000456132 600 7.25514
520 1.04166e-05 0.00152128 700 7.56757
520 1.23587e-05 0.00219445 800 7.5188
530 6.32886e-05 0.00716737 100 7.69231
530 4.80283e-05 0.00617875 200 8.43882
530 3.44116e-05 0.00408862 300 7.29927
530 1.44436e-05 0.00199483 400 7.44879
530 1.51289e-05 0.000726652 500 7.4184
530 7.50289e-06 0.000401536 600 7.30816
530 8.42848e-06 0.00135428 700 7.61697
530 1.29188e-05 0.00198475 800 7.56144
540 7.2094e-05 0.00812108 100 8.13008
540 4.7717e-05 0.00728889 200 8.62069
540 2.87493e-05 0.00467345 300 7.38916
540 1.01399e-05 0.00216068 400 7.53296
540 1.25061e-05 0.000648723 500 7.44048
540 9.0986e-06 0.00044399 600 7.36196
540 1.16304e-05 0.00156947 700 7.67544
540 1.4275e-05 0.00229979 800 7.60456
550 8.8701e-05 0.0117958 100 8.54701
550 4.20037e-05 0.0106246 200 8.69565
550 3.3157e-05 0.00678621 300 7.5
550 1.45975e-05 0.003063 400 7.61905
550 1.09183e-05 0.00107844 500 7.47384
550 1.37145e-05 0.000657475 600 7.41656
550 1.28053e-05 0.00227511 700 7.72627
550 1.37837e-05 0.00316627 800 7.64818
560 7.99353e-05 0.0107931 100 8.84956
560 4.72147e-05 0.00904199 200 8.62069
560 2.2435e-05 0.00547434 300 7.55667
560 7.72041e-06 0.00253827 400 7.69231
560 9.56833e-06 0.000858852 500 7.48503
560 8.84016e-06 0.000687304 600 7.45342
560 1.27481e-05 0.00198963 700 7.77778
560 1.38377e-05 0.00267716 800 7.68492
570 6.01994e-05 0.0105323 100 9.09091
570 3.14554e-05 0.00883502 200 8.29876
570 1.53548e-05 0.00499609 300 7.59494
570 8.27921e-06 0.0021992 400 7.73694
570 1.12623e-05 0.000746135 500 7.48503
570 6.51042e-06 0.000705839 600 7.4813
570 9.98734e-06 0.00191209 700 7.8125
570 1.3716e-05 0.00248806 800 7.70713
580 7.35672e-05 0.00247565 100 9.25926
580 4.3262e-05 0.00131128 200 8.09717
580 2.8657e-05 0.000850718 300 7.57576
580 1.61945e-05 0.000787595 400 7.75194
580 2.23333e-05 0.000682436 500 7.48503
580 6.45936e-06 0.000261901 600 7.49064
580 1.21421e-05 0.000314502 700 7.83875
580 1.69367e-05 0.000680941 800 7.72201
590 6.11816e-05 0.00497334 100 9.34579
590 4.26375e-05 0.00319298 200 8.03213
590 3.39465e-05 0.00188384 300 7.53769
590 2.50171e-05 0.00101929 400 7.75194
590 2.0808e-05 0.000587594 500 7.47384
590 2.81909e-06 0.000407022 600 7.5
590 5.21995e-06 0.000785672 700 7.85634
590 1.2832e-05 0.000846288 800 7.73694
600 6.80098e-05 0.00454201 100 9.34579
600 3.00997e-05 0.00251476 200 8
600 1.93268e-05 0.0016739 300 7.4813
600 1.85129e-05 0.000722143 400 7.76699
600 1.63993e-05 0.000443808 500 7.46269
600 1.40955e-06 0.000335446 600 7.50939
600 7.673e-06 0.000707089 700 7.86517
600 1.40514e-05 0.000719554 800 7.75194
610 7.30794e-05 0.00419635 100 9.52381
610 2.26407e-05 0.00227742 200 7.96813
610 1.98007e-05 0.0015841 300 7.42574
610 2.40452e-05 0.000593729 400 7.76699
610 2.70635e-05 0.000526335 500 7.42942
610 5.33646e-06 0.000327934 600 7.52823
610 1.17553e-05 0.000707497 700 7.86517
610 1.48129e-05 0.000593203 800 7.75946
620 6.5145e-05 0.00454901 100 9.61539
620 2.48976e-05 0.0030494 200 7.87402
620 1.59472e-05 0.00139285 300 7.35294
620 2.55184e-05 0.000734783 400 7.76699
620 1.60169e-05 0.000590967 500 7.34214
620 4.30624e-06 0.000374352 600 7.54717
620 3.84548e-05 0.000918564 700 7.83875
620 1.49256e-05 0.000777301 800 7.77454
630 7.14295e-05 0.00311982 100 9.61539
630 2.61812e-05 0.00221759 200 7.5188
630 2.42508e-05 0.000836017 300 7.33496
630 3.15029e-05 0.00120306 400 7.73694
630 1.11345e-05 0.000571433 500 7.26744
630 3.90286e-06 0.000283389 600 7.55667
630 1.16513e-05 0.000559466 700 7.76915
630 1.4275e-05 0.000660153 800 7.78968
640 7.51701e-05 0.00228999 100 9.61539
640 4.07065e-05 0.00136287 200 7.22022
640 2.73322e-05 0.000687664 300 7.33496
640 2.90159e-05 0.00127638 400 7.70713
640 1.12199e-05 0.000684606 500 7.22543
640 6.19774e-06 0.000226965 600 7.5662
640 9.96295e-06 0.000406068 700 7.56757
640 1.44823e-05 0.000534223 800 7.79727
650 7.07588e-05 0.00239343 100 9.43396
650 5.49183e-05 0.00122411 200 7.11744
650 2.75734e-05 0.000601595 300 7.33496
650 2.80763e-05 0.00193074 400 7.56144
650 1.25821e-05 0.000684442 500 7.21501
650 6.30369e-06 0.000261978 600 7.57576
650 6.43105e-06 0.000463114 700 7.53498
650 1.31757e-05 0.000655714 800 7.80488
660 7.72042e-05 0.00196479 100 9.17431
660 4.87061e-05 0.00156009 200 7.06714
660 2.52673e-05 0.000849079 300 7.33496
660 3.01987e-05 0.0021261 400 7.29927
660 7.8125e-06 0.000777504 500 7.21501
660 5.01661e-06 0.000230264 600 7.58534
660 1.14619e-05 0.000459223 700 7.52688
660 1.33443e-05 0.00095214 800 7.8125
670 8.67991e-05 0.00265233 100 8.40336
670 4.65792e-05 0.00183213 200 7.01754
670 3.09674e-05 0.00131382 300 7.33496
670 2.97763e-05 0.00221172 400 7.19424
670 1.01017e-05 0.000845758 500 7.21501
670 3.45267e-06 0.000267975 600 7.60456
670 1.03227e-05 0.000530024 700 7.52688
670 1.40249e-05 0.00113642 800 7.82779
680 2.39208e-05 0.00351891 100 7.40741
680 4.07796e-05 0.00149494 200 6.96864
680 3.00116e-05 0.00159432 300 7.33496
680 3.16445e-05 0.00254243 400 7.14286
680 9.61803e-06 0.000909509 500 7.20461
680 2.44141e-06 0.00030146 600 7.62389
680 8.31222e-06 0.000461282 700 7.53498
680 1.23587e-05 0.000897407 800 7.83546
690 3.58812e-05 0.00426186 100 7.0922
690 5.36001e-05 0.00172857 200 6.89655
690 4.06252e-05 0.00225842 300 7.31707
690 3.19957e-05 0.00294502 400 7.11744
690 1.00068e-05 0.00104085 500 7.20461
690 2.93421e-06 0.000343116 600 7.63359
690 8.39956e-06 0.000630354 700 7.53498
690 1.20535e-05 0.000980112 800 7.85083
700 5.89993e-05 0.00390954 100 6.94444
700 5.40982e-05 0.00189685 200 6.82594
700 4.52231e-05 0.00294298 300 7.31707
700 3.39832e-05 0.00299147 400 7.0922
700 1.31383e-05 0.001037 500 7.20461
700 3.04497e-06 0.000344783 600 7.64331
700 1.00602e-05 0.000671198 700 7.5431
700 1.2832e-05 0.00112769 800 7.85855
710 6.83595e-05 0.00438896 100 6.84932
710 5.29287e-05 0.0021452 200 6.71141
710 4.24742e-05 0.00375662 300 7.29927
710 2.92461e-05 0.00366453 400 7.05467
710 1.19604e-05 0.00119175 500 7.21501
710 3.63943e-06 0.000443468 600 7.63359
710 1.00602e-05 0.000854599 700 7.55124
710 1.31049e-05 0.00122167 800 7.86627
720 6.71277e-05 0.00558356 100 6.66667
720 5.79805e-05 0.00239666 200 6.57895
720 5.18034e-05 0.00455043 300 7.28155
720 2.23759e-05 0.00405596 400 6.95652
720 1.33186e-05 0.00123197 500 7.21501
720 5.57584e-05 0.000915198 600 7.60456
720 7.41501e-06 0.0010971 700 7.5594
720 1.53562e-05 0.00147293 800 7.86627
730 8.4432e-05 0.00600038 100 6.25
730 5.09783e-05 0.00310537 200 6.51466
730 5.12894e-05 0.00506933 300 7.24638
730 2.66886e-05 0.00419131 400 6.83761
730 1.25442e-05 0.0012078 500 7.22543
730 3.15184e-06 0.000569781 600 7.54717
730 9.7407e-06 0.00110988 700 7.56757
730 1.65585e-05 0.00156672 800 7.85855
740 0.000159049 0.00457381 100 5.78035
740 5.30973e-05 0.00345984 200 6.51466
740 5.29915e-05 0.00545553 300 7.19424
740 2.76215e-05 0.003944 400 6.79117
740 1.25821e-05 0.00104756 500 7.23589
740 4.14959e-06 0.000517393 600 7.30816
740 1.12259e-05 0.000974765 700 7.57576
740 1.4963e-05 0.00162009 800 7.85855
750 0.000179009 0.0048281 100 5.64972
750 6.41309e-05 0.00463822 200 6.53595
750 4.77866e-05 0.00704154 300 7.109
750 3.00999e-05 0.00428659 400 6.79117
750 1.23527e-05 0.00108284 500 7.25689
750 3.54728e-06 0.000558489 600 7.27273
750 1.13552e-05 0.00116116 700 7.59219
750 1.65022e-05 0.00190481 800 7.85083
760 0.00016414 0.00547966 100 5.64972
760 6.97411e-05 0.00545351 200 6.60066
760 5.26404e-05 0.0081531 300 6.91244
760 2.77829e-05 0.00428201 400 6.81431
760 1.339e-05 0.000983552 500 7.28863
760 3.63943e-06 0.000628654 600 7.27273
760 1.04399e-05 0.00122541 700 7.61697
760 1.45848e-05 0.00191642 800 7.85083
770 0.000129924 0.00658781 100 5.71429
770 6.37581e-05 0.00620029 200 6.66667
770 4.87743e-05 0.00857979 300 6.80272
770 2.94745e-05 0.00447834 400 6.84932
770 1.55639e-05 0.00102227 500 7.33138
770 4.30624e-06 0.000620786 600 7.29927
770 1.16722e-05 0.00139331 700 7.65027
770 1.6581e-05 0.0022283 800 7.85083
780 0.000115961 0.00679223 100 5.81395
780 5.79805e-05 0.00689999 200 6.75676
780 4.67781e-05 0.00864547 300 6.80272
780 2.54599e-05 0.00460855 400 6.89655
780 1.42859e-05 0.00108584 500 7.39645
780 5.92457e-06 0.000590325 600 7.34394
780 1.35798e-05 0.00146344 700 7.70077
780 1.93975e-05 0.00247756 800 7.84314
790 0.000116269 0.00809572 100 5.98802
790 5.79805e-05 0.00845306 200 6.89655
790 4.32162e-05 0.009808 300 6.86499
790 2.91441e-05 0.00530029 400 6.96864
790 1.99181e-05 0.00126749 500 7.46269
790 9.76564e-06 0.000674886 600 7.39827
790 1.46485e-05 0.00186851 700 7.75194
790 2.11787e-05 0.00309838 800 7.83546
800 0.000108196 0.00872039 100 6.21118
800 6.13764e-05 0.00915105 200 7.04225
800 4.65794e-05 0.010076 300 6.92841
800 2.89645e-05 0.00530898 400 7.04225
800 1.71387e-05 0.0013178 500 7.54148
800 1.0099e-05 0.000598143 600 7.46269
800 1.58452e-05 0.00178235 700 7.8125
800 1.97779e-05 0.00300713 800 7.83546
810 7.30794e-05 0.00386452 100 6.45161
810 4.40809e-05 0.00447198 200 7.22022
810 4.04618e-05 0.00529921 300 7.00935
810 1.434e-05 0.00261826 400 7.11744
810 6.25305e-06 0.000543898 500 7.62195
810 9.42045e-06 0.000160391 600 7.5188
810 1.52984e-05 0.000913328 700 7.87402
810 1.73174e-05 0.00202325 800 7.8125
820 8.48545e-05 0.00467397 100 6.62252
820 6.27688e-05 0.00601171 200 7.32601
820 4.62083e-05 0.00670732 300 7.07547
820 1.67375e-05 0.00317054 400 7.18133
820 1.00543e-05 0.000686864 500 7.69231
820 7.32422e-06 8.7781e-05 600 7.5662
820 1.2102e-05 0.000656213 700 7.91855
820 1.61023e-05 0.00158257 800 7.7821
830 8.62479e-05 0.00547146 100 6.66667
830 5.57264e-05 0.00627166 200 7.40741
830 4.156e-05 0.00654883 300 7.109
830 1.72634e-05 0.0031619 400 7.22022
830 1.13045e-05 0.000667292 500 7.73994
830 9.13492e-06 0.00030365 600 7.60456
830 1.41243e-05 0.00109315 700 7.96359
830 1.90095e-05 0.00219202 800 7.76699
840 6.40376e-05 0.00462337 100 6.62252
840 5.66809e-05 0.00613382 200 7.46269
840 3.97018e-05 0.00612839 300 7.109
840 1.8229e-05 0.00273261 400 7.24638
840 1.0335e-05 0.000505717 500 7.77605
840 8.05624e-06 0.000325675 600 7.63359
840 1.38459e-05 0.00106078 700 7.99087
840 1.62176e-05 0.00215584 800 7.76699
850 6.36642e-05 0.00235168 100 6.53595
850 5.88985e-05 0.00533808 200 7.49064
850 4.78973e-05 0.0054 300 7.109
850 1.64229e-05 0.00203823 400 7.27273
850 1.339e-05 0.000355461 500 7.78816
850 1.25019e-05 0.000313357 600 7.65306
850 1.41587e-05 0.00103196 700 8.00915
850 1.59512e-05 0.00207471 800 7.7821
860 6.44088e-05 0.00240284 100 6.45161
860 6.24832e-05 0.00523792 200 7.5188
860 4.48703e-05 0.00486051 300 7.07547
860 1.54408e-05 0.00178786 400 7.29927
860 2.44922e-05 0.000247821 500 7.80031
860 1.41892e-05 0.00047598 600 7.68246
860 1.73127e-05 0.00132931 700 8.02752
860 1.87728e-05 0.00243691 800 7.80488
870 8.54146e-05 0.00397595 100 6.41026
870 6.77908e-05 0.00662122 200 7.57576
870 4.05273e-05 0.00573912 300 7.00935
870 1.99465e-05 0.00202418 400 7.35294
870 7.403e-05 0.000475022 500 7.80031
870 1.42358e-05 0.000514773 600 7.71208
870 1.7866e-05 0.00112979 700 8.06452
870 1.77214e-05 0.00221097 800 7.83546
880 8.00843e-05 0.00466152 100 6.57895
880 6.18601e-05 0.00696361 200 7.69231
880 3.69722e-05 0.00582727 300 7.00935
880 2.32255e-05 0.00210596 400 7.42115
880 1.76324e-05 0.00061114 500 7.83699
880 1.36176e-05 0.000630021 600 7.77202
880 1.78524e-05 0.00131013 700 8.10185
880 1.91267e-05 0.00245512 800 7.88177
890 6.5145e-05 0.00328113 100 6.80272
890 5.75678e-05 0.00563041 200 7.84314
890 3.135e-05 0.00473594 300 7.04225
890 2.46571e-05 0.00162947 400 7.5188
890 1.88859e-05 0.000604171 500 7.86164
890 1.63573e-05 0.00077688 600 7.8329
890 2.43844e-05 0.00173092 700 8.15851
890 2.06803e-05 0.00294577 800 7.93651
900 8.78909e-05 0.00174987 100 7.04225
900 6.3383e-05 0.00466815 200 8
900 3.03627e-05 0.00361664 300 7.109
900 2.91951e-05 0.00131815 400 7.60456
900 3.71998e-05 0.000968323 500 7.78816
900 2.39763e-05 0.00146789 600 7.90514
900 2.26678e-05 0.00287996 700 8.21596
900 2.62527e-05 0.00414538 800 7.98403
910 0.000133186 0.00796329 100 7.35294
910 8.2865e-05 0.00910103 200 8.16327
910 4.22867e-05 0.00525341 300 7.17703
910 3.05909e-05 0.00221705 400 7.69231
910 3.45409e-05 0.00108651 500 7.70416
910 2.62698e-05 0.00221726 600 7.96813
910 2.59974e-05 0.00399436 700 8.26446
910 2.63165e-05 0.00490098 800 8.0402
920 0.000132558 0.00796528 100 7.57576
920 7.66625e-05 0.00845604 200 8.19672
920 3.56592e-05 0.00484556 300 7.22892
920 3.27096e-05 0.00215468 400 7.76699
920 3.12198e-05 0.00124819 500 7.70416
920 3.14874e-05 0.00250696 600 8.02139
920 2.90639e-05 0.00438101 700 8.29384
920 2.88103e-05 0.0054036 800 8.08081
930 0.000124966 0.00761636 100 7.75194
930 7.95622e-05 0.00758611 200 8
930 2.9297e-05 0.00426051 300 7.26392
930 3.61916e-05 0.00195645 400 7.8125
930 2.72741e-05 0.00124038 500 7.70416
930 2.94551e-05 0.00260197 600 8.05369
930 2.83949e-05 0.004439 700 8.30368
930 2.91701e-05 0.00546927 800 8.10537
940 9.12188e-05 0.00437895 100 7.87402
940 7.25478e-05 0.00476515 200 7.57576
940 2.44683e-05 0.00234183 300 7.29927
940 2.86802e-05 0.00114484 400 7.85855
940 2.82531e-05 0.00101861 500 7.70416
940 2.71135e-05 0.00215832 600 8.08625
940 2.57056e-05 0.00375384 700 8.29384
940 2.69736e-05 0.00473723 800 8.13008
950 6.40376e-05 0.00184619 100 7.93651
950 5.87972e-05 0.00403531 200 7.38007
950 1.93952e-05 0.00231661 300 7.31707
950 2.55184e-05 0.00109035 400 7.90514
950 2.47247e-05 0.00124911 500 7.72798
950 2.44549e-05 0.00228035 600 8.11908
950 2.90807e-05 0.0037509 700 8.23529
950 2.61247e-05 0.00487747 800 8.15494
960 5.3041e-05 0.0038194 100 8.06452
960 4.79662e-05 0.0049325 200 7.29927
960 1.58639e-05 0.00274136 300 7.33496
960 2.2772e-05 0.00100562 400 7.95229
960 2.03913e-05 0.00137777 500 7.75194
960 2.30898e-05 0.00252194 600 8.14111
960 2.77536e-05 0.00403884 700 8.10185
960 2.54383e-05 0.0049497 800 8.1716
970 5.65227e-05 0.0060025 100 8.13008
970 3.79009e-05 0.00630989 200 7.29927
970 2.34172e-05 0.00329652 300 7.37101
970 2.52247e-05 0.00123138 400 8
970 2.55593e-05 0.00191741 500 7.77605
970 2.69419e-05 0.00324656 600 8.17439
970 2.93555e-05 0.00481499 700 7.97267
970 2.72485e-05 0.00572598 800 8.19672
980 6.11816e-05 0.00578379 100 8.26446
980 4.36733e-05 0.00582695 200 7.29927
980 2.42508e-05 0.00279045 300 7.40741
980 2.36704e-05 0.00134823 400 8.04829
980 2.60947e-05 0.00203433 500 7.8125
980 2.4563e-05 0.00334153 600 8.21918
980 2.98893e-05 0.0049276 700 7.93651
980 2.779e-05 0.00590689 800 8.21355
990 5.73601e-05 0.00611801 100 8.40336
990 3.29364e-05 0.00548211 200 7.35294
990 2.00665e-05 0.00245127 300 7.44417
990 2.25748e-05 0.00124218 400 8.09717
990 2.33969e-05 0.00209592 500 7.84929
990 2.56318e-05 0.00356726 600 8.25309
990 2.75159e-05 0.00515625 700 7.95455
990 2.65771e-05 0.00599842 800 8.23893
1000 4.63225e-05 0.0057762 100 8.62069
1000 3.78222e-05 0.00519643 200 7.38007
1000 1.82698e-05 0.0021442 300 7.5188
1000 2.39209e-05 0.00134398 400 8.14664
1000 2.64937e-05 0.00227097 500 7.89889
1000 2.62698e-05 0.00379212 600 8.29876
1000 2.74805e-05 0.00539786 700 7.98176
1000 2.70839e-05 0.00631447 800 8.27301
1010 4.47518e-05 0.00610638 100 8.84956
1010 5.36001e-05 0.00519599 200 7.40741
1010 2.0652e-05 0.00202169 300 7.59494
1010 2.60672e-05 0.00144489 400 8.19672
1010 2.72566e-05 0.0024602 500 7.94913
1010 3.04719e-05 0.00405611 600 8.34492
1010 3.06688e-05 0.00566143 700 8.01833
1010 2.81298e-05 0.00657344 800 8.29876
1020 4.33994e-05 0.0052762 100 9.09091
1020 3.52951e-05 0.00442779 200 7.35294
1020 3.23071e-05 0.00170587 300 7.67263
1020 9.39442e-05 0.00198946 400 8.21355
1020 2.8371e-05 0.00291251 500 8
1020 3.45273e-05 0.00462024 600 8.37989
1020 3.10315e-05 0.00621742 700 8.06452
1020 3.03101e-05 0.00727399 800 8.33333
1030 4.31239e-05 0.00391021 100 9.17431
1030 3.70258e-05 0.00345696 200 7.22022
1030 3.22661e-05 0.00123641 300 7.73196
1030 2.89903e-05 0.00198132 400 8.21355
1030 3.05091e-05 0.00324494 500 8.03859
1030 3.45848e-05 0.0050484 600 8.41515
1030 3.22541e-05 0.00657117 700 8.10185
1030 3.04511e-05 0.00750795 800 8.35073
1040 6.157e-05 0.00505623 100 9.09091
1040 3.155e-05 0.00400536 200 7.0922
1040 2.70399e-05 0.00128562 300 7.77202
1040 3.1668e-05 0.00206138 400 7.98403
1040 2.81008e-05 0.00306566 500 8.07754
1040 2.93875e-05 0.00474416 600 8.42697
1040 2.97997e-05 0.00603354 700 8.13008
1040 2.84197e-05 0.00690238 800 8.3682
1050 4.97952e-05 0.0049621 100 8.84956
1050 3.2755e-05 0.00370533 200 7.04225
1050 3.2389e-05 0.00160073 300 7.79221
1050 2.87321e-05 0.00242985 400 7.70713
1050 3.42498e-05 0.0035881 500 8.09062
1050 3.54641e-05 0.00542344 600 8.41515
1050 3.13203e-05 0.00670216 700 8.13953
1050 3.31403e-05 0.00766316 800 8.3682
1060 5.41531e-05 0.00691655 100 7.87402
1060 4.24272e-05 0.0034965 200 7.01754
1060 3.70796e-05 0.00189936 300 7.8125
1060 3.80973e-05 0.00307148 400 7.66284
1060 3.32609e-05 0.00456298 500 8.10373
1060 3.84998e-05 0.00653476 600 8.37989
1060 3.41378e-05 0.00764875 700 8.14901
1060 3.43818e-05 0.00834696 800 8.3682
1070 5.14437e-05 0.00642457 100 6.94444
1070 2.87838e-05 0.0030362 200 6.99301
1070 3.50976e-05 0.00186737 300 7.8329
1070 3.56941e-05 0.00320687 400 7.64818
1070 3.47886e-05 0.00489822 500 8.11688
1070 3.85514e-05 0.00688227 600 8.31025
1070 3.34466e-05 0.00766292 700 8.15851
1070 3.19614e-05 0.00794908 800 8.37696
1080 5.25896e-05 0.00504946 100 6.66667
1080 1.9068e-05 0.00267906 200 6.99301
1080 2.74289e-05 0.00176748 300 7.87402
1080 3.39393e-05 0.00305257 400 7.64818
1080 3.34895e-05 0.00474348 500 8.14332
1080 3.6649e-05 0.00671729 600 8.16327
1080 3.07084e-05 0.00707243 700 8.16803
1080 2.89715e-05 0.00707687 800 8.39454
1090 3.04932e-05 0.0049713 100 6.53595
1090 3.22968e-05 0.0022645 200 6.99301
1090 3.89268e-05 0.00276558 300 7.91557
1090 3.69052e-05 0.00439907 400 7.67754
1090 3.93671e-05 0.00635083 500 8.16993
1090 4.00513e-05 0.00836913 600 7.94702
1090 3.55004e-05 0.00875171 700 8.18713
1090 3.00632e-05 0.00864151 800 8.40336
1100 3.96682e-05 0.00383786 100 6.49351
1100 4.35366e-05 0.00191726 200 6.99301
1100 4.26299e-05 0.00364502 300 7.95756
1100 4.50841e-05 0.00533183 400 7.69231
1100 4.10744e-05 0.00746682 500 8.18331
1100 4.40219e-05 0.00948405 600 7.87402
1100 3.83851e-05 0.0100006 700 8.19672
1100 3.43764e-05 0.00979 800 8.4122
1110 2.48976e-05 0.00269619 100 6.45161
1110 4.08527e-05 0.00156707 200 7.01754
1110 4.3308e-05 0.00373352 300 7.97872
1110 4.4669e-05 0.00551245 400 7.70713
1110 4.43244e-05 0.00782279 500 8.21018
1110 4.12007e-05 0.00975441 600 7.8637
1110 3.86882e-05 0.0101689 700 8.20633
1110 3.3084e-05 0.00969851 800 8.4122
1120 8.41491e-05 0.00393267 100 6.32911
1120 3.74261e-05 0.00187241 200 7.04225
1120 3.96684e-05 0.00384893 300 7.97872
1120 4.14325e-05 0.00528741 400 7.72201
1120 4.56807e-05 0.0073413 500 8.22368
1120 3.97025e-05 0.00909393 600 7.87402
1120 3.61658e-05 0.00960376 700 8.21596
1120 3.2824e-05 0.00903884 800 8.35073
1130 9.13494e-05 0.003465 100 6.09756
1130 6.39448e-05 0.0030459 200 7.0922
1130 0.000135042 0.00546983 300 7.93651
1130 4.63874e-05 0.00661351 400 7.75194
1130 5.2754e-05 0.00873615 500 8.23723
1130 4.4067e-05 0.0104406 600 7.90514
1130 4.141e-05 0.0112404 700 8.22562
1130 3.53489e-05 0.0103453 800 8.20513
1140 7.54866e-05 0.00363187 100 5.84795
1140 6.25786e-05 0.003213 200 7.14286
1140 4.67498e-05 0.00579163 300 7.87402
1140 4.75768e-05 0.00718071 400 7.79727
1140 4.89561e-05 0.00922366 500 8.26446
1140 4.35606e-05 0.010695 600 7.93651
1140 3.85496e-05 0.011333 700 8.23529
1140 3.52486e-05 0.00984792 800 8.1716
1150 6.85337e-05 0.00352945 100 5.74713
1150 6.82727e-05 0.0040566 200 7.22022
1150 5.76602e-05 0.00669993 300 7.5188
1150 5.02132e-05 0.00822559 400 7.82779
1150 5.56916e-05 0.0103121 500 8.27815
1150 4.36669e-05 0.0114744 600 7.96813
1150 3.95589e-05 0.0118892 700 8.25472
1150 3.40606e-05 0.00984668 800 8.1716
1160 8.62479e-05 0.00320208 100 5.78035
1160 4.56747e-05 0.00350051 200 7.29927
1160 4.63228e-05 0.00567354 300 7.37101
1160 4.71047e-05 0.00721431 400 7.88955
1160 4.85747e-05 0.00936665 500 8.30565
1160 3.88509e-05 0.010135 600 8.01068
1160 3.63537e-05 0.0103123 700 8.28402
1160 3.06645e-05 0.00816171 800 8.19672
1170 8.12664e-05 0.00319059 100 5.91716
1170 5.46463e-05 0.00511856 200 7.43494
1170 5.35881e-05 0.00704507 300 7.40741
1170 5.18485e-05 0.00862051 400 7.96813
1170 5.20533e-05 0.0107868 500 8.34725
1170 4.38485e-05 0.0113189 600 8.06452
1170 3.97613e-05 0.0113111 700 8.33333
1170 3.16039e-05 0.00884847 800 8.23893
1180 0.000106866 0.00435987 100 6.13497
1180 6.21485e-05 0.00625177 200 7.63359
1180 5.21855e-05 0.00789245 300 7.5
1180 4.97061e-05 0.00921451 400 8.08081
1180 5.18789e-05 0.0112411 500 8.41751
1180 4.20125e-05 0.0115724 600 8.14111
1180 3.76039e-05 0.0114015 700 8.39329
1180 3.07736e-05 0.00883348 800 8.29016
1190 0.000112093 0.00647867 100 6.36943
1190 7.14717e-05 0.00820007 200 7.84314
1190 5.33155e-05 0.00959236 300 7.61421
1190 5.13866e-05 0.0107455 400 8.19672
1190 5.31772e-05 0.0125601 500 8.5034
1190 4.37048e-05 0.0126731 600 8.21918
1190 3.98713e-05 0.012279 700 8.46433
1190 3.06402e-05 0.00953249 800 8.35946
1200 0.000111131 0.00682875 100 6.66667
1200 6.72168e-05 0.00857421 200 8.06452
1200 5.23882e-05 0.00972873 300 7.75194
1200 5.02725e-05 0.0108162 400 8.31601
1200 5.25729e-05 0.0125564 500 8.57633
1200 4.40294e-05 0.0125599 600 8.29876
1200 3.82009e-05 0.012027 700 8.53659
1200 2.97205e-05 0.0092302 800 8.42105
1210 9.72897e-05 0.00714662 100 6.89655
1210 7.16383e-05 0.0090328 200 8.26446
1210 5.53631e-05 0.0101584 300 7.8534
1210 5.34896e-05 0.0113806 400 8.42105
1210 5.36504e-05 0.013132 500 8.62069
1210 4.32018e-05 0.0130236 600 8.3682
1210 3.91757e-05 0.012323 700 8.59951
1210 2.93484e-05 0.00932212 800 8.47458
1220 0.000100544 0.00644536 100 7.14286
1220 7.05061e-05 0.00902079 200 8.43882
1220 5.63355e-05 0.0102526 300 7.93651
1220 5.46335e-05 0.0116544 400 8.51064
1220 5.58455e-05 0.0134599 500 8.60585
1220 4.29789e-05 0.0131511 600 8.42697
1220 3.97858e-05 0.0122897 700 8.65266
1220 2.88749e-05 0.00910336 800 8.52878
1230 9.02993e-05 0.0064901 100 7.29927
1230 6.81853e-05 0.00877539 200 8.62069
1230 5.56733e-05 0.00971056 300 8.02139
1230 5.43189e-05 0.0109556 400 8.60215
1230 5.22453e-05 0.012763 500 8.48896
1230 4.06748e-05 0.0123404 600 8.47458
1230 3.85117e-05 0.0115186 700 8.70647
1230 2.51066e-05 0.00837003 800 8.56531
1240 8.54146e-05 0.00531582 100 7.40741
1240 6.44092e-05 0.00817092 200 8.77193
1240 5.70366e-05 0.00952255 300 8.08625
1240 5.57139e-05 0.0113136 400 8.65801
1240 5.3383e-05 0.0132167 500 8.29187
1240 4.40745e-05 0.0126542 600 8.52273
1240 3.87636e-05 0.0116746 700 8.73908
1240 3.09547e-05 0.00816707 800 8.60215
1250 9.161e-05 0.00500629 100 7.46269
1250 5.72043e-05 0.00752685 200 8.88889
1250 5.39576e-05 0.0087061 300 8.15217
1250 5.36981e-05 0.0105441 400 8.7146
1250 5.0178e-05 0.0123542 500 8.21018
1250 4.35986e-05 0.0120478 600 8.54701
1250 3.69446e-05 0.0111468 700 8.76095
1250 2.81364e-05 0.00757352 800 8.63931
1260 8.62479e-05 0.00529103 100 7.57576
1260 6.52367e-05 0.00793837 200 8.96861
1260 5.86623e-05 0.00938968 300 8.19672
1260 5.65502e-05 0.0115915 400 8.77193
1260 5.0415e-05 0.0133116 500 8.19672
1260 4.37502e-05 0.0127353 600 8.57143
1260 3.8118e-05 0.0114396 700 8.78294
1260 2.83212e-05 0.00741125 800 8.65801
1270 9.79005e-05 0.00936748 100 7.69231
1270 6.52367e-05 0.0112965 200 9.04977
1270 5.68272e-05 0.0115333 300 8.24176
1270 5.4264e-05 0.0125331 400 8.81057
1270 4.55134e-05 0.0135472 500 8.22368
1270 4.11604e-05 0.0129297 600 8.59599
1270 3.51629e-05 0.0114304 700 8.76095
1270 2.50025e-05 0.00752903 800 8.69565
1280 0.000128262 0.0147181 100 7.93651
1280 6.57827e-05 0.0159783 200 9.13242
1280 5.31911e-05 0.0153903 300 8.33333
1280 5.48785e-05 0.0153249 400 8.88889
1280 4.8712e-05 0.0153225 500 8.29187
1280 3.77177e-05 0.013895 600 8.63309
1280 3.10159e-05 0.0117292 700 8.71731
1280 2.1002e-05 0.00794869 800 8.73362
1290 8.32948e-05 0.00762445 100 8.26446
1290 0.000147301 0.00981691 200 9.25926
1290 4.86655e-05 0.00898842 300 8.4507
1290 4.87831e-05 0.0100445 400 8.98876
1290 4.30583e-05 0.0108977 500 8.3612
1290 3.80238e-05 0.0105419 600 8.69565
1290 3.15833e-05 0.00895207 700 8.63132
1290 2.059e-05 0.00547925 800 8.78156
1300 9.00349e-05 0.00921426 100 8.62069
1300 0.000114723 0.0103963 200 9.38967
1300 5.22109e-05 0.00990946 300 8.59599
1300 5.22636e-05 0.0107003 400 9.09091
1300 4.20384e-05 0.0112158 500 8.44595
1300 3.6937e-05 0.0106651 600 8.75912
1300 3.04858e-05 0.00873695 700 8.62069
1300 2.43533e-05 0.005438 800 8.83978
1310 6.97407e-05 0.00890825 100 9.09091
1310 3.90626e-05 0.00969676 200 9.47867
1310 4.94218e-05 0.00917771 300 8.72093
1310 4.80289e-05 0.0098378 400 9.1954
1310 4.10163e-05 0.0102395 500 8.53242
1310 3.41027e-05 0.00981689 600 8.82353
1310 2.91642e-05 0.00784782 700 8.64198
1310 1.85432e-05 0.00479818 800 8.88889
1320 6.47779e-05 0.00396802 100 9.43396
1320 7.21771e-05 0.00534964 200 9.04977
1320 5.44463e-05 0.0063155 300 8.84956
1320 4.80909e-05 0.00856874 400 9.25926
1320 4.35647e-05 0.00948593 500 8.60585
1320 3.85943e-05 0.00963622 600 8.87574
1320 3.40878e-05 0.00766268 700 8.6741
1320 2.19899e-05 0.00430096 800 8.93855
1330 6.40376e-05 0.00289194 100 9.70874
1330 5.66809e-05 0.00418705 200 8.51064
1330 5.61943e-05 0.00589802 300 8.92857
1330 5.32942e-05 0.0084175 400 9.28074
1330 4.22759e-05 0.00912508 500 8.65052
1330 3.95185e-05 0.00930192 600 8.90208
1330 3.333e-05 0.00712038 700 8.69565
1330 2.2426e-05 0.00395227 800 8.96861
1340 8.05296e-05 0.00247862 100 9.90099
1340 6.42238e-05 0.00424041 200 8.40336
1340 5.71757e-05 0.00669005 300 8.98204
1340 5.23206e-05 0.00928652 400 9.28074
1340 4.43674e-05 0.00958022 500 8.68056
1340 4.05117e-05 0.00950453 600 8.92857
1340 3.29112e-05 0.0069898 700 8.71731
1340 2.02709e-05 0.0038758 800 8.99887
1350 5.81855e-05 0.00335814 100 10.101
1350 5.92516e-05 0.00382466 200 8.3682
1350 5.40802e-05 0.00558183 300 9.03614
1350 4.88289e-05 0.00799345 400 9.1954
1350 3.96207e-05 0.00808629 500 8.7108
1350 3.72228e-05 0.00797461 600 8.94188
1350 2.8489e-05 0.00559203 700 8.73908
1350 1.67487e-05 0.00301067 800 9.00901
1360 5.85938e-05 0.00478049 100 10.2041
1360 5.46463e-05 0.00401423 200 8.40336
1360 4.78973e-05 0.00540422 300 9.06344
1360 5.06269e-05 0.00746827 400 9.02935
1360 3.93429e-05 0.00761833 500 8.726
1360 3.62309e-05 0.00751807 600 8.96861
1360 2.57245e-05 0.00511519 700 8.76095
1360 1.65135e-05 0.00279334 800 9.02935
1370 6.62338e-05 0.00496407 100 10.5263
1370 5.75678e-05 0.00434817 200 8.43882
1370 5.2741e-05 0.00586583 300 9.11854
1370 4.73413e-05 0.00789651 400 8.65801
1370 3.86952e-05 0.00774365 500 8.75657
1370 3.28362e-05 0.00747636 600 8.98204
1370 2.68808e-05 0.00487371 700 8.78294
1370 1.49007e-05 0.00266601 800 9.03955
1380 4.97952e-05 0.00467448 100 10.6383
1380 5.75678e-05 0.00412723 200 8.47458
1380 5.16497e-05 0.0060175 300 9.17431
1380 4.7231e-05 0.00791632 400 8.40336
1380 3.79737e-05 0.00752208 500 8.77193
1380 3.25323e-05 0.00701484 600 8.9955
1380 2.54105e-05 0.00424831 700 8.80503
1380 1.31191e-05 0.00226173 800 9.04977
1390 4.39454e-05 0.00401183 100 10.7527
1390 5.41533e-05 0.00363054 200 8.51064
1390 4.90181e-05 0.00587787 300 9.20245
1390 4.35542e-05 0.00759589 400 8.35073
1390 3.70199e-05 0.0071992 500 8.78735
1390 3.15819e-05 0.00660828 600 8.9955
1390 2.26248e-05 0.00372838 700 8.82724
1390 1.12874e-05 0.00195535 800 9.04977
1400 5.75676e-05 0.00506091 100 10.7527
1400 5.98024e-05 0.00427112 200 8.51064
1400 4.78973e-05 0.00616633 300 9.23077
1400 4.21457e-05 0.00786404 400 8.35073
1400 3.89776e-05 0.00805974 500 8.77193
1400 3.36629e-05 0.00743936 600 8.92857
1400 2.19036e-05 0.00417353 700 8.83838
1400 1.73603e-05 0.00238268 800 9.03955
1410 0.000360125 0.00695893 100 10.3093
1410 5.63645e-05 0.00338564 200 8.51064
1410 4.93144e-05 0.00567074 300 9.20245
1410 4.04498e-05 0.00677005 400 8.3682
1410 3.41941e-05 0.00659052 500 8.77193
1410 2.87956e-05 0.00552355 600 8.67052
1410 1.6448e-05 0.00262427 700 8.84956
1410 1.1898e-05 0.00141034 800 8.97868
1420 6.01994e-05 0.00408749 100 9.61539
1420 5.86957e-05 0.00335875 200 8.51064
1420 4.84199e-05 0.00546906 300 9.17431
1420 3.74861e-05 0.00606927 400 8.38574
1420 3.24775e-05 0.00579374 500 8.74126
1420 2.96232e-05 0.00426984 600 8.5592
1420 1.33266e-05 0.00179336 700 8.84956
1420 1.0867e-05 0.0010645 800 8.06452
1430 5.6943e-05 0.00378452 100 7.57576
1430 5.86957e-05 0.00398623 200 8.51064
1430 5.21093e-05 0.00632437 300 9.11854
1430 3.9082e-05 0.00676036 400 8.38574
1430 3.41662e-05 0.00675369 500 8.74126
1430 3.0363e-05 0.00482066 600 8.52273
1430 1.62246e-05 0.0023375 700 8.86076
1430 1.57159e-05 0.00135242 800 7.98403
1440 5.41531e-05 0.00350097 100 7.19424
1440 5.61526e-05 0.00408067 200 8.54701
1440 5.12377e-05 0.00643686 300 9.03614
1440 3.74065e-05 0.00618063 400 8.40336
1440 3.75697e-05 0.00583968 500 8.726
1440 2.4536e-05 0.00383782 600 8.52273
1440 1.23802e-05 0.00180655 700 8.86076
1440 1.17562e-05 0.000926139 800 7.96813
1450 7.59589e-05 0.00301062 100 7.04225
1450 5.47008e-05 0.00409794 200 8.54701
1450 5.31163e-05 0.00633922 300 8.84956
1450 3.80581e-05 0.00571546 400 8.40336
1450 3.39561e-05 0.00525356 500 8.726
1450 2.43736e-05 0.00323639 600 8.53485
1450 1.0228e-05 0.00148613 700 8.86076
1450 1.18037e-05 0.000678117 800 7.96813
1460 7.17626e-05 0.0030299 100 6.99301
1460 6.3053e-05 0.00449739 200 8.51064
1460 5.06135e-05 0.00658408 300 8.40336
1460 3.49985e-05 0.0056247 400 8.38574
1460 3.21083e-05 0.00514743 500 8.7108
1460 2.25676e-05 0.00302415 600 8.53485
1460 7.64123e-06 0.00146145 700 8.84956
1460 9.29662e-06 0.000675659 800 7.96813
1470 6.47779e-05 0.00321987 100 6.94444
1470 5.57264e-05 0.00487 200 8.51064
1470 4.9609e-05 0.00664237 300 7.87402
1470 3.54217e-05 0.0058201 400 8.3682
1470 2.90684e-05 0.00529974 500 8.7108
1470 1.8841e-05 0.00301286 600 8.53485
1470 1.09406e-05 0.00163608 700 8.83838
1470 8.54494e-06 0.000614187 800 7.96813
1480 6.97407e-05 0.00204783 100 6.94444
1480 5.45918e-05 0.00469137 200 8.51064
1480 4.50176e-05 0.0063972 300 7.73196
1480 3.53375e-05 0.00579725 400 8.3682
1480 3.07736e-05 0.0054269 500 8.69565
1480 2.29315e-05 0.00283399 600 8.54701
1480 1.03932e-05 0.00159695 700 8.82724
1480 1.08155e-05 0.000569287 800 7.9602
1490 7.02516e-05 0.0024273 100 6.94444
1490 5.40982e-05 0.00449521 200 8.54701
1490 3.6576e-05 0.005977 300 7.73196
1490 3.34974e-05 0.00557621 400 8.3682
1490 2.83878e-05 0.00504312 500 8.63558
1490 1.50279e-05 0.00253819 600 8.5592
1490 1.10512e-05 0.00157058 700 8.82724
1490 4.22864e-06 0.00044133 800 7.96813
1500 0.000114304 0.00758827 100 7.04225
1500 6.1667e-05 0.00801648 200 8.62069
1500 4.71167e-05 0.00827148 300 7.79221
1500 3.08577e-05 0.00690151 400 8.38574
1500 2.17053e-05 0.00540923 500 8.48896
1500 1.10689e-05 0.00343724 600 8.59599
1500 8.87831e-06 0.0027428 700 8.80503
1500 5.32093e-06 0.000885126 800 7.98403
1510 0.000320871 0.0349419 100 7.24638
1510 0.000174668 0.0341355 200 8.73362
1510 0.000115106 0.030866 300 7.87402
1510 8.36198e-05 0.0266858 400 8.43882
1510 5.34812e-05 0.0218057 500 8.33333
1510 5.33606e-05 0.0136913 600 8.64553
1510 4.63927e-05 0.00967078 700 8.77193
1510 3.67088e-05 0.00358123 800 8.00801
1520 7.91861e-05 0.00393243 100 7.46269
1520 5.98522e-05 0.00517944 200 8.84956
1520 4.25054e-05 0.00609477 300 7.97872
1520 3.23891e-05 0.00619612 400 8.51064
1520 2.7725e-05 0.00492026 500 8.33333
1520 1.39063e-05 0.00260839 600 8.69565
1520 1.92807e-05 0.00219669 700 7.87402
1520 6.2244e-06 0.000450233 800 8.0402
1530 6.97407e-05 0.00566189 100 7.87402
1530 6.3383e-05 0.00626637 200 9.09091
1530 3.99014e-05 0.00662158 300 8.10811
1530 3.34751e-05 0.00650623 400 8.62069
1530 2.37409e-05 0.00507347 500 8.40336
1530 1.51813e-05 0.00296176 600 8.78477
1530 1.94815e-05 0.0024659 700 7.87402
1530 2.02431e-06 0.000552054 800 8.08898
1540 8.40073e-05 0.00830293 100 8.40336
1540 6.35708e-05 0.00836562 200 9.43396
1540 4.1719e-05 0.00802609 300 8.31025
1540 3.25498e-05 0.00757146 400 8.77193
1540 2.19456e-05 0.00600225 500 8.51789
1540 1.50719e-05 0.00376322 600 8.88889
1540 2.77273e-05 0.00299957 700 7.92752
1540 2.5895e-06 0.000794103 800 8.15494
1550 8.73467e-05 0.00822874 100 9.00901
1550 6.86644e-05 0.00833065 200 9.7561
1550 3.87905e-05 0.00792842 300 8.49858
1550 3.05422e-05 0.00746779 400 8.90869
1550 2.02505e-05 0.00592184 500 8.62069
1550 1.18771e-05 0.0037099 600 8.9955
1550 3.31102e-05 0.00297197 700 7.99087
1550 3.66211e-06 0.000784782 800 8.22199
1560 7.3729e-05 0.00529964 100 9.61539
1560 5.81858e-05 0.00602777 200 10.0503
1560 3.25929e-05 0.00604034 300 8.67052
1560 2.96007e-05 0.00602264 400 9.04977
1560 2.45894e-05 0.00471744 500 8.726
1560 1.21799e-05 0.00287341 600 9.09091
1560 2.5199e-05 0.0023378 700 8.03674
1560 2.36388e-06 0.000551657 800 8.28157
1570 6.73051e-05 0.00700238 100 10
1570 6.12305e-05 0.00730425 200 10.2564
1570 3.35935e-05 0.00679751 300 8.79765
1570 2.58375e-05 0.00667043 400 9.13242
1570 2.08766e-05 0.00537431 500 8.78735
1570 1.29187e-05 0.00343092 600 9.16031
1570 2.79371e-05 0.0026263 700 8.06452
1570 3.8602e-06 0.000664155 800 8.31601
1580 6.40376e-05 0.00367962 100 10.4167
1580 5.42083e-05 0.00488567 200 10.2564
1580 3.32766e-05 0.00505934 300 8.87574
1580 3.15973e-05 0.00534447 400 9.1954
1580 2.42771e-05 0.00412054 500 8.83392
1580 9.86684e-06 0.00262012 600 9.20245
1580 1.9469e-05 0.00190559 700 8.08314
1580 2.9901e-06 0.000427336 800 8.35073
1590 6.2721e-05 0.00357726 100 10.6383
1590 5.17327e-05 0.00423712 200 10.0503
1590 2.83316e-05 0.0040751 300 8.92857
1590 2.64643e-05 0.003898 400 9.23787
1590 1.65152e-05 0.00310935 500 8.88099
1590 8.61248e-06 0.00226903 600 9.23077
1590 2.22452e-05 0.00157047 700 8.10185
1590 3.90816e-06 0.000387146 800 8.3682
1600 5.34886e-05 0.00345437 100 10.7527
1600 5.81345e-05 0.00488909 200 9.43396
1600 3.35146e-05 0.00478959 300 8.92857
1600 3.25269e-05 0.00518508 400 9.25926
1600 2.99092e-05 0.00379515 500 8.8968
1600 1.33225e-05 0.00256887 600 9.24499
1600 2.0325e-05 0.00166025 700 8.11124
1600 1.00105e-05 0.000339621 800 8.37696
1610 5.56727e-05 0.00310349 100 10.7527
1610 5.13859e-05 0.00447288 200 8.51064
1610 3.61022e-05 0.00467315 300 8.95522
1610 2.88615e-05 0.00517808 400 9.25926
1610 2.07161e-05 0.0035519 500 8.91266
1610 1.46259e-05 0.00260664 600 9.24499
1610 1.86391e-05 0.00147827 700 8.12065
1610 1.01399e-05 0.000261691 800 8.37696
1620 5.6943e-05 0.00281882 100 10.8696
1620 4.05598e-05 0.00412996 200 8.19672
1620 2.97457e-05 0.0042929 300 8.95522
1620 2.6408e-05 0.00468711 400 9.25926
1620 1.71665e-05 0.00319273 500 8.94454
1620 1.36661e-05 0.00261508 600 9.24499
1620 1.6507e-05 0.00131817 700 8.12065
1620 7.52493e-06 0.000353742 800 8.3682
1630 5.3711e-05 0.00248761 100 10.8696
1630 4.20037e-05 0.00456264 200 8.13008
1630 4.07879e-05 0.00559448 300 8.92857
1630 3.38954e-05 0.00638747 400 9.1954
1630 2.67979e-05 0.00405789 500 8.96057
1630 1.8504e-05 0.0033673 600 9.21659
1630 1.65512e-05 0.00158844 700 8.12065
1630 8.18874e-06 0.000495534 800 8.3682
1640 5.73601e-05 0.00285924 100 10.8696
1640 3.96683e-05 0.00447016 200 8.16327
1640 3.32368e-05 0.00536896 300 8.92857
1640 2.85239e-05 0.00570538 400 8.90869
1640 2.0945e-05 0.00368326 500 8.96057
1640 2.18973e-05 0.00342428 600 9.17431
1640 1.24781e-05 0.00142211 700 8.12065
1640 7.91107e-06 0.000697901 800 8.37696
1650 6.87074e-05 0.0022587 100 10.7527
1650 3.80578e-05 0.00414048 200 8.19672
1650 3.55103e-05 0.00548332 300 8.87574
1650 2.84978e-05 0.00549863 400 8.58369
1650 1.92856e-05 0.00348396 500 8.97666
1650 2.81207e-05 0.00363279 600 8.94188
1650 1.22419e-05 0.00132784 700 8.11124
1650 8.41313e-06 0.000890097 800 8.37696
1660 8.30081e-05 0.00245763 100 10.5263
1660 3.93666e-05 0.00410027 200 8.19672
1660 3.85851e-05 0.00579847 300 8.84956
1660 3.13131e-05 0.00554846 400 8.51064
1660 1.85804e-05 0.00368213 500 8.97666
1660 3.89615e-05 0.00379555 600 7.82269
1660 1.24976e-05 0.00135761 700 8.11124
1660 8.07421e-06 0.000851238 800 8.3682
1670 6.07906e-05 0.00251902 100 10.2041
1670 3.47848e-05 0.00365896 200 8.23045
1670 3.73288e-05 0.00491448 300 8.82353
1670 2.86542e-05 0.00439994 400 8.49257
1670 1.89866e-05 0.00306941 500 8.97666
1670 3.44216e-05 0.00294854 600 7.79221
1670 1.31243e-05 0.00107502 700 8.11124
1670 1.04832e-05 0.000905325 800 8.35073
1680 6.49617e-05 0.00267886 100 9.70874
1680 3.95177e-05 0.00398936 200 8.23045
1680 3.71866e-05 0.00506905 300 8.82353
1680 2.73504e-05 0.0043612 400 8.49257
1680 1.84517e-05 0.003277 500 8.97666
1680 3.25017e-05 0.00280503 600 7.7821
1680 1.33449e-05 0.00110765 700 8.11124
1680 1.19293e-05 0.00107922 800 8.34202
1690 7.02516e-05 0.00243424 100 8.62069
1690 4.49512e-05 0.00361932 200 8.19672
1690 4.31241e-05 0.00508355 300 8.82353
1690 3.48919e-05 0.00409792 400 8.51064
1690 2.25035e-05 0.00328215 500 8.97666
1690 2.92067e-05 0.00266088 600 7.7821
1690 1.56132e-05 0.00108996 700 8.11124
1690 1.45976e-05 0.00111326 800 8.33333
1700 5.79803e-05 0.00301807 100 7.04225
1700 4.64511e-05 0.00372008 200 8.19672
1700 4.10469e-05 0.0052797 300 8.79765
1700 3.51684e-05 0.00393853 400 8.51064
1700 2.3151e-05 0.00338898 500 8.96057
1700 2.96679e-05 0.00246856 600 7.7821
1700 1.6089e-05 0.00106997 700 8.10185
1700 1.46103e-05 0.00126134 800 8.33333
1710 5.09781e-05 0.00346102 100 6.49351
1710 4.92537e-05 0.00403045 200 8.16327
1710 4.16555e-05 0.00549046 300 8.77193
1710 3.12655e-05 0.00373143 400 8.52878
1710 2.27773e-05 0.00340422 500 8.94454
1710 2.41963e-05 0.0021553 600 7.7821
1710 1.41415e-05 0.000978659 700 8.09249
1710 1.3204e-05 0.00141277 800 8.33333
1720 2.67443e-05 0.003642 100 6.41026
1720 2.58374e-05 0.00280598 200 8.13008
1720 2.40313e-05 0.00291184 300 8.69565
1720 2.50766e-05 0.00190893 400 8.54701
1720 2.23547e-05 0.0022405 500 8.92857
1720 2.18973e-05 0.00154602 600 7.77202
1720 1.80825e-05 0.00139841 700 8.08314
1720 2.13538e-05 0.002645 800 8.33333
1730 3.68644e-05 0.00320802 100 6.45161
1730 3.82921e-05 0.00352174 200 8.13008
1730 3.69364e-05 0.00441709 300 8.37989
1730 2.82087e-05 0.00304342 400 8.54701
1730 3.03052e-05 0.00354741 500 8.86525
1730 1.98842e-05 0.00199855 600 7.77202
1730 1.54093e-05 0.00141152 700 8.09249
1730 1.70791e-05 0.00229537 800 8.32466
1740 2.39208e-05 0.00379977 100 6.53595
1740 2.36703e-05 0.0032794 200 8.13008
1740 3.13922e-05 0.00303755 300 8.02139
1740 2.06801e-05 0.00220998 400 8.58369
1740 3.3928e-05 0.00326513 500 8.69565
1740 2.26116e-05 0.00185889 600 7.7821
1740 1.70579e-05 0.00192708 700 8.10185
1740 2.20829e-05 0.00314008 800 8.31601
1750 5.34886e-05 0.003165 100 6.62252
1750 4.87061e-05 0.00471926 200 8.13008
1750 4.30627e-05 0.00500346 300 7.97872
1750 3.32518e-05 0.00365779 400 8.62069
1750 5.0197e-05 0.00467732 500 7.44048
1750 2.381e-05 0.00237175 600 7.79221
1750 1.38283e-05 0.00186139 700 8.11124
1750 1.69367e-05 0.00262959 800 8.32466
1760 3.84473e-05 0.00366643 100 6.71141
1760 3.95177e-05 0.00386458 200 8.16327
1760 3.68646e-05 0.00373192 300 7.97872
1760 2.88873e-05 0.00316523 400 8.65801
1760 4.75628e-05 0.00415289 500 7.4184
1760 1.78667e-05 0.00241236 600 7.80234
1760 1.96556e-05 0.00243967 700 8.12065
1760 2.11435e-05 0.00352211 800 8.34202
1770 5.81855e-05 0.00308763 100 6.84932
1770 5.2985e-05 0.00378222 200 8.23045
1770 4.05599e-05 0.00376184 300 8.0429
1770 2.77829e-05 0.00347259 400 8.69565
1770 4.60757e-05 0.00411058 500 7.42942
1770 2.09071e-05 0.00250763 600 7.8329
1770 1.98894e-05 0.00243031 700 8.13008
1770 1.96929e-05 0.00326249 800 8.3682
1780 8.32948e-05 0.00383793 100 7.04225
1780 5.88985e-05 0.00529723 200 8.3682
1780 4.75086e-05 0.00506548 300 8.10811
1780 3.28006e-05 0.00464256 400 8.77193
1780 4.88489e-05 0.00476043 500 7.46269
1780 2.37682e-05 0.00290104 600 7.87402
1780 1.78114e-05 0.00253834 700 8.15851
1780 1.89604e-05 0.00318851 800 8.40336
1790 5.02717e-05 0.00395333 100 7.24638
1790 4.56094e-05 0.00440516 200 8.54701
1790 4.19723e-05 0.00401147 300 8.21918
1790 2.89903e-05 0.00388641 400 8.86918
1790 4.4539e-05 0.00404837 500 7.5188
1790 1.97673e-05 0.00262059 600 7.92602
1790 2.27321e-05 0.0027233 700 8.19672
1790 2.09665e-05 0.00371914 800 8.44773
1800 6.42235e-05 0.00218394 100 7.57576
1800 5.09198e-05 0.00316132 200 8.73362
1800 4.2754e-05 0.00283697 300 8.35655
1800 3.117e-05 0.00350195 400 8.96861
1800 4.39353e-05 0.00395153 500 7.58725
1800 2.3389e-05 0.00293922 600 7.97872
1800 2.53722e-05 0.00324181 700 8.24499
1800 2.30971e-05 0.00424758 800 8.50159
1810 8.09725e-05 0.00204141 100 7.93651
1810 5.65229e-05 0.00379336 200 9.00901
1810 5.6029e-05 0.00315916 300 8.52273
1810 3.19724e-05 0.00365701 400 9.11162
1810 4.21969e-05 0.00395383 500 7.65697
1810 2.4059e-05 0.00293498 600 8.05369
1810 2.35521e-05 0.0031964 700 8.31354
1810 2.21082e-05 0.00415418 800 8.56531
1820 7.94866e-05 0.00183518 100 8.47458
1820 5.31534e-05 0.00404985 200 9.30233
1820 4.5863e-05 0.00329153 300 8.72093
1820 3.1879e-05 0.0037701 400 9.25926
1820 4.16967e-05 0.00389445 500 7.75194
1820 2.34456e-05 0.00281316 600 8.13008
1820 2.35211e-05 0.003095 700 8.38323
1820 2.19729e-05 0.00413424 800 8.62999
1830 9.01672e-05 0.00246445 100 9.00901
1830 5.83392e-05 0.00507477 200 9.61539
1830 4.92607e-05 0.0041998 300 8.90208
1830 3.26868e-05 0.00449011 400 9.41177
1830 4.14788e-05 0.0042608 500 7.83699
1830 2.52412e-05 0.00293874 600 8.20793
1830 2.20806e-05 0.00305355 700 8.46433
1830 2.1922e-05 0.00402902 800 8.69565
1840 7.78194e-05 0.00192316 100 9.61539
1840 5.38774e-05 0.00449669 200 9.95025
1840 4.59784e-05 0.0036981 300 9.11854
1840 3.38734e-05 0.00420336 400 9.56938
1840 4.10512e-05 0.00398686 500 7.92393
1840 2.43191e-05 0.00290146 600 8.28729
1840 2.31457e-05 0.00318547 700 8.53659
1840 2.15535e-05 0.00427532 800 8.77193
1850 8.58323e-05 0.00216181 100 10.2041
1850 5.86957e-05 0.00473128 200 10.3093
1850 4.762e-05 0.00389889 300 9.28793
1850 3.3319e-05 0.00447084 400 9.70874
1850 3.88305e-05 0.00404998 500 8.01282
1850 2.64707e-05 0.0030139 600 8.35655
1850 2.19812e-05 0.00326952 700 8.61009
1850 2.23262e-05 0.00431632 800 8.83002
1860 7.2424e-05 0.00162663 100 10.7527
1860 4.68345e-05 0.00380973 200 10.5263
1860 4.04946e-05 0.002592 300 9.43396
1860 2.90159e-05 0.0033441 400 9.82801
1860 3.14784e-05 0.00298865 500 8.06452
1860 2.08436e-05 0.0023805 600 8.40336
1860 2.25062e-05 0.00310684 700 8.66337
1860 2.33218e-05 0.00437581 800 8.87902
1870 6.53277e-05 0.00220865 100 10.8696
1870 4.90719e-05 0.00417593 200 10.582
1870 3.77522e-05 0.00278476 300 9.52381
1870 2.83405e-05 0.00360715 400 9.85222
1870 3.05403e-05 0.00288278 500 8.09062
1870 2.12994e-05 0.00226482 600 8.42697
1870 2.30404e-05 0.00330688 700 8.68486
1880 6.69499e-05 0.00438082 100 10.8696
1880 4.7904e-05 0.00552849 200 10.1523
1880 3.83786e-05 0.00386858 300 9.55414
1880 3.83701e-05 0.0048052 400 9.80392
1880 2.82362e-05 0.00341773 500 8.09062
1880 2.15313e-05 0.002826 600 8.42697
1880 2.46129e-05 0.00389476 700 8.6741
1890 5.34886e-05 0.00507042 100 10.6383
1890 4.42159e-05 0.0054303 200 9.04977
1890 3.63581e-05 0.00364218 300 9.52381
1890 4.36225e-05 0.00502452 400 9.54654
1890 2.40997e-05 0.00308923 500 8.07754
1890 2.32328e-05 0.00292492 600 8.42697
1890 2.45039e-05 0.00408522 700 8.64198
1900 4.52814e-05 0.00523428 100 10.4167
1900 4.30548e-05 0.00458959 200 8.81057
1900 2.72351e-05 0.00336578 300 9.52381
1900 5.52304e-05 0.00491202 400 7.64818
1900 2.34376e-05 0.00291948 500 8.05153
1900 2.12371e-05 0.00320008 600 8.41515
1900 2.64887e-05 0.00456763 700 8.63132
1910 3.71864e-05 0.0057343 100 10.2041
1910 3.59642e-05 0.00462959 200 8.73362
1910 2.44683e-05 0.00325051 300 9.52381
1910 5.39335e-05 0.00423213 400 7.57576
1910 2.36805e-05 0.0027044 500 8.03859
1910 2.50833e-05 0.00338362 600 8.37989
1910 2.7998e-05 0.00498774 700 8.62069
1920 5.21342e-05 0.00601094 100 10.2041
1920 3.71062e-05 0.00478941 200 8.73362
1920 3.08388e-05 0.00413805 300 9.52381
1920 5.58608e-05 0.00479193 400 7.56144
1920 2.55593e-05 0.00347511 500 8.05153
1920 2.89562e-05 0.00417264 600 8.3682
1920 2.9496e-05 0.00570348 700 8.62069
1930 4.65791e-05 0.00678723 100 10.2041
1930 3.52105e-05 0.00460732 200 8.77193
1930 3.00116e-05 0.00413901 300 9.52381
1930 5.1285e-05 0.00439286 400 7.56144
1930 2.25881e-05 0.00333592 500 8.05153
1930 3.17283e-05 0.0043175 600 8.35655
1930 2.96359e-05 0.00595692 700 8.63132
1940 2.80496e-05 0.0068851 100 10.2041
1940 3.25725e-05 0.00418146 200 8.81057
1940 3.058e-05 0.00409273 300 9.52381
1940 4.12884e-05 0.00427956 400 7.57576
1940 2.55406e-05 0.00362107 500 8.05153
1940 3.20709e-05 0.00485265 600 8.3682
1940 3.33154e-05 0.00676124 700 8.64198
1950 3.8136e-05 0.00709671 100 10.2041
1950 3.68645e-05 0.00385841 200 8.84956
1950 3.52482e-05 0.00467528 300 9.52381
1950 4.01911e-05 0.00443386 400 7.57576
1950 2.70459e-05 0.00410137 500 8.03859
1950 3.41803e-05 0.00555368 600 8.3682
1950 3.32788e-05 0.00738396 700 8.65266
1960 4.31239e-05 0.007359 100 10.101
1960 3.57148e-05 0.00358587 200 8.88889
1960 3.40634e-05 0.00456056 300 9.49367
1960 3.34751e-05 0.00402752 400 7.57576
1960 2.69222e-05 0.00386514 500 8.03859
1960 3.36136e-05 0.00554957 600 8.37989
1970 4.63225e-05 0.00656862 100 9.43396
1970 3.32964e-05 0.00312382 200 8.96861
1970 3.68646e-05 0.00419062 300 9.46372
1970 3.12893e-05 0.00368701 400 7.59013
1970 2.71163e-05 0.00401102 500 8.05153
1970 3.52393e-05 0.00599386 600 8.37989
1980 4.47518e-05 0.00577264 100 8
1980 4.50836e-05 0.00308188 200 9.00901
1980 5.36375e-05 0.00524379 300 9.28793
1980 3.07125e-05 0.0044553 400 7.59013
1980 3.03838e-05 0.00506348 500 8.06452
1980 3.64859e-05 0.0069289 600 8.3682
1990 4.97952e-05 0.00493228 100 7.63359
1990 3.40049e-05 0.00246008 200 9.04977
1990 5.90449e-05 0.00477678 300 7.109
1990 3.06882e-05 0.00372457 400 7.60456
1990 3.11586e-05 0.00485228 500 8.07754
1990 3.59925e-05 0.00679833 600 8.3682
2000 6.11816e-05 0.00498547 100 7.5188
2000 3.72665e-05 0.00335841 200 9.13242
2000 7.38201e-05 0.0057436 300 6.97674
2000 3.53796e-05 0.00471728 400 7.60456
2000 3.61069e-05 0.00583381 500 8.07754
2000 3.80063e-05 0.00782116 600 8.37989
2010 4.14321e-05 0.00617572 100 7.57576
2010 5.13279e-05 0.00548638 200 9.13242
2010 7.91041e-05 0.00745418 300 6.94444
2010 3.49985e-05 0.00639191 400 7.61905
2010 3.78479e-05 0.00763771 500 8.06452
2010 4.12087e-05 0.00958421 600 8.39161
2020 4.73407e-05 0.00394497 100 7.57576
2020 4.73408e-05 0.00433994 200 9.17431
2020 6.7483e-05 0.0060526 300 6.94444
2020 3.38734e-05 0.00567486 400 7.63359
2020 4.48165e-05 0.00722562 500 8.05153
2020 4.06911e-05 0.0092983 600 8.40336
2030 5.21342e-05 0.00294597 100 7.63359
2030 4.72147e-05 0.00366311 200 9.13242
2030 5.93581e-05 0.00510072 300 6.94444
2030 2.6911e-05 0.00509871 400 7.63359
2030 4.30361e-05 0.00690811 500 8.05153
2030 4.05117e-05 0.00916592 600 8.40336
2040 5.3041e-05 0.00139315 100 7.69231
2040 5.14438e-05 0.0039019 200 9.13242
2040 5.76372e-05 0.0053057 300 6.94444
2040 3.36527e-05 0.0057344 400 7.61905
2040 4.35647e-05 0.00765442 500 8.05153
2040 4.1313e-05 0.00993528 600 8.41515
2050 6.13761e-05 0.00144587 100 7.75194
2050 4.89502e-05 0.00480778 200 9.13242
2050 4.8283e-05 0.00568294 300 6.96056
2050 3.6356e-05 0.00620381 400 7.61905
2050 4.3794e-05 0.00828555 500 8.06452
2060 4.80902e-05 0.00241855 100 7.93651
2060 4.87061e-05 0.00541035 200 9.17431
2060 4.32468e-05 0.00600008 300 6.99301
2060 3.31396e-05 0.00636401 400 7.64818
2060 4.41087e-05 0.00854118 500 8.09062
2070 5.85938e-05 0.00311954 100 8.19672
2070 4.65792e-05 0.00620962 200 9.30233
2070 4.43656e-05 0.00676962 300 7.05882
2070 3.51896e-05 0.00731192 400 7.70713
2070 4.60654e-05 0.00952673 500 8.14332
2080 6.62338e-05 0.00371106 100 8.62069
2080 5.34888e-05 0.00674865 200 9.47867
2080 4.49882e-05 0.00725185 300 7.14286
2080 3.72268e-05 0.00786912 400 7.79727
2080 4.7663e-05 0.0100599 500 8.21018
2090 5.48095e-05 0.00337389 100 9.25926
2090 5.83392e-05 0.00634808 200 9.7561
2090 4.34302e-05 0.00686131 300 7.26392
2090 3.48064e-05 0.00749323 400 7.90514
2090 4.48484e-05 0.00962295 500 8.30565
2100 6.90535e-05 0.00415355 100 9.90099
2100 7.58417e-05 0.00733119 200 9.95025
2100 3.64672e-05 0.00740099 300 7.38916
2100 3.94992e-05 0.00820786 400 8.01603
2100 4.59306e-05 0.0102539 500 8.38926
2110 7.84298e-05 0.00457161 100 10.5263
2110 7.48528e-05 0.00800441 200 9.95025
2110 3.70438e-05 0.00771822 300 7.5
2110 4.40982e-05 0.00866048 400 8.11359
2110 4.54295e-05 0.0105441 500 8.47458
2120 8.4573e-05 0.00521053 100 10.989
2120 9.47456e-05 0.00877011 200 6.84932
2120 4.26919e-05 0.0080612 300 7.57576
2120 4.64355e-05 0.00954154 400 8.17996
2120 4.95756e-05 0.0117162 500 8.51789
2130 7.67396e-05 0.00755493 100 11.236
2130 0.000114878 0.0101484 200 6.68896
2130 3.9835e-05 0.00883905 300 7.59494
2130 4.25854e-05 0.00996505 400 8.21355
2130 4.83681e-05 0.011927 500 8.54701
2140 8.67991e-05 0.00801163 100 11.3636
2140 0.000109893 0.00999601 200 6.64452
2140 4.16237e-05 0.00875468 300 7.61421
2140 4.45688e-05 0.0100475 400 8.19672
2140 4.67742e-05 0.0121107 500 8.56164
2150 7.67396e-05 0.00669883 100 11.3636
2150 8.66968e-05 0.00814107 200 6.62252
2150 3.32766e-05 0.00747352 300 7.61421
2150 5.20922e-05 0.00911562 400 8.14664
2150 4.70994e-05 0.0113022 500 8.56164
2160 9.18699e-05 0.0074784 100 11.236
2160 8.23238e-05 0.00825005 200 6.62252
2160 3.35146e-05 0.0075928 300 7.59494
2160 4.71363e-05 0.00903817 400 8.13008
2160 4.43996e-05 0.0110698 500 8.56164
2170 7.17626e-05 0.00780209 100 11.1111
2170 6.13278e-05 0.00769677 200 6.60066
2170 2.45224e-05 0.00718471 300 7.57576
2170 5.00943e-05 0.00903295 400 8.13008
2170 4.65494e-05 0.011288 500 8.54701
2180 6.07906e-05 0.00683071 100 10.8696
2180 3.69453e-05 0.00634519 200 6.57895
2180 3.35935e-05 0.00638579 300 7.53769
2180 5.17046e-05 0.00872593 400 8.13008
2190 3.00997e-05 0.00737333 100 10.5263
2190 3.58813e-05 0.00653802 200 6.55738
2190 2.84715e-05 0.00639176 300 7.5188
2190 4.74357e-05 0.00832262 400 8.09717
2200 8.89694e-05 0.00534667 100 9.90099
2200 3.41798e-05 0.00517768 200 6.53595
2200 3.5622e-05 0.00572992 300 7.5188
2200 4.74671e-05 0.00794039 400 8.06452
2210 0.000128262 0.00557307 100 4.90196
2210 3.89097e-05 0.00432898 200 6.51466
2210 3.95346e-05 0.00560568 300 7.5188
2210 4.61297e-05 0.00785424 400 8.03213
2220 0.000166448 0.00561247 100 4.69484
2220 4.11434e-05 0.00484863 200 6.49351
2220 4.82281e-05 0.00650654 300 7.4813
2220 5.49192e-05 0.00903861 400 8.03213
2230 0.000110809 0.00401914 100 4.65116
2230 3.2389e-05 0.00376788 200 6.49351
2230 3.99678e-05 0.00482037 300 7.44417
2230 4.48853e-05 0.00684643 400 8.03213
2240 0.000111986 0.00336565 100 4.65116
2240 2.5017e-05 0.00363674 200 6.51466
2240 4.82006e-05 0.00531945 300 7.42574
2240 5.15603e-05 0.00783227 400 8.04829
2250 8.49949e-05 0.00383635 100 4.65116
2250 1.29187e-05 0.00353566 200 6.51466
2250 5.1931e-05 0.00504281 300 7.42574
2250 4.85381e-05 0.00754246 400 8.06452
2260 7.2094e-05 0.00476121 100 4.6729
2260 2.80497e-05 0.00453864 200 6.51466
2260 5.52673e-05 0.00638446 300 7.44417
2260 5.69572e-05 0.00893703 400 8.06452
2270 5.77743e-05 0.00576395 100 4.6729
2270 3.34749e-05 0.0048787 200 6.49351
2270 5.53631e-05 0.00704445 300 7.46269
2280 3.04932e-05 0.00707217 100 4.71698
2280 3.44403e-05 0.00573587 200 6.53595
2280 5.5387e-05 0.0076502 300 7.4813
2290 7.07588e-05 0.0119563 100 4.7619
2290 5.55657e-05 0.0106214 200 6.57895
2290 7.18376e-05 0.0126345 300 7.5188
2300 0.000109184 0.00673994 100 4.85437
2300 6.4962e-05 0.00632259 200 6.68896
2300 7.13937e-05 0.00945933 300 7.57576
2310 9.23875e-05 0.00905519 100 5
2310 8.32955e-05 0.00845372 200 6.82594
2310 7.4053e-05 0.0110774 300 7.69231
2320 0.000108307 0.00659374 100 5.18135
2320 8.05303e-05 0.00633566 200 7.01754
2320 7.35144e-05 0.00934123 300 7.8329
2330 0.000132648 0.00670389 100 5.43478
2330 7.8658e-05 0.00671635 200 7.24638
2330 7.8042e-05 0.00977324 300 8.02139
2340 0.000128355 0.00720543 100 5.74713
2340 7.78583e-05 0.00701721 200 7.5188
2340 7.77869e-05 0.00998626 300 8.24176
2350 0.000120696 0.00801348 100 6.09756
2350 7.7513e-05 0.00771846 200 7.8125
2350 7.7991e-05 0.0105662 300 8.47458
2360 0.000121386 0.00781811 100 6.49351
2360 7.782e-05 0.00759242 200 8.13008
2360 7.81607e-05 0.0104801 300 8.72093
2370 0.000115961 0.00831588 100 6.94444
2370 7.69728e-05 0.00804263 200 8.47458
2370 7.7821e-05 0.0108664 300 8.98204
2380 0.000137762 0.00604824 100 7.46269
2380 7.7513e-05 0.006246 200 8.84956
2380 7.69135e-05 0.0094454 300 9.25926
2390 0.000131384 0.00638139 100 8.06452
2390 7.67402e-05 0.00641446 200 9.25926
2390 7.67756e-05 0.00955028 300 9.55414
2400 0.000133276 0.00629849 100 8.77193
2400 7.85063e-05 0.00650061 200 9.70874
2400 7.79401e-05 0.00967427 300 9.86842
2410 0.000135845 0.00635415 100 9.43396
2410 8.0752e-05 0.00620716 200 10.101
2410 6.97418e-05 0.0093077 300 10.101
2420 0.000183222 0.00623859 100 10
2420 9.59024e-05 0.00720797 200 10.3627
2420 8.75156e-05 0.00945522 300 10.3093
2430 0.000167732 0.00561954 100 10.4167
2430 9.59956e-05 0.00693222 200 10.582
2430 8.27702e-05 0.0093656 300 10.453
2440 0.00015441 0.00574087 100 10.6383
2440 8.7518e-05 0.00686713 200 10.582
2440 8.61579e-05 0.00902591 300 10.5263
2450 0.000127048 0.00525757 100 10.6383
2450 8.41499e-05 0.00632699 200 10.5263
2450 8.29301e-05 0.00871004 300 10.5634
2460 6.83595e-05 0.00507125 100 10.6383
2460 8.31523e-05 0.00654345 200 10.4712
2460 7.457e-05 0.00926833 300 10.6007
2470 7.00817e-05 0.00507878 100 10.6383
2470 8.53456e-05 0.00714567 200 10.5263
2470 7.39098e-05 0.0100663 300 10.6007
2480 5.85938e-05 0.00458322 100 10.5263
2480 8.30088e-05 0.00745356 200 10.5263
2490 6.13761e-05 0.00353526 100 10.5263
2490 7.71276e-05 0.00713547 200 10.5263
2500 5.48095e-05 0.00288165 100 10.5263
2500 7.27939e-05 0.00601256 200 10.4712
2510 9.29022e-05 0.0095912 100 10.6383
2510 8.52058e-05 0.011614 200 10.4167
2520 8.03815e-05 0.00980993 100 10.6383
2520 7.64678e-05 0.0117891 200 10.4167
2530 8.18511e-05 0.00896715 100 10.5263
2530 7.70502e-05 0.0110878 200 10.4167
2540 0.000110054 0.00878717 100 10.2041
2540 7.94873e-05 0.0108645 200 10.4167
2550 0.000138797 0.00892499 100 10.101
2550 9.59646e-05 0.0117128 200 10.4712
2560 0.000130747 0.00814506 100 10.2041
2560 0.000101489 0.0110738 200 10.5263
2570 0.000106531 0.00791234 100 10.3093
2570 8.41499e-05 0.010031 200 10.582
2580 0.000115239 0.00922606 100 10.4167
2590 0.000109837 0.00909459 100 10.3093
2600 9.3414e-05 0.00698654 100 10.101
2610 0.000115755 0.00737336 100 10
2620 7.87332e-05 0.00863799 100 10.101
2630 8.5135e-05 0.00977677 100 10.3093
2640 7.34049e-05 0.00635941 100 10.5263
2650 6.36642e-05 0.00718866 100 10.6383
2660 7.17626e-05 0.00587777 100 10.6383
