5.55112e-17 2.22045e-16 -4.65661e-10 -2.98023e-08
0.0541807 0.879235 0.0246858 0.882514
0.0697684 1.82433 0.0129918 1.83582
0.00341514 2.87551 -0.0914077 2.86068
-0.12313 4.0219 -0.253841 3.9908
-0.355562 5.24872 -0.488274 5.20752
-0.622388 6.58694 -0.763095 6.5496
-0.941959 8.04159 -1.08338 7.99768
-1.31795 9.60761 -1.4908 9.57312
-1.74603 11.2615 -1.96287 11.2269
-2.24733 13.0013 -2.50245 13.0084
-2.81937 14.8415 -3.11863 14.8568
-3.47158 16.7949 -3.79826 16.8158
-4.20623 18.801 -4.55081 18.8523
-5.00233 20.9242 -5.34575 20.9943
-5.89573 23.1412 -6.25619 23.2269
-6.89367 25.3849 -7.21199 25.4366
-7.98219 27.6887 -8.30747 27.7532
-9.16441 30.0597 -9.50063 30.1247
-10.4443 32.4921 -10.7691 32.5984
-11.8249 34.997 -12.1603 35.0621
-13.2883 37.6162 -13.5735 37.6046
-14.808 40.3431 -15.1483 40.324
-16.4055 43.1146 -16.7455 43.0577
-18.0467 45.8569 -18.3395 45.7583
-19.8228 48.5507 -20.116 48.4714
-21.6751 51.1581 -21.9112 51.09
-23.5601 53.7342 -23.7767 53.6869
-25.4948 56.3134 -25.6913 56.2486
-27.4825 58.8647 -27.6762 58.8324
-29.5412 61.3609 -29.739 61.3429
-31.6783 63.8405 -31.8688 63.8085
-33.9024 66.2939 -34.0632 66.2838
-36.2506 68.682 -36.3558 68.6582
-38.6926 71.0526 -38.6857 70.9274
-41.1928 73.4057 -41.1603 73.315
-43.7838 75.7356 -43.7623 75.6761
-46.4323 78.0513 -46.344 77.9817
-49.1522 80.3613 -49.098 80.3504
-51.9408 82.6467 -51.8473 82.5495
-54.8487 84.8619 -54.752 84.8091
-57.8592 86.9837 -57.7032 86.9153
-60.9641 89.0272 -60.8319 88.9425
-64.1713 90.9595 -64.0653 90.8778
-67.4867 92.8094 -67.3849 92.6907
-70.8583 94.5834 -70.8334 94.5072
-74.2625 96.2881 -74.2023 96.195
-77.6761 97.9397 -77.607 97.8455
-81.0631 99.533 -81.0154 99.4247
-84.3708 101.063 -84.2788 100.948
-87.6204 102.509 -87.5993 102.475
-90.7863 103.874 -90.7519 103.887
-93.8705 105.256 -93.798 105.324
-96.8816 106.71 -96.7973 106.788
-99.8058 108.24 -99.674 108.33
-102.636 109.9 -102.477 109.978
-105.378 111.659 -105.161 111.733
-107.976 113.472 -107.697 113.53
-110.448 115.333 -110.166 115.418
-112.785 117.226 -112.414 117.289
-115.015 119.133 -114.646 119.26
-117.123 121.057 -116.657 121.162
-119.079 122.948 -118.593 123.145
-120.896 124.857 -120.418 125.099
-122.564 126.794 -122.103 127.086
-124.115 128.785 -123.654 129.128
-125.557 130.849 -125.072 131.246
-126.901 132.986 -126.405 133.413
-128.166 135.163 -127.701 135.625
-129.39 137.439 -128.926 137.933
-130.625 139.817 -130.137 140.333
-131.85 142.308 -131.358 142.91
-133.054 144.929 -132.532 145.551
-134.221 147.697 -133.735 148.402
-135.286 150.585 -134.776 151.299
-136.188 153.655 -135.687 154.436
-136.902 156.886 -136.437 157.738
-137.415 160.268 -136.941 161.172
-137.716 163.797 -137.251 164.704
-137.812 167.452 -137.343 168.311
-137.693 171.19 -137.223 172.132
-137.342 175.019 -136.876 176.038
-136.765 178.911 -136.261 180.011
-135.962 182.88 -135.412 184.041
-134.921 186.888 -134.337 188.187
-133.677 190.928 -133.059 192.243
-132.176 194.967 -131.502 196.333
-130.412 198.974 -129.719 200.306
-128.325 202.908 -127.581 204.252
-125.88 206.684 -125.069 208.017
-123.116 210.266 -122.268 211.616
-120.073 213.663 -119.226 214.957
-116.798 216.868 -115.871 218.151
-113.327 219.882 -112.42 221.122
-109.742 222.622 -108.836 223.856
-106.071 225.055 -105.138 226.258
-102.33 227.163 -101.426 228.322
-98.5491 228.935 -97.6722 230.038
-94.7653 230.394 -93.8969 231.448
-91.0401 231.573 -90.1941 232.595
-87.3564 232.508 -86.5104 233.512
-83.7128 233.199 -82.8874 234.17
-80.1318 233.665 -79.3356 234.6
-76.5971 233.929 -75.8191 234.851
-73.2217 234.047 -72.4298 234.932
-69.9512 234.094 -69.1777 234.996
-66.7444 234.09 -65.9873 234.985
-63.6313 234.073 -62.8847 234.981
-60.5882 234.081 -59.8567 234.975
-57.59 234.13 -56.8672 235.037
-54.6313 234.221 -53.9069 235.14
-51.6918 234.381 -50.9976 235.301
-48.79 234.6 -48.082 235.502
-45.9147 234.881 -45.2247 235.764
-43.0566 235.221 -42.3758 236.08
-40.2266 235.615 -39.5363 236.456
-37.4365 236.072 -36.7611 236.884
-34.6718 236.603 -33.9974 237.394
-31.8721 237.159 -31.202 237.933
-29.03 237.739 -28.345 238.492
-26.1642 238.361 -25.511 239.091
-23.2884 239.015 -22.6549 239.753
-20.4202 239.738 -19.7754 240.492
-17.5859 240.558 -16.9661 241.295
-14.7877 241.484 -14.1787 242.219
-12.0278 242.498 -11.4289 243.229
-9.29703 243.59 -8.69412 244.317
-6.61587 244.741 -6.02748 245.459
-4.00089 245.95 -3.41207 246.657
-1.44517 247.223 -0.838423 247.925
1.04535 248.561 1.66552 249.259
3.47195 249.951 4.10795 250.645
5.86499 251.41 6.52243 252.094
8.23512 252.948 8.91545 253.589
10.5837 254.573 11.3035 255.097
12.9533 256.177 13.716 256.652
15.3464 257.781 16.1286 258.221
17.7511 259.4 18.564 259.82
20.1889 261.03 21.0152 261.427
22.6477 262.667 23.4577 263.033
25.0994 264.306 25.9019 264.66
27.5258 265.954 28.3117 266.295
29.9363 267.632 30.7314 267.974
32.2862 269.361 33.0574 269.674
34.6062 271.144 35.3652 271.464
36.8852 273.027 37.6203 273.334
39.097 274.999 39.8238 275.297
41.2908 277.097 42.0043 277.386
43.4393 279.297 44.1345 279.557
45.5132 281.622 46.2065 281.867
47.5142 284.071 48.2047 284.299
49.4318 286.627 50.1279 286.831
51.2941 289.274 51.9868 289.452
53.1013 292.012 53.8082 292.166
54.8752 294.81 55.5796 294.951
56.6464 297.643 57.3561 297.773
58.4455 300.513 59.1645 300.64
60.2524 303.405 60.9731 303.533
62.0439 306.331 62.7416 306.444
63.7612 309.296 64.449 309.403
65.3499 312.312 66.0268 312.418
66.8068 315.364 67.4925 315.491
68.1161 318.458 68.7896 318.565
69.2966 321.58 69.9673 321.677
70.4443 324.702 71.1065 324.8
71.5445 327.823 72.1948 327.906
72.5791 330.963 73.2067 331.02
73.5376 334.11 74.1593 334.176
74.4568 337.228 75.0743 337.29
75.3394 340.28 75.9635 340.351
76.2867 343.179 76.899 343.265
77.2641 345.919 77.8739 345.997
78.2171 348.599 78.819 348.67
79.0765 351.282 79.6869 351.343
79.7884 353.971 80.394 354.013
80.2892 356.68 80.9074 356.727
80.5442 359.423 81.1821 359.478
80.5539 362.182 81.2023 362.228
80.3253 364.95 80.9839 364.976
79.9483 367.765 80.6318 367.782
79.5529 370.624 80.2342 370.646
79.1899 373.576 79.8712 373.601
78.8477 376.617 79.5285 376.641
78.4872 379.779 79.1565 379.803
78.1092 383.025 78.7824 383.063
77.7243 386.332 78.3892 386.365
77.3037 389.673 77.9929 389.711
76.7857 392.999 77.4859 393.028
76.1643 396.308 76.8583 396.337
75.4531 399.564 76.1407 399.604
74.6878 402.778 75.3492 402.839
73.8806 405.96 74.5222 406
73.0016 409.14 73.6674 409.159
72.077 412.325 72.7467 412.371
71.1423 415.518 71.8155 415.582
70.1995 418.733 70.8785 418.798
69.2265 421.955 69.8959 422.03
68.2361 425.167 68.8823 425.199
67.2608 428.364 67.8779 428.38
66.3132 431.553 66.9217 431.583
65.3917 434.718 65.9884 434.726
64.5017 437.857 65.0963 437.879
63.6349 440.951 64.2097 440.984
62.7895 444.006 63.3699 444.036
61.9567 447.016 62.526 447.05
61.1335 449.961 61.6921 449.998
60.3186 452.867 60.8512 452.896
59.4995 455.718 60.0349 455.734
58.6822 458.529 59.2223 458.549
57.8672 461.299 58.4247 461.322
57.0547 464.035 57.6173 464.067
56.2436 466.731 56.8183 466.767
55.4431 469.359 56.0387 469.4
54.6862 471.908 55.2964 471.938
53.9576 474.335 54.5841 474.362
53.2567 476.667 53.9075 476.693
52.5824 478.964 53.272 479.004
51.9565 481.262 52.6675 481.31
51.4126 483.574 52.12 483.642
51.0139 485.899 51.7306 485.967
50.8129 488.249 51.54 488.313
50.7981 490.61 51.5525 490.68
50.9787 492.984 51.7486 493.038
51.3453 495.367 52.134 495.425
51.889 497.738 52.6898 497.823
52.5773 500.13 53.3794 500.2
53.4072 502.515 54.2219 502.579
54.397 504.885 55.2154 504.943
55.5186 507.215 56.3338 507.246
56.765 509.509 57.5696 509.544
58.192 511.73 58.986 511.751
59.789 513.824 60.5868 513.867
61.5404 515.753 62.3233 515.787
63.41 517.523 64.1802 517.567
65.3979 519.217 66.1398 519.251
67.4967 520.815 68.2298 520.826
69.7206 522.307 70.416 522.295
72.0676 523.642 72.753 523.623
74.5493 524.809 75.2248 524.773
77.1538 525.815 77.8196 525.758
79.882 526.633 80.5541 526.569
82.7154 527.212 83.4023 527.16
85.6408 527.586 86.3272 527.539
88.6443 527.748 89.3331 527.69
91.7106 527.694 92.4051 527.614
94.8118 527.412 95.4842 527.325
97.9353 526.886 98.6175 526.785
101.063 526.158 101.75 526.036
104.195 525.225 104.876 525.098
107.306 524.079 107.987 523.942
110.385 522.744 111.061 522.604
113.46 521.282 114.142 521.149
116.567 519.769 117.229 519.653
119.739 518.237 120.382 518.129
122.982 516.641 123.606 516.553
126.165 515.061 126.858 514.942
129.459 513.419 130.124 513.299
132.785 511.74 133.414 511.633
136.165 510.03 136.787 509.922
139.6 508.311 140.207 508.198
143.11 506.549 143.718 506.42
146.673 504.761 147.272 504.632
150.295 502.938 150.881 502.795
153.967 501.082 154.562 500.942
157.696 499.214 158.27 499.052
161.458 497.334 162.021 497.14
165.217 495.417 165.767 495.208
168.985 493.501 169.519 493.266
172.746 491.587 173.282 491.328
176.518 489.689 177.057 489.398
180.295 487.82 180.837 487.515
184.037 485.97 184.579 485.678
187.779 484.136 188.302 483.838
191.5 482.306 192.027 482.001
195.18 480.47 195.714 480.097
198.815 478.621 199.335 478.232
202.394 476.753 202.908 476.353
205.912 474.88 206.416 474.474
209.296 473.041 209.811 472.634
212.515 471.275 213.011 470.865
215.581 469.587 216.071 469.182
218.489 468.019 218.983 467.606
221.328 466.599 221.826 466.203
224.157 465.368 224.685 464.965
226.992 464.316 227.533 463.927
229.883 463.425 230.455 463.05
232.821 462.731 233.411 462.369
235.78 462.243 236.414 461.883
238.782 461.946 239.396 461.591
241.848 461.906 242.449 461.521
244.968 462.147 245.55 461.762
248.086 462.682 248.645 462.299
251.187 463.496 251.714 463.084
254.278 464.58 254.771 464.143
257.288 465.915 257.708 465.467
260.242 467.523 260.643 467.06
263.107 469.351 263.47 468.881
265.866 471.381 266.227 470.908
268.559 473.556 268.923 473.093
271.204 475.84 271.584 475.394
273.82 478.207 274.147 477.723
276.385 480.591 276.705 480.119
278.915 482.977 279.193 482.515
281.391 485.347 281.67 484.88
283.81 487.633 284.073 487.132
286.165 489.76 286.442 489.254
288.479 491.699 288.766 491.195
290.753 493.425 291.063 492.915
292.944 494.909 293.266 494.389
295.05 496.208 295.335 495.67
297.158 497.296 297.466 496.755
299.275 498.08 299.588 497.527
301.409 498.553 301.763 498.027
303.638 498.806 303.991 498.259
305.826 498.756 306.201 498.205
307.97 498.413 308.38 497.85
310.083 497.866 310.529 497.315
312.168 497.169 312.649 496.653
314.242 496.345 314.764 495.856
316.287 495.404 316.826 494.935
318.242 494.294 318.797 493.835
320.068 492.959 320.633 492.527
321.692 491.423 322.284 490.986
323.028 489.68 323.693 489.275
324.128 487.907 324.827 487.493
325.083 486.074 325.759 485.657
325.902 484.156 326.556 483.721
326.542 482.161 327.187 481.706
326.975 480.111 327.615 479.675
327.2 477.981 327.838 477.54
327.208 475.816 327.859 475.384
326.987 473.575 327.656 473.153
326.613 471.312 327.29 470.868
326.102 468.984 326.798 468.557
325.485 466.585 326.204 466.164
324.771 464.117 325.507 463.687
324.015 461.569 324.774 461.164
323.241 458.937 324.004 458.527
322.428 456.222 323.194 455.803
321.582 453.439 322.355 453.015
320.701 450.59 321.466 450.171
319.803 447.709 320.567 447.291
318.882 444.813 319.64 444.41
317.934 441.902 318.705 441.519
317.026 438.983 317.796 438.599
316.159 436.053 316.931 435.682
315.357 433.105 316.128 432.73
314.634 430.139 315.387 429.756
314.024 427.175 314.763 426.778
313.546 424.189 314.28 423.784
313.186 421.192 313.914 420.805
312.967 418.184 313.695 417.798
312.865 415.18 313.594 414.804
312.873 412.155 313.599 411.807
312.99 409.162 313.715 408.788
313.203 406.159 313.941 405.774
313.52 403.164 314.271 402.768
313.924 400.189 314.697 399.774
314.41 397.253 315.184 396.837
314.957 394.351 315.734 393.927
315.564 391.486 316.346 391.058
316.211 388.683 317.005 388.237
316.876 385.97 317.68 385.554
317.575 383.412 318.372 382.999
318.278 381.083 319.108 380.686
318.941 378.965 319.777 378.598
319.536 376.961 320.397 376.638
320.052 374.977 320.961 374.694
320.455 373.03 321.406 372.758
320.668 371.084 321.645 370.818
320.639 369.179 321.645 368.916
320.367 367.308 321.395 367.059
319.812 365.452 320.886 365.219
318.978 363.612 320.131 363.407
317.917 361.899 319.112 361.7
316.653 360.26 317.872 360.073
315.183 358.649 316.446 358.461
313.573 357.007 314.872 356.841
311.803 355.326 313.13 355.169
309.912 353.572 311.272 353.437
307.954 351.681 309.352 351.533
305.919 349.71 307.346 349.56
303.815 347.661 305.279 347.508
301.671 345.531 303.152 345.385
299.493 343.322 300.98 343.175
297.312 341.064 298.792 340.912
295.144 338.751 296.611 338.587
293.011 336.384 294.476 336.226
290.937 333.945 292.428 333.805
288.992 331.405 290.49 331.254
287.171 328.759 288.673 328.62
285.462 326.046 286.922 325.884
283.831 323.246 285.268 323.068
282.269 320.363 283.699 320.177
280.755 317.392 282.192 317.218
279.274 314.371 280.698 314.193
277.775 311.309 279.212 311.142
276.264 308.193 277.719 308.037
274.757 305.022 276.228 304.839
273.207 301.794 274.706 301.621
271.62 298.532 273.17 298.368
270.024 295.206 271.59 295.05
268.364 291.836 269.956 291.699
266.612 288.477 268.194 288.317
264.728 285.132 266.325 284.995
262.759 281.8 264.353 281.661
260.702 278.472 262.316 278.353
258.621 275.176 260.208 275.048
256.506 271.838 258.109 271.753
254.344 268.488 255.961 268.405
252.174 265.097 253.785 265.013
249.945 261.679 251.604 261.64
247.697 258.254 249.364 258.215
245.448 254.808 247.118 254.77
243.193 251.335 244.818 251.283
240.896 247.824 242.546 247.806
238.557 244.277 240.211 244.246
236.175 240.691 237.893 240.702
233.763 237.092 235.516 237.091
231.333 233.458 233.153 233.471
228.838 229.808 230.727 229.791
226.343 226.169 228.271 226.206
223.819 222.534 225.812 222.624
221.286 218.901 223.326 219.002
218.752 215.265 220.844 215.392
216.25 211.635 218.414 211.793
213.762 207.998 215.98 208.146
211.317 204.351 213.583 204.508
208.894 200.677 211.208 200.849
206.508 196.99 208.844 197.179
204.178 193.291 206.486 193.462
201.928 189.548 204.259 189.733
199.74 185.759 202.083 185.937
197.634 181.951 199.992 182.126
195.568 178.118 197.957 178.269
193.561 174.282 195.972 174.448
191.624 170.408 194.023 170.574
189.717 166.528 192.066 166.66
187.816 162.622 190.159 162.749
185.959 158.682 188.284 158.82
184.094 154.738 186.406 154.855
182.24 150.794 184.544 150.919
180.398 146.846 182.695 146.965
178.592 142.9 180.878 143.031
176.795 138.933 179.05 139.067
174.975 134.968 177.22 135.12
173.137 131.052 175.348 131.163
171.222 127.194 173.416 127.312
169.204 123.404 171.372 123.509
167.059 119.698 169.203 119.802
164.779 116.076 166.907 116.174
162.369 112.525 164.488 112.666
159.843 109.067 161.958 109.236
157.243 105.701 159.33 105.863
154.586 102.373 156.642 102.554
151.852 99.0754 153.914 99.275
149.065 95.8122 151.123 96.0028
146.211 92.59 148.276 92.7834
143.29 89.4389 145.329 89.6017
140.314 86.3185 142.311 86.4658
137.315 83.1885 139.29 83.3421
134.309 80.0227 136.315 80.2123
131.294 76.8549 133.276 77.0314
128.257 73.6803 130.235 73.8368
125.224 70.51 127.234 70.6531
122.172 67.3259 124.146 67.426
119.104 64.1512 121.079 64.2656
116.004 60.9862 117.964 61.1015
112.861 57.8172 114.826 57.9588
109.667 54.6479 111.665 54.8352
106.495 51.4689 108.5 51.718
103.294 48.293 105.278 48.5511
100.126 45.1325 102.072 45.4025
96.9505 41.9772 98.8525 42.2359
93.7393 38.8037 95.6467 39.1087
90.5678 35.6321 92.4299 35.9442
87.4158 32.459 89.2463 32.7759
84.26 29.2959 86.0822 29.6057
81.1235 26.1294 83.0165 26.5075
77.9927 22.958 79.8789 23.336
74.8906 19.7748 76.7694 20.1538
71.7804 16.5904 73.625 16.9366
68.6304 13.3965 70.493 13.7329
65.4718 10.206 67.3498 10.5111
62.3143 7.00737 64.2383 7.33087
59.2062 3.80804 61.1777 4.14405
56.0919 0.584754 58.091 0.915024
53.0081 -2.62566 55.0655 -2.24516
49.9557 -5.82235 52.0362 -5.42135
46.9351 -9.02104 49.064 -8.57204
43.893 -12.2165 46.083 -11.6912
40.9293 -15.2937 43.2239 -14.7237
38.0895 -18.3174 40.3785 -17.7314
35.4188 -21.2916 37.6932 -20.7289
32.8668 -24.1573 35.1312 -23.5941
30.5116 -26.943 32.7229 -26.3485
28.2828 -29.5528 30.5326 -28.9491
26.2709 -31.9812 28.4978 -31.3668
24.4065 -34.1191 26.6205 -33.5022
22.6212 -35.9349 24.838 -35.3144
20.8834 -37.4156 23.1038 -36.8058
19.1749 -38.5138 21.3971 -37.9196
17.5161 -39.2606 19.7284 -38.6631
15.8389 -39.7146 18.0403 -39.1293
14.1914 -39.8298 16.3325 -39.269
12.6343 -39.6724 14.7684 -39.1303
11.1723 -39.2606 13.2702 -38.7127
9.78969 -38.6298 11.8964 -38.0732
8.49767 -37.7385 10.6068 -37.1842
7.30895 -36.6169 9.38966 -36.0465
6.25632 -35.2826 8.36246 -34.702
5.3777 -33.7296 7.50689 -33.1208
4.66673 -31.995 6.81935 -31.3923
4.11807 -30.0874 6.26822 -29.4983
3.67503 -28.0589 5.82139 -27.4824
3.30698 -25.9135 5.44506 -25.3535
2.95068 -23.6717 5.0729 -23.1157
2.58965 -21.3542 4.70643 -20.8051
2.23535 -18.9419 4.32541 -18.4142
1.88322 -16.439 3.94623 -15.8957
1.5397 -13.8834 3.56934 -13.3382
1.22906 -11.3742 3.22783 -10.8491
0.914029 -8.93495 2.87585 -8.42146
0.572467 -6.59142 2.5386 -6.12158
0.172462 -4.32852 2.16963 -3.86159
-0.233814 -2.14809 1.78349 -1.67287
-0.6525 -0.0272375 1.38437 0.43725
-1.1288 2.02776 0.931944 2.50841
-1.68253 4.09175 0.42351 4.58521
-2.32685 6.15689 -0.163564 6.65657
-3.00658 8.22265 -0.833706 8.74271
