0 7.42125e-05 0.00776803 100 9.09091
0 2.16997e-05 0.00303527 200 7.63359
0 3.02753e-05 0.00327767 300 7.1599
0 2.98762e-05 0.00262295 400 6.89655
0 1.34964e-05 0.00161214 500 7.27802
0 1.56961e-05 0.00135435 600 7.27273
0 2.10887e-05 0.00151288 700 7.18686
0 1.80029e-05 0.00178924 800 7.30594
10 0.000100781 0.00761844 100 8.84956
10 1.77737e-05 0.00316544 200 7.72201
10 2.44141e-05 0.00350863 300 7.07547
10 2.03166e-05 0.00212488 400 6.93241
10 1.00543e-05 0.00151552 500 7.32064
10 1.70705e-05 0.00138558 600 7.2904
10 1.77704e-05 0.00146124 700 7.20165
10 1.76793e-05 0.00148564 800 7.33272
20 9.26452e-05 0.00455442 100 8.19672
20 1.33721e-05 0.00149415 200 7.7821
20 2.75734e-05 0.00141072 300 7.04225
20 1.69586e-05 0.000660051 400 6.96864
20 1.65729e-05 0.000913884 500 7.35294
20 2.08595e-05 0.000858209 600 7.29927
20 1.48465e-05 0.00100827 700 7.20906
20 1.64117e-05 0.000878246 800 7.35294
30 7.45331e-05 0.0053746 100 7.75194
30 2.18366e-05 0.00241396 200 7.7821
30 3.92319e-05 0.00203518 300 7.00935
30 2.31934e-05 0.0023506 400 6.9808
30 2.30271e-05 0.00161406 500 7.37463
30 2.18064e-05 0.0015552 600 7.29927
30 1.5058e-05 0.00177157 700 7.19424
30 1.78888e-05 0.00167886 800 7.35971
40 8.1413e-05 0.0047049 100 7.57576
40 1.19604e-05 0.00169267 200 7.69231
40 2.66451e-05 0.00207577 300 6.99301
40 2.38585e-05 0.000472734 400 6.95652
40 1.47458e-05 0.000659952 500 7.37463
40 1.43516e-05 0.000942596 600 7.28155
40 1.55351e-05 0.000791208 700 7.15015
40 1.78157e-05 0.000881189 800 7.35294
50 3.93665e-05 0.00443738 100 7.40741
50 1.14512e-05 0.00102986 200 7.57576
50 3.05367e-05 0.00139644 300 6.97674
50 1.08499e-05 0.000600955 400 6.93241
50 1.7551e-05 0.000662463 500 7.36377
50 1.96497e-05 0.00109319 600 7.19424
50 1.41415e-05 0.000957223 700 7.11382
50 1.83514e-05 0.00124308 800 7.33272
60 3.41797e-05 0.00444646 100 7.19424
60 2.15619e-05 0.00135723 200 7.40741
60 3.50598e-05 0.00165102 300 6.94444
60 1.58221e-05 0.0010078 400 6.92042
60 1.74693e-05 0.000707671 500 7.35294
60 9.34989e-06 0.00105858 600 7.05053
60 1.3881e-05 0.000997345 700 7.09939
60 1.55011e-05 0.00147569 800 7.30594
70 3.52105e-05 0.00330653 100 6.94444
70 1.79406e-05 0.00326404 200 7.22022
70 2.75254e-05 0.00265003 300 6.84932
70 1.60094e-05 0.000813766 400 6.90846
70 1.40842e-05 0.000595698 500 7.33138
70 1.90507e-05 0.000764957 600 6.99301
70 1.67557e-05 0.000932349 700 7.0922
70 1.60095e-05 0.00156987 800 7.25295
80 3.68644e-05 0.00363723 100 6.71141
80 4.68981e-05 0.00318227 200 6.96864
80 3.43731e-05 0.00367005 300 6.62252
80 1.51977e-05 0.00217524 400 6.89655
80 2.43751e-05 0.00114298 500 7.27802
80 1.69537e-05 0.00157355 600 6.96056
80 1.71999e-05 0.00175313 700 7.0922
80 2.38197e-05 0.00207525 800 7.11111
90 4.50173e-05 0.00566313 100 6.53595
90 4.44176e-05 0.00525894 200 6.71141
90 3.66122e-05 0.00401423 300 6.39659
90 1.34831e-05 0.00170023 400 6.88468
90 1.69146e-05 0.0007542 500 7.1736
90 1.68754e-05 0.00097267 600 6.93642
90 1.6857e-05 0.00153592 700 7.08502
90 2.10463e-05 0.00210847 800 7.04846
100 4.85834e-05 0.00704858 100 6.45161
100 4.21453e-05 0.00607681 200 6.57895
100 2.36983e-05 0.00381763 300 6.34249
100 9.76563e-06 0.00138288 400 6.88468
100 2.11715e-05 0.00073188 500 7.0028
100 1.61945e-05 0.000804731 600 6.92841
100 1.3881e-05 0.00146555 700 7.08502
100 1.94167e-05 0.00193637 800 7.02371
110 9.56836e-05 0.0100553 100 6.53595
110 4.27073e-05 0.0101615 200 6.45161
110 3.5022e-05 0.00590876 300 6.36943
110 4.88281e-06 0.00167022 400 6.92042
110 1.04268e-05 0.000739647 500 6.98324
110 1.83423e-05 0.000984608 600 6.93642
110 1.52984e-05 0.00212906 700 7.09939
110 1.8034e-05 0.00271861 800 7.02988
120 0.000112199 0.0123219 100 6.75676
120 4.61937e-05 0.0127772 200 6.41026
120 4.14643e-05 0.00717807 300 6.43777
120 1.17086e-05 0.00214742 400 6.99301
120 4.78416e-06 0.00106276 500 7.02247
120 1.71672e-05 0.0016291 600 6.96864
120 1.9705e-05 0.00276326 700 7.13558
120 1.51486e-05 0.00332233 800 7.0609
130 0.000132288 0.0147259 100 6.99301
130 5.28159e-05 0.0147587 200 6.45161
130 4.43955e-05 0.00813395 300 6.52174
130 1.54408e-05 0.00251843 400 7.06714
130 4.25674e-06 0.00134746 500 7.07214
130 1.77365e-05 0.00207918 600 7.00935
130 2.31562e-05 0.00332929 700 7.17949
130 1.64117e-05 0.00382506 800 7.09849
140 8.34378e-05 0.0101649 100 7.29927
140 3.52105e-05 0.00930184 200 6.53595
140 2.56316e-05 0.00455956 300 6.60793
140 1.06419e-05 0.00121428 400 7.14286
140 9.36687e-06 0.0003739 500 7.12251
140 1.36903e-05 0.000766113 600 7.05053
140 1.73828e-05 0.00192227 700 7.2314
140 1.41043e-05 0.00224143 800 7.13012
150 5.63114e-05 0.00850532 100 7.57576
150 4.01165e-05 0.00710992 200 6.62252
150 1.912e-05 0.00316156 300 6.68151
150 1.44436e-05 0.000989782 400 7.22022
150 1.21581e-05 0.000429442 500 7.1736
150 1.48282e-05 0.00070369 600 7.08383
150 1.61945e-05 0.00168532 700 7.26895
150 1.71552e-05 0.00170134 800 7.16204
160 4.60644e-05 0.00692584 100 7.75194
160 4.67708e-05 0.00531724 200 6.66667
160 1.71479e-05 0.00221514 300 6.74157
160 1.89505e-05 0.000969185 400 7.27273
160 1.43525e-05 0.000710772 500 7.20461
160 1.29443e-05 0.000899624 600 7.0922
160 1.65659e-05 0.00148096 700 7.29927
160 1.73496e-05 0.00128587 800 7.17489
170 6.32886e-05 0.00669622 100 7.75194
170 5.49726e-05 0.00495898 200 6.71141
170 2.32469e-05 0.00255413 300 6.75676
170 2.48677e-05 0.00135753 400 7.31261
170 1.89615e-05 0.00130442 500 7.21501
170 1.46711e-05 0.00149535 600 7.08383
170 1.97543e-05 0.00186409 700 7.31452
170 1.76898e-05 0.00141913 800 7.16204
180 5.28158e-05 0.00640825 100 7.69231
180 4.587e-05 0.0046844 200 6.73401
180 1.56114e-05 0.0022148 300 6.77201
180 2.48977e-05 0.00130602 400 7.32601
180 1.76324e-05 0.00127056 500 7.1736
180 1.46032e-05 0.00135673 600 7.05882
180 1.98035e-05 0.00183771 700 7.31452
180 1.48631e-05 0.00118376 800 7.11744
190 6.30999e-05 0.00638917 100 7.57576
190 4.19327e-05 0.00458448 200 6.75676
190 5.14694e-06 0.00183148 300 6.78733
190 2.03166e-05 0.00129804 400 7.35294
190 1.47134e-05 0.0011498 500 7.07214
190 1.59057e-05 0.00109735 600 7.05882
190 1.77567e-05 0.00171652 700 7.30689
190 1.15967e-05 0.00100952 800 7.08592
200 3.23889e-05 0.0059154 100 7.5188
200 4.17903e-05 0.00360313 200 6.77966
200 1.07963e-05 0.00149542 300 6.81818
200 2.23092e-05 0.00116498 400 7.36648
200 1.40163e-05 0.000977904 500 6.99301
200 1.37145e-05 0.000938357 600 7.07547
200 1.89882e-05 0.00149233 700 7.30689
200 7.11787e-06 0.000740158 800 7.07965
210 3.96682e-05 0.00570281 100 7.40741
210 4.44847e-05 0.00332553 200 6.77966
210 2.00665e-05 0.00178644 300 6.86499
210 2.35442e-05 0.00135851 400 7.39372
210 1.45177e-05 0.00137715 500 6.98324
210 1.54194e-05 0.00132461 600 7.10059
210 1.82299e-05 0.00175902 700 7.29167
210 9.65053e-06 0.000722165 800 7.0922
220 4.25674e-05 0.00647026 100 7.35294
220 3.96683e-05 0.00335915 200 6.68896
220 1.50058e-05 0.0018461 300 6.91244
220 2.44447e-05 0.00130034 400 7.42115
220 1.26577e-05 0.00121011 500 6.99301
220 1.60301e-05 0.00132564 600 7.12589
220 2.05866e-05 0.00170576 700 7.2314
220 9.33661e-06 0.000708447 800 7.1048
230 7.46928e-05 0.00547198 100 7.14286
230 3.05908e-05 0.00276685 200 6.51466
230 1.62761e-05 0.0017592 300 6.94444
230 2.72686e-05 0.0013592 400 7.40741
230 9.41764e-06 0.00111483 500 7.0028
230 1.08879e-05 0.00118727 600 7.15137
230 2.06927e-05 0.00135692 700 7.15015
230 5.14292e-06 0.000547949 800 7.12378
240 7.84298e-05 0.00304295 100 6.89655
240 5.72564e-05 0.00305106 200 6.32911
240 1.69927e-05 0.00146785 300 6.97674
240 2.54891e-05 0.000744997 400 7.35294
240 2.40799e-05 0.0013433 500 7.01262
240 1.79407e-05 0.00167184 600 7.16846
240 2.59974e-05 0.00185347 700 7.12106
240 1.17086e-05 0.000570695 800 7.13649
250 8.80264e-05 0.00226454 100 6.71141
250 4.76545e-05 0.00163528 200 6.26959
250 2.45763e-05 0.00117838 300 7.00935
250 3.14792e-05 0.000708992 400 7.19424
250 2.144e-05 0.00124275 500 7.01262
250 1.84503e-05 0.00136402 600 7.18563
250 2.54774e-05 0.00139841 700 7.1066
250 1.11546e-05 0.00041952 800 7.14286
260 8.19966e-05 0.00226295 100 6.36943
260 3.75057e-05 0.00137406 200 6.26959
260 2.45224e-05 0.00105721 300 7.04225
260 3.13606e-05 0.000822316 400 7.0922
260 2.33969e-05 0.00121371 500 7.01262
260 1.87529e-05 0.00134839 600 7.19424
260 2.37987e-05 0.00112512 700 7.09939
260 8.73892e-06 0.000389688 800 7.14924
270 8.70733e-05 0.00349841 100 5.95238
270 4.06332e-05 0.0017543 200 6.26959
270 2.41961e-05 0.00124944 300 7.05882
270 3.09059e-05 0.00126641 400 7.06714
270 2.3881e-05 0.001535 500 6.99301
270 2.43328e-05 0.00170414 600 7.20288
270 2.37065e-05 0.0011825 700 7.09939
270 9.59245e-06 0.000411855 800 7.15563
280 7.85816e-05 0.00291611 100 5.81395
280 3.11698e-05 0.000990466 200 6.28931
280 2.38098e-05 0.00130215 300 7.07547
280 2.25087e-05 0.00119189 400 7.06714
280 1.77939e-05 0.00121408 500 6.98324
280 2.05879e-05 0.00117132 600 7.21154
280 2.03608e-05 0.000626077 700 7.09939
280 8.0047e-06 0.000406847 800 7.16846
290 0.000100781 0.00241772 100 5.81395
290 4.16474e-05 0.00152652 200 6.30915
290 2.60417e-05 0.00131903 300 7.109
290 2.51359e-05 0.00133537 400 7.06714
290 2.12389e-05 0.00150462 500 6.96379
290 1.94464e-05 0.00158082 600 7.22022
290 2.12953e-05 0.000775914 700 7.0922
290 9.87943e-06 0.000501855 800 7.18133
300 9.45556e-05 0.00233567 100 5.88235
300 4.29855e-05 0.00141912 200 6.32911
300 2.8933e-05 0.00142386 300 7.1599
300 2.41688e-05 0.00163578 400 7.06714
300 2.26513e-05 0.00154412 500 6.94444
300 2.44414e-05 0.0015459 600 7.23764
300 1.62695e-05 0.000617057 700 7.06357
300 4.92081e-06 0.000509288 800 7.20072
310 9.23875e-05 0.00335561 100 5.95238
310 3.31169e-05 0.00170179 200 6.36943
310 2.71377e-05 0.00203284 300 7.19424
310 2.80232e-05 0.00242013 400 7.01754
310 2.20107e-05 0.00185031 500 6.93481
310 2.48045e-05 0.0018257 600 7.24638
310 1.59524e-05 0.000584551 700 7.02811
310 4.31584e-06 0.000566201 800 7.22022
320 8.58323e-05 0.00232043 100 6.0241
320 2.96005e-05 0.00173418 200 6.41026
320 3.00116e-05 0.00226185 300 7.24638
320 2.51655e-05 0.00258724 400 6.93241
320 2.15288e-05 0.00159909 500 6.94444
320 2.32185e-05 0.00147159 600 7.25514
320 1.33813e-05 0.000266519 700 7.00701
320 3.45267e-06 0.000594605 800 7.24638
330 7.32424e-05 0.00184988 100 6.09756
330 2.93985e-05 0.00208705 200 6.47249
330 2.71864e-05 0.00224508 300 7.29927
330 2.05355e-05 0.00217617 400 6.86106
330 1.66876e-05 0.00138982 500 6.9735
330 2.41826e-05 0.00129709 600 7.26392
330 1.01324e-05 0.00018244 700 7.00701
330 3.76246e-06 0.000671445 800 7.26612
340 6.80098e-05 0.00148621 100 6.17284
340 3.52105e-05 0.00243215 200 6.53595
340 2.82848e-05 0.00238151 300 7.35294
340 2.25087e-05 0.00218018 400 6.84932
340 2.15288e-05 0.00139951 500 7.01262
340 1.81973e-05 0.00126875 600 7.26392
340 1.20819e-05 0.000246834 700 7.02811
340 4.72777e-06 0.000773433 800 7.29262
350 5.73601e-05 0.00072867 100 6.13497
350 2.37959e-05 0.00298423 200 6.62252
350 2.92064e-05 0.00262129 300 7.38916
350 2.54891e-05 0.00221121 400 6.87285
350 1.52231e-05 0.00137354 500 7.05219
350 1.70705e-05 0.000985423 600 7.22892
350 1.27672e-05 0.000380162 700 7.04935
350 5.79031e-06 0.00094247 800 7.32601
360 4.39454e-05 0.00164433 100 6.0241
360 2.34172e-05 0.0036588 200 6.73401
360 2.72351e-05 0.00335812 300 7.44417
360 2.4353e-05 0.00276805 400 6.92042
360 1.97257e-05 0.00171615 500 7.0922
360 2.14851e-05 0.00117501 600 7.16846
360 1.18172e-05 0.00048013 700 7.07786
360 5.32093e-06 0.00116475 800 7.35971
370 5.73601e-05 0.00298893 100 5.91716
370 3.04932e-05 0.00433786 200 6.82594
370 2.59398e-05 0.00427839 300 7.4813
370 2.14233e-05 0.00346839 400 6.95652
370 2.08538e-05 0.00202441 500 7.14286
370 2.11746e-05 0.00128615 600 7.14286
370 1.61042e-05 0.000543375 700 7.11382
370 5.17901e-06 0.00138812 800 7.40056
380 1.54408e-05 0.00160631 100 5.81395
380 3.40049e-05 0.00373661 200 6.94444
380 3.37509e-05 0.00351877 300 7.5
380 1.32602e-05 0.00249767 400 7.00525
380 7.30793e-06 0.00123967 500 7.19424
380 1.62964e-05 0.000389254 600 7.14286
380 9.14823e-06 0.000571853 700 7.15015
380 8.94953e-06 0.00118434 800 7.43494
390 4.42158e-05 0.00111878 100 5.81395
390 3.34749e-05 0.00405159 200 7.06714
390 3.55103e-05 0.00401554 300 7.44417
390 1.1386e-05 0.00274756 400 7.05467
390 4.36732e-06 0.00126737 500 7.23589
390 1.66383e-05 0.000448996 600 7.1599
390 8.82333e-06 0.00059755 700 7.17949
390 8.23411e-06 0.00129105 800 7.47664
400 4.36732e-05 0.00143985 100 5.84795
400 3.33858e-05 0.00460534 200 7.16846
400 3.91643e-05 0.00475438 300 7.31707
400 1.1898e-05 0.00312757 400 7.0922
400 7.37289e-06 0.00136232 500 7.27802
400 1.47611e-05 0.000511731 600 7.16846
400 8.31222e-06 0.000716515 700 7.20906
400 9.65053e-06 0.00146266 800 7.51174
410 5.39325e-05 0.0018998 100 5.98802
410 3.14554e-05 0.00431955 200 7.29927
410 3.09246e-05 0.00423706 300 7.31707
410 1.21459e-05 0.0027123 400 7.14286
410 7.93364e-06 0.00117516 500 7.33138
410 1.52249e-05 0.000469783 600 7.20288
410 6.46877e-06 0.00074351 700 7.24638
410 8.71758e-06 0.00134819 800 7.54717
420 5.56727e-05 0.00276211 100 6.21118
420 3.6212e-05 0.00439429 200 7.46269
420 3.57334e-05 0.00409454 300 7.37101
420 1.50499e-05 0.00263716 400 7.19424
420 6.97405e-06 0.00114118 500 7.39645
420 1.50499e-05 0.000485885 600 7.24638
420 5.49248e-06 0.000827897 700 7.28408
420 9.76565e-06 0.00134653 800 7.59734
430 5.9201e-05 0.00349383 100 6.41026
430 4.40809e-05 0.00492367 200 7.63359
430 3.53233e-05 0.00436581 300 7.46269
430 1.17086e-05 0.00287766 400 7.25953
430 1.50657e-05 0.00120319 500 7.46269
430 1.39538e-05 0.000496648 600 7.2904
430 6.31654e-06 0.000963029 700 7.32984
430 1.02314e-05 0.00146208 800 7.64818
440 5.25896e-05 0.00389944 100 6.62252
440 4.36733e-05 0.00543953 200 7.7821
440 2.99232e-05 0.00485232 300 7.53769
440 1.07116e-05 0.00314085 400 7.31261
440 1.50023e-05 0.00124253 500 7.5188
440 1.31726e-05 0.000469502 600 7.33496
440 6.00051e-06 0.00105936 700 7.37619
440 8.63169e-06 0.00163657 800 7.68492
450 6.44088e-05 0.00472797 100 6.75676
450 3.93666e-05 0.00665885 200 7.90514
450 2.27283e-05 0.00593723 300 7.57576
450 1.05009e-05 0.00373244 400 7.32601
450 1.60169e-05 0.00130832 500 7.55287
450 1.07656e-05 0.000404083 600 7.35294
450 9.0681e-06 0.00126975 700 7.39958
450 9.23632e-06 0.00202457 800 7.71456
460 8.34378e-05 0.00586169 100 6.80272
460 3.76643e-05 0.0077286 200 7.93651
460 1.93268e-05 0.00675027 300 7.57576
460 1.50499e-05 0.00403377 400 7.29927
460 1.13045e-05 0.0013457 500 7.5643
460 8.87754e-06 0.000362712 600 7.34394
460 8.68437e-06 0.00147246 700 7.41525
460 8.82377e-06 0.00234321 800 7.72201
470 7.70497e-05 0.00658439 100 6.80272
470 4.05598e-05 0.00757268 200 7.96813
470 2.14078e-05 0.00643859 300 7.53769
470 1.72634e-05 0.00350999 400 7.23327
470 1.79007e-05 0.0011466 500 7.5643
470 5.08219e-06 0.000388641 600 7.2904
470 9.30642e-06 0.0015337 700 7.431
470 4.50776e-05 0.00255474 800 7.70713
480 6.60536e-05 0.0079462 100 6.75676
480 4.18615e-05 0.00790157 200 8
480 1.52683e-05 0.0066786 300 7.37101
480 1.5775e-05 0.00329274 400 7.20721
480 1.74147e-05 0.00112157 500 7.55287
480 4.30624e-06 0.000384526 600 7.21154
480 1.16722e-05 0.00164306 700 7.43889
480 9.65053e-06 0.00244563 800 7.67754
490 7.56444e-05 0.00939882 100 6.80272
490 4.40809e-05 0.00870569 200 8.03213
490 3.92657e-05 0.00678459 300 7.1599
490 1.35932e-05 0.00326754 400 7.20721
490 1.10916e-05 0.00108299 500 7.53012
490 1.15377e-05 0.000388793 600 7.17703
490 1.01564e-05 0.00185293 700 7.45474
490 1.23285e-05 0.00268251 800 7.50469
500 7.00817e-05 0.00988738 100 6.89655
500 4.05598e-05 0.00885807 200 8.06452
500 4.02978e-05 0.0064981 300 7.0922
500 2.12487e-05 0.00304835 400 7.23327
500 1.31383e-05 0.0010737 500 7.5188
500 2.0116e-05 0.000506885 600 7.17703
500 1.00359e-05 0.00192175 700 7.47863
500 1.2861e-05 0.00267768 800 7.46965
510 7.14295e-05 0.00988414 100 7.0922
510 4.61937e-05 0.00851671 200 8.16327
510 4.14323e-05 0.00599653 300 7.12589
510 1.76475e-05 0.00278384 400 7.29927
510 9.31582e-06 0.00102338 500 7.48503
510 2.12371e-05 0.00058197 600 7.21154
510 1.10732e-05 0.00192039 700 7.5188
510 1.24787e-05 0.0026039 800 7.48363
520 6.62338e-05 0.00912847 100 7.40741
520 5.25897e-05 0.00746937 200 8.29876
520 2.87032e-05 0.00508486 300 7.21154
520 1.64229e-05 0.00233579 400 7.36648
520 1.53168e-05 0.00081373 500 7.44048
520 2.08754e-05 0.000630115 600 7.25514
520 1.06932e-05 0.00175842 700 7.56757
520 1.22071e-05 0.00230434 800 7.5188
530 6.29107e-05 0.00824405 100 7.69231
530 4.6707e-05 0.00640461 200 8.43882
530 2.18972e-05 0.00419577 300 7.29927
530 1.5916e-05 0.00189379 400 7.44879
530 1.79274e-05 0.000682908 500 7.4184
530 1.15089e-05 0.000536308 600 7.30816
530 9.64028e-06 0.00156198 700 7.61697
530 1.27153e-05 0.00201129 800 7.56144
540 7.02516e-05 0.00819847 100 8.13008
540 5.16174e-05 0.00675681 200 8.62069
540 1.71479e-05 0.00419633 300 7.38916
540 1.20844e-05 0.00175504 400 7.53296
540 1.59572e-05 0.000446862 500 7.44048
540 1.34216e-05 0.000553498 600 7.36196
540 1.24781e-05 0.00159368 700 7.67544
540 1.4508e-05 0.00209799 800 7.60456
550 6.93979e-05 0.0078946 100 8.54701
550 5.01531e-05 0.0063355 200 8.69565
550 1.30208e-05 0.00385176 300 7.5
550 7.11786e-06 0.00160617 400 7.61905
550 1.58071e-05 0.000462783 500 7.47384
550 1.15377e-05 0.000510958 600 7.41656
550 1.14619e-05 0.00151407 700 7.72627
550 1.42096e-05 0.00188023 800 7.64818
560 8.78909e-05 0.0118195 100 8.84956
560 4.7717e-05 0.00961055 200 8.62069
560 1.48282e-05 0.00579084 300 7.55667
560 1.32602e-05 0.00229355 400 7.69231
560 1.16371e-05 0.000646763 500 7.48503
560 1.35199e-05 0.000854366 600 7.45342
560 1.3881e-05 0.00221966 700 7.77778
560 1.32884e-05 0.00272167 800 7.68492
570 5.87969e-05 0.0103621 100 9.09091
570 5.15017e-05 0.00811478 200 8.29876
570 6.71079e-06 0.00471431 300 7.59494
570 9.13491e-06 0.0016978 400 7.73694
570 1.41518e-05 0.000528028 500 7.48503
570 9.24303e-06 0.000815076 600 7.4813
570 1.23211e-05 0.00189125 700 7.8125
570 1.51977e-05 0.00217267 800 7.70713
580 8.9237e-05 0.00181304 100 9.25926
580 7.13047e-05 0.00116179 200 8.09717
580 2.65953e-05 0.00126102 300 7.57576
580 1.67375e-05 0.000884319 400 7.75194
580 2.80158e-05 0.000614302 500 7.48503
580 4.60356e-06 0.000314417 600 7.49064
580 1.41415e-05 0.000254467 700 7.83875
580 1.92432e-05 0.000732393 800 7.72201
590 9.37961e-05 0.00277916 100 9.34579
590 5.98522e-05 0.00137738 200 8.03213
590 2.88413e-05 0.00128587 300 7.53769
590 2.18708e-05 0.000916192 400 7.75194
590 2.1989e-05 0.000514535 500 7.47384
590 0 0.000378699 600 7.5
590 9.88942e-06 0.000428793 700 7.85634
590 1.54409e-05 0.000558702 800 7.73694
600 9.88698e-05 0.00314307 100 9.34579
600 4.04126e-05 0.00143099 200 8
600 1.34216e-05 0.00142777 300 7.4813
600 1.61945e-05 0.000537664 400 7.76699
600 2.48402e-05 0.000414132 500 7.46269
600 1.15089e-06 0.000368331 600 7.50939
600 1.23211e-05 0.000516372 700 7.86517
600 1.6056e-05 0.000370506 800 7.75194
610 0.000105406 0.00274945 100 9.52381
610 3.79795e-05 0.00154 200 7.96813
610 1.43746e-05 0.00146166 300 7.42574
610 2.07161e-05 0.00047324 400 7.76699
610 1.9335e-05 0.000531412 500 7.42942
610 7.5469e-06 0.000338953 600 7.52823
610 1.70864e-05 0.000514235 700 7.86517
610 1.87132e-05 0.000316315 800 7.75946
620 9.0957e-05 0.00327705 100 9.61539
620 2.9701e-05 0.00238953 200 7.87402
620 1.09183e-05 0.00108223 300 7.35294
620 2.24756e-05 0.000726018 400 7.76699
620 2.71515e-05 0.000673518 500 7.34214
620 6.51042e-06 0.000402082 600 7.54717
620 4.15683e-05 0.000776776 700 7.83875
620 1.71769e-05 0.000366489 800 7.77454
630 8.85665e-05 0.00223569 100 9.61539
630 2.58374e-05 0.00205688 200 7.5188
630 1.81972e-05 0.000604637 300 7.33496
630 2.75405e-05 0.0012704 400 7.73694
630 1.21973e-05 0.000769282 500 7.26744
630 6.85722e-06 0.000327174 600 7.55667
630 1.29188e-05 0.000481865 700 7.76915
630 1.50623e-05 0.000280448 800 7.78968
640 8.40073e-05 0.00222147 100 9.61539
640 2.5017e-05 0.00241622 200 7.22022
640 2.32469e-05 0.000432054 300 7.33496
640 2.69663e-05 0.00141456 400 7.70713
640 1.40503e-05 0.000920686 500 7.22543
640 8.45729e-06 0.000297271 600 7.5662
640 1.3235e-05 0.0004917 700 7.56757
640 1.41043e-05 0.000170124 800 7.79727
650 6.09864e-05 0.00271146 100 9.43396
650 4.87061e-05 0.0019059 200 7.11744
650 2.62444e-05 0.000370956 300 7.33496
650 2.68001e-05 0.00230496 400 7.56144
650 2.16172e-05 0.000882892 500 7.21501
650 7.89011e-06 0.000368181 600 7.57576
650 1.25558e-05 0.000574745 700 7.53498
650 1.12874e-05 0.000184208 800 7.80488
660 6.05942e-05 0.00222165 100 9.17431
660 4.19327e-05 0.0015179 200 7.06714
660 2.25528e-05 0.000937558 300 7.33496
660 3.22508e-05 0.00257405 400 7.29927
660 1.42859e-05 0.000916227 500 7.21501
660 7.50289e-06 0.000324885 600 7.58534
660 1.23999e-05 0.000499562 700 7.52688
660 1.0322e-05 0.000424758 800 7.8125
670 5.12114e-05 0.00331479 100 8.40336
670 4.07065e-05 0.00161928 200 7.01754
670 3.00998e-05 0.00151903 300 7.33496
670 3.23431e-05 0.00264099 400 7.19424
670 1.59871e-05 0.000937728 500 7.21501
670 5.45915e-06 0.000381452 600 7.60456
670 8.34143e-06 0.000551163 700 7.52688
670 9.99191e-06 0.000519011 800 7.82779
680 6.25306e-05 0.00452163 100 7.40741
680 4.52815e-05 0.00161584 200 6.96864
680 3.32766e-05 0.00206392 300 7.33496
680 3.38734e-05 0.00301865 400 7.14286
680 1.61945e-05 0.000962512 500 7.20461
680 5.63819e-06 0.000436462 600 7.62389
680 8.82333e-06 0.000613964 700 7.53498
680 8.12021e-06 0.000316428 800 7.83546
690 5.54582e-05 0.00516236 100 7.0922
690 5.78261e-05 0.00163307 200 6.89655
690 4.7313e-05 0.00295315 300 7.31707
690 3.34751e-05 0.00352801 400 7.11744
690 1.55945e-05 0.0010444 500 7.20461
690 5.01661e-06 0.00047645 600 7.63359
690 6.65416e-06 0.00075746 700 7.53498
690 6.65816e-06 0.000406912 800 7.85083
700 5.16749e-05 0.00431867 100 6.94444
700 5.92013e-05 0.00188253 200 6.82594
700 4.91261e-05 0.00369011 300 7.31707
700 3.3564e-05 0.00347381 400 7.0922
700 2.02505e-05 0.000953883 500 7.20461
700 3.15184e-06 0.000460066 600 7.64331
700 7.70464e-06 0.000698021 700 7.5431
700 8.36873e-06 0.000393154 800 7.85855
710 5.43728e-05 0.00477022 100 6.84932
710 6.00014e-05 0.00208293 200 6.71141
710 4.16873e-05 0.00460276 300 7.29927
710 3.21119e-05 0.00409451 400 7.05467
710 1.70829e-05 0.00110148 500 7.21501
710 3.45267e-06 0.000559042 600 7.63359
710 8.42848e-06 0.000910344 700 7.55124
710 6.90535e-06 0.000633124 800 7.86627
720 5.21342e-05 0.00559145 100 6.66667
720 6.6369e-05 0.00240212 200 6.57895
720 5.60763e-05 0.00535269 300 7.28155
720 2.53131e-05 0.00432928 400 6.95652
720 1.55945e-05 0.00108639 500 7.21501
720 5.67709e-05 0.000999094 600 7.60456
720 5.21995e-06 0.00109593 700 7.5594
720 8.82377e-06 0.000869767 800 7.86627
730 7.72042e-05 0.00570899 100 6.25
730 6.37113e-05 0.00322498 200 6.51466
730 5.53392e-05 0.00588335 300 7.24638
730 2.84192e-05 0.00454128 400 6.83761
730 1.33186e-05 0.00107754 500 7.22543
730 5.01661e-06 0.000696788 600 7.54717
730 4.98147e-06 0.00107572 700 7.56757
730 1.14513e-05 0.000936114 800 7.85855
740 0.00012928 0.00350011 100 5.78035
740 6.05945e-05 0.00355584 200 6.51466
740 5.54587e-05 0.00596069 300 7.19424
740 3.2504e-05 0.00402578 400 6.79117
740 1.18804e-05 0.000836871 500 7.23589
740 7.27887e-06 0.00061801 600 7.30816
740 8.42848e-06 0.000728378 700 7.57576
740 8.4573e-06 0.000681206 800 7.85855
750 0.000163047 0.00292648 100 5.64972
750 7.5131e-05 0.00471032 200 6.53595
750 4.70041e-05 0.00718202 300 7.109
750 3.88909e-05 0.00394893 400 6.79117
750 1.08306e-05 0.00080355 500 7.25689
750 5.57915e-06 0.000571166 600 7.27273
750 6.69062e-06 0.000717573 700 7.59219
750 9.09405e-06 0.000794909 800 7.85083
760 0.00015777 0.00385923 100 5.64972
760 7.88095e-05 0.00576183 200 6.60066
760 5.47133e-05 0.0082644 300 6.91244
760 4.53806e-05 0.00385817 400 6.81431
760 1.15961e-05 0.00076301 500 7.28863
760 1.9934e-06 0.000616735 600 7.27273
760 6.12093e-06 0.000796619 700 7.61697
760 8.69619e-06 0.000873007 800 7.85083
770 0.000121876 0.004472 100 5.71429
770 7.32428e-05 0.0060973 200 6.66667
770 5.01402e-05 0.00806366 300 6.80272
770 3.87949e-05 0.0037845 400 6.84932
770 1.1678e-05 0.000704193 500 7.33138
770 3.25521e-06 0.000523628 600 7.29927
770 6.04092e-06 0.000716653 700 7.65027
770 9.17562e-06 0.000939942 800 7.85083
780 0.000115343 0.00457915 100 5.81395
780 6.36645e-05 0.00666357 200 6.75676
780 4.77866e-05 0.00798682 300 6.80272
780 3.26412e-05 0.00389049 400 6.89655
780 9.26449e-06 0.000768387 500 7.39645
780 3.25521e-06 0.000456575 600 7.34394
780 7.21547e-06 0.000735743 700 7.70077
780 1.12378e-05 0.00116883 800 7.84314
790 0.000118805 0.00595568 100 5.98802
790 6.78347e-05 0.00814531 200 6.89655
790 4.31241e-05 0.00905032 300 6.86499
790 3.46777e-05 0.00459056 400 6.96864
790 1.50973e-05 0.000983135 500 7.46269
790 3.9868e-06 0.000483425 600 7.39827
790 8.34143e-06 0.00105272 700 7.75194
790 1.32181e-05 0.0017089 800 7.83546
800 0.00013093 0.0081076 100 6.21118
800 7.47333e-05 0.0105029 200 7.04225
800 4.55733e-05 0.0110443 300 6.92841
800 3.88525e-05 0.00562843 400 7.04225
800 1.76324e-05 0.00132849 500 7.54148
800 7.18731e-06 0.000606688 600 7.46269
800 1.13123e-05 0.00149946 700 7.8125
800 1.51486e-05 0.00239616 800 7.83546
810 0.00012372 0.00769774 100 6.45161
810 6.6772e-05 0.0103683 200 7.22022
810 4.10791e-05 0.0106106 300 7.00935
810 3.68648e-05 0.00545362 400 7.11744
810 1.66303e-05 0.00132731 500 7.62195
810 8.37861e-06 0.000546055 600 7.5188
810 1.20415e-05 0.00140542 700 7.87402
810 1.52955e-05 0.00231344 800 7.8125
820 0.000127048 0.00691231 100 6.62252
820 7.3891e-05 0.00989443 200 7.32601
820 4.45741e-05 0.00978405 300 7.07547
820 3.2297e-05 0.00472943 400 7.18133
820 1.49066e-05 0.00110182 500 7.69231
820 7.27887e-06 0.000389403 600 7.5662
820 8.82333e-06 0.00093245 700 7.91855
820 1.32462e-05 0.00157037 800 7.7821
830 0.000121973 0.00734532 100 6.66667
830 7.37295e-05 0.0100475 200 7.40741
830 3.83786e-05 0.00957827 300 7.109
830 2.85239e-05 0.00447945 400 7.22022
830 1.44848e-05 0.000974903 500 7.73994
830 8.49635e-06 0.000539582 600 7.60456
830 1.03698e-05 0.0011332 700 7.96359
830 1.41702e-05 0.00188276 800 7.76699
840 9.39231e-05 0.00657443 100 6.62252
840 6.64588e-05 0.00945543 200 7.46269
840 3.43731e-05 0.0085578 300 7.109
840 2.69387e-05 0.00368929 400 7.24638
840 1.19205e-05 0.000707593 500 7.77605
840 7.6774e-06 0.000507618 600 7.63359
840 9.86479e-06 0.000925177 700 7.99087
840 1.02859e-05 0.00167028 800 7.76699
850 7.30794e-05 0.00449692 100 6.53595
850 5.63116e-05 0.00773972 200 7.49064
850 3.64309e-05 0.00668427 300 7.109
850 1.85932e-05 0.00254498 400 7.27273
850 1.04268e-05 0.000394829 500 7.78816
850 1.19049e-05 0.000389946 600 7.65306
850 9.58967e-06 0.000761941 700 8.00915
850 8.56671e-06 0.0014862 800 7.7821
860 8.19966e-05 0.00474604 100 6.45161
860 5.94023e-05 0.00790259 200 7.5188
860 2.71377e-05 0.00631365 300 7.07547
860 1.61945e-05 0.0022937 400 7.29927
860 2.1551e-05 0.000193285 500 7.80031
860 1.34216e-05 0.000583745 600 7.68246
860 1.23606e-05 0.00107611 700 8.02752
860 1.0781e-05 0.00184705 800 7.80488
870 9.12188e-05 0.00637056 100 6.41026
870 5.61526e-05 0.00843601 200 7.57576
870 2.80969e-05 0.00646194 300 7.00935
870 1.80648e-05 0.00228111 400 7.35294
870 6.90845e-05 0.000460834 500 7.80031
870 1.40955e-05 0.000592251 600 7.71208
870 1.43125e-05 0.00102 700 8.06452
870 1.01583e-05 0.00181394 800 7.83546
880 0.000103235 0.00906871 100 6.57895
880 5.2533e-05 0.010428 200 7.69231
880 2.62444e-05 0.00795856 300 7.00935
880 2.40452e-05 0.00293148 400 7.42115
880 1.74693e-05 0.000768824 500 7.83699
880 1.15663e-05 0.0009087 600 7.77202
880 1.39858e-05 0.00128872 700 8.10185
880 1.2069e-05 0.00221704 800 7.88177
890 6.01994e-05 0.00506116 100 6.80272
890 4.03388e-05 0.00616687 200 7.84314
890 1.93268e-05 0.00472427 300 7.04225
890 1.96074e-05 0.0014774 400 7.5188
890 1.91367e-05 0.000582911 500 7.86164
890 1.75677e-05 0.000883186 600 7.8329
890 2.27748e-05 0.00177814 700 8.15851
890 1.36206e-05 0.00262608 800 7.93651
900 4.58049e-05 0.00146668 100 7.04225
900 4.54129e-05 0.00305076 200 8
900 2.23166e-05 0.00252122 300 7.109
900 2.29999e-05 0.000856256 400 7.60456
900 3.07891e-05 0.00107358 500 7.78816
900 2.52937e-05 0.00156024 600 7.90514
900 1.97174e-05 0.00286348 700 8.21596
900 1.90291e-05 0.00370911 800 7.98403
910 6.90535e-05 0.00333619 100 7.35294
910 5.63116e-05 0.00389653 200 8.16327
910 1.49173e-05 0.002197 300 7.17703
910 1.70899e-05 0.00135467 400 7.69231
910 2.47825e-05 0.000998077 500 7.70416
910 2.4563e-05 0.00185234 600 7.96813
910 2.14773e-05 0.00342063 700 8.26446
910 1.78262e-05 0.00400288 800 8.0402
920 7.59589e-05 0.00403035 100 7.57576
920 5.7516e-05 0.0040072 200 8.19672
920 1.1039e-05 0.00260889 300 7.22892
920 2.48077e-05 0.00162091 400 7.76699
920 3.50752e-05 0.00132741 500 7.70416
920 3.0461e-05 0.00240045 600 8.02139
920 2.55728e-05 0.00408622 700 8.29384
920 2.08149e-05 0.00478436 800 8.08081
930 7.88845e-05 0.00449639 100 7.75194
930 6.76588e-05 0.00409559 200 8
930 1.6438e-05 0.0027507 300 7.26392
930 3.29818e-05 0.00173332 400 7.8125
930 3.67483e-05 0.00147467 500 7.70416
930 3.06992e-05 0.00278845 600 8.05369
930 2.55537e-05 0.00453539 700 8.30368
930 2.23678e-05 0.00522173 800 8.10537
940 5.39325e-05 0.00101942 100 7.87402
940 6.4962e-05 0.002373 200 7.57576
940 7.80572e-06 0.000618848 300 7.29927
940 2.38897e-05 0.000669105 400 7.85855
940 2.83037e-05 0.0010645 500 7.70416
940 2.53982e-05 0.00213962 600 8.08625
940 2.02049e-05 0.00352013 700 8.29384
940 1.84122e-05 0.00403808 800 8.13008
950 2.9701e-05 0.00335318 100 7.93651
950 5.15596e-05 0.00382438 200 7.38007
950 1.55264e-05 0.00192181 300 7.31707
950 2.601e-05 0.000667275 400 7.90514
950 2.78964e-05 0.00135122 500 7.72798
950 2.40039e-05 0.00239356 600 8.11908
950 2.41337e-05 0.00362391 700 8.23529
950 1.85934e-05 0.00434863 800 8.15494
960 2.67443e-05 0.00536546 100 8.06452
960 4.1504e-05 0.00482458 200 7.29927
960 1.28158e-05 0.00239992 300 7.33496
960 2.28699e-05 0.000535481 400 7.95229
960 2.42967e-05 0.00134345 500 7.75194
960 2.11433e-05 0.00245389 600 8.14111
960 2.14773e-05 0.00363621 700 8.10185
960 1.75418e-05 0.00421641 800 8.1716
970 3.52105e-05 0.00678025 100 8.13008
970 2.96005e-05 0.00563644 200 7.29927
970 2.07799e-05 0.00252993 300 7.37101
970 2.81558e-05 0.000983862 400 8
970 3.07891e-05 0.00193417 500 7.77605
970 2.57478e-05 0.00315667 600 8.17439
970 2.32087e-05 0.00437734 700 7.97267
970 2.13189e-05 0.00514241 800 8.19672
980 3.71864e-05 0.00635622 100 8.26446
980 3.40049e-05 0.00501661 200 7.29927
980 2.12214e-05 0.00192444 300 7.40741
980 2.53719e-05 0.000952749 400 8.04829
980 2.76905e-05 0.0018688 500 7.8125
980 2.19124e-05 0.00312742 600 8.21918
980 2.22562e-05 0.00434511 700 7.93651
980 2.06352e-05 0.00497623 800 8.21355
990 4.68343e-05 0.00639464 100 8.40336
990 2.35441e-05 0.00471495 200 7.35294
990 1.77551e-05 0.00159835 300 7.44417
990 2.49574e-05 0.000893781 400 8.09717
990 2.61312e-05 0.00187383 500 7.84929
990 2.35864e-05 0.00329532 600 8.25309
990 1.99991e-05 0.00449546 700 7.95455
990 1.93783e-05 0.00497381 800 8.23893
1000 2.84715e-05 0.0053778 100 8.62069
1000 4.02648e-05 0.00368474 200 7.38007
1000 1.17368e-05 0.00106882 300 7.5188
1000 2.53719e-05 0.00101777 400 8.14664
1000 2.87384e-05 0.00198779 500 7.89889
1000 2.38378e-05 0.00353129 600 8.29876
1000 1.96184e-05 0.00468006 700 7.98176
1000 2.05809e-05 0.00519098 800 8.27301
1010 3.20188e-05 0.00549274 100 8.84956
1010 3.42668e-05 0.00356164 200 7.40741
1010 1.40012e-05 0.000922934 300 7.59494
1010 2.93479e-05 0.00116425 400 8.19672
1010 3.09128e-05 0.00212435 500 7.94913
1010 2.70033e-05 0.00371368 600 8.34492
1010 2.23543e-05 0.00485985 700 8.01833
1010 2.0472e-05 0.00538007 800 8.29876
1020 3.58812e-05 0.00446876 100 9.09091
1020 4.17189e-05 0.00278384 200 7.35294
1020 2.69417e-05 0.000529786 300 7.67263
1020 0.000100698 0.00203905 400 8.21355
1020 3.20637e-05 0.00260638 500 8
1020 3.06668e-05 0.00428237 600 8.37989
1020 2.3355e-05 0.00543488 700 8.06452
1020 2.34572e-05 0.00614294 800 8.33333
1030 5.43728e-05 0.00300083 100 9.17431
1030 3.33858e-05 0.0025109 200 7.22022
1030 2.80969e-05 0.000161787 300 7.73196
1030 3.45917e-05 0.0016924 400 8.21355
1030 3.31172e-05 0.0028403 500 8.03859
1030 2.95112e-05 0.00458477 600 8.41515
1030 2.38498e-05 0.00564009 700 8.10185
1030 2.27067e-05 0.00620945 800 8.35073
1040 6.93979e-05 0.00315351 100 9.09091
1040 1.48505e-05 0.0024812 200 7.0922
1040 2.61939e-05 0.000169091 300 7.77202
1040 3.5126e-05 0.00166013 400 7.98403
1040 3.07891e-05 0.00249923 500 8.07754
1040 2.49509e-05 0.00409169 600 8.42697
1040 2.15565e-05 0.00499188 700 8.13008
1040 2.18454e-05 0.00562696 800 8.3682
1050 5.25896e-05 0.00313785 100 8.84956
1050 2.65205e-05 0.00209908 200 7.04225
1050 3.1138e-05 0.000882654 300 7.79221
1050 3.82923e-05 0.0019903 400 7.70713
1050 3.41801e-05 0.00297922 500 8.09062
1050 2.93199e-05 0.0045803 600 8.41515
1050 2.32506e-05 0.00549223 700 8.13953
1050 2.6549e-05 0.0062591 800 8.3682
1060 7.35672e-05 0.0052495 100 7.87402
1060 5.22486e-05 0.00167827 200 7.01754
1060 3.98682e-05 0.00151434 300 7.8125
1060 4.24803e-05 0.00271141 400 7.66284
1060 3.22269e-05 0.00386932 500 8.10373
1060 3.19778e-05 0.00547884 600 8.37989
1060 2.61187e-05 0.00635245 700 8.14901
1060 2.90421e-05 0.00698901 800 8.3682
1070 8.54146e-05 0.00451504 100 6.94444
1070 2.86801e-05 0.00136021 200 6.99301
1070 3.89609e-05 0.00160023 300 7.8329
1070 4.24978e-05 0.00282961 400 7.64818
1070 3.33182e-05 0.00411972 500 8.11688
1070 3.10638e-05 0.00567731 600 8.31025
1070 2.46129e-05 0.00632133 700 8.15851
1070 2.67308e-05 0.00670857 800 8.37696
1080 8.62479e-05 0.00370271 100 6.66667
1080 2.45359e-05 0.00160504 200 6.99301
1080 2.97901e-05 0.00149093 300 7.87402
1080 3.64991e-05 0.00245223 400 7.64818
1080 2.90355e-05 0.00369325 500 8.14332
1080 2.71257e-05 0.00512834 600 8.16327
1080 2.10771e-05 0.00539329 700 8.16803
1080 2.23428e-05 0.00549951 800 8.39454
1090 6.32886e-05 0.00382979 100 6.53595
1090 3.22968e-05 0.000736774 200 6.99301
1090 4.05599e-05 0.00261008 300 7.91557
1090 3.83312e-05 0.00378342 400 7.67754
1090 3.36174e-05 0.00516582 500 8.16993
1090 2.97793e-05 0.00660507 600 7.94702
1090 2.5988e-05 0.00700535 700 8.18713
1090 2.39678e-05 0.00709895 800 8.40336
1100 6.36642e-05 0.00316729 100 6.49351
1100 3.76643e-05 0.000822178 200 6.99301
1100 4.37644e-05 0.00324632 300 7.95756
1100 4.32451e-05 0.00439312 400 7.69231
1100 3.47199e-05 0.00597259 500 8.18331
1100 3.20192e-05 0.0074343 600 7.87402
1100 2.82489e-05 0.00785488 700 8.19672
1100 2.78302e-05 0.00785956 800 8.4122
1110 5.02717e-05 0.00261414 100 6.45161
1110 3.71865e-05 0.0012867 200 7.01754
1110 4.71728e-05 0.00366416 300 7.97872
1110 4.39967e-05 0.00483062 400 7.70713
1110 3.86705e-05 0.00660889 500 8.21018
1110 3.09035e-05 0.00805896 600 7.8637
1110 2.89297e-05 0.00844948 700 8.20633
1110 2.76219e-05 0.00828604 800 8.4122
1120 5.32653e-05 0.00262441 100 6.32911
1120 2.78363e-05 0.00166458 200 7.04225
1120 3.81014e-05 0.00350002 300 7.97872
1120 3.82923e-05 0.00406079 400 7.72201
1120 3.61861e-05 0.00535052 500 8.22368
1120 2.68804e-05 0.00655847 600 7.87402
1120 2.48783e-05 0.00692804 700 8.21596
1120 2.60818e-05 0.00668533 800 8.35073
1130 9.88698e-05 0.00206612 100 6.09756
1130 5.68384e-05 0.00295067 200 7.0922
1130 0.000140834 0.00536261 300 7.93651
1130 4.51996e-05 0.00550976 400 7.75194
1130 4.45818e-05 0.00688581 500 8.23723
1130 3.23383e-05 0.00817517 600 7.90514
1130 3.19205e-05 0.00895311 700 8.22562
1130 3.00694e-05 0.00853165 800 8.20513
1140 7.19285e-05 0.00257366 100 5.84795
1140 6.69057e-05 0.00344315 200 7.14286
1140 5.29915e-05 0.00570483 300 7.87402
1140 4.5282e-05 0.00615757 400 7.79727
1140 3.97529e-05 0.00737255 500 8.26446
1140 3.26542e-05 0.0085314 600 7.93651
1140 3.03257e-05 0.00922267 700 8.23529
1140 3.09607e-05 0.00833872 800 8.1716
1150 6.80098e-05 0.00233679 100 5.74713
1150 7.04215e-05 0.0046791 200 7.22022
1150 6.0068e-05 0.00684293 300 7.5188
1150 4.61297e-05 0.0073186 400 7.82779
1150 4.7992e-05 0.00852537 500 8.27815
1150 3.37709e-05 0.00949987 600 7.96813
1150 3.17983e-05 0.0100856 700 8.25472
1150 3.07615e-05 0.00874817 800 8.1716
1160 0.000119005 0.00203659 100 5.78035
1160 4.78418e-05 0.00460286 200 7.29927
1160 5.21347e-05 0.00615817 300 7.37101
1160 4.0376e-05 0.0065049 400 7.88955
1160 3.9258e-05 0.00767328 500 8.30565
1160 2.77652e-05 0.00821681 600 8.01068
1160 2.75689e-05 0.00844092 700 8.28402
1160 2.65139e-05 0.00697819 800 8.19672
1170 0.000115032 0.00261555 100 5.91716
1170 5.10951e-05 0.00589992 200 7.43494
1170 5.17266e-05 0.00706818 300 7.40741
1170 4.32279e-05 0.0073511 400 7.96813
1170 4.036e-05 0.00846013 500 8.34725
1170 3.05587e-05 0.00880828 600 8.06452
1170 2.97425e-05 0.00886574 700 8.33333
1170 2.60818e-05 0.00722568 800 8.23893
1180 0.000158524 0.00478338 100 6.13497
1180 6.4594e-05 0.00764036 200 7.63359
1180 5.11083e-05 0.00846786 300 7.5
1180 4.11438e-05 0.00849603 400 8.08081
1180 3.98726e-05 0.00934936 500 8.41751
1180 3.04719e-05 0.00952217 600 8.14111
1180 2.88539e-05 0.00939831 700 8.39329
1180 2.54456e-05 0.00764612 800 8.29016
1190 0.000188419 0.00770534 100 6.36943
1190 7.67402e-05 0.0103456 200 7.84314
1190 5.35386e-05 0.0110089 300 7.61421
1190 4.2847e-05 0.0108458 400 8.19672
1190 4.19134e-05 0.0114104 500 8.5034
1190 3.25424e-05 0.011285 600 8.21918
1190 3.04378e-05 0.0108154 700 8.46433
1190 2.4868e-05 0.00881348 800 8.35946
1200 0.000149626 0.00830678 100 6.66667
1200 7.73205e-05 0.0106773 200 8.06452
1200 4.9153e-05 0.0110836 300 7.75194
1200 4.17906e-05 0.0108399 400 8.31601
1200 4.07715e-05 0.0113528 500 8.57633
1200 3.17492e-05 0.0111688 600 8.29876
1200 2.95455e-05 0.0106162 700 8.53659
1200 2.4338e-05 0.00859449 800 8.42105
1210 0.000143193 0.00886168 100 6.89655
1210 7.88851e-05 0.0111709 200 8.26446
1210 5.1547e-05 0.0114277 300 7.8534
1210 4.35713e-05 0.0112488 400 8.42105
1210 4.12944e-05 0.0117515 500 8.62069
1210 3.12339e-05 0.011504 600 8.3682
1210 3.06529e-05 0.0108029 700 8.59951
1210 2.36076e-05 0.00862938 800 8.47458
1220 0.000143277 0.00884058 100 7.14286
1220 8.01965e-05 0.0116359 200 8.43882
1220 5.4979e-05 0.0118628 300 7.93651
1220 4.4132e-05 0.0118087 400 8.51064
1220 4.42382e-05 0.0123725 500 8.60585
1220 3.13292e-05 0.0119478 600 8.42697
1220 3.16756e-05 0.0110965 700 8.65266
1220 2.31213e-05 0.00871902 800 8.52878
1230 0.000130838 0.00938759 100 7.29927
1230 7.83163e-05 0.0117246 200 8.62069
1230 5.22616e-05 0.0116506 300 8.02139
1230 4.45353e-05 0.0113667 400 8.60215
1230 4.09698e-05 0.011958 500 8.48896
1230 3.00891e-05 0.0113876 600 8.47458
1230 3.06052e-05 0.0105338 700 8.70647
1230 1.9984e-05 0.00820957 800 8.56531
1240 0.000121287 0.00847629 100 7.40741
1240 7.10954e-05 0.010915 200 8.77193
1240 5.33651e-05 0.0109865 300 8.08625
1240 4.4719e-05 0.011144 400 8.65801
1240 4.19589e-05 0.0118529 500 8.29187
1240 3.11596e-05 0.0113081 600 8.52273
1240 3.09058e-05 0.0104707 700 8.73908
1240 2.58955e-05 0.00786745 800 8.60215
1250 0.000104953 0.00837054 100 7.46269
1250 6.15219e-05 0.0098474 200 8.88889
1250 4.85565e-05 0.00950525 300 8.15217
1250 4.22164e-05 0.00946161 400 8.7146
1250 3.7007e-05 0.0101007 500 8.21018
1250 3.12657e-05 0.00997683 600 8.54701
1250 2.89129e-05 0.00943651 700 8.76095
1250 2.38744e-05 0.00693791 800 8.63931
1260 9.91107e-05 0.00820789 100 7.57576
1260 6.67273e-05 0.00963743 200 8.96861
1260 5.21347e-05 0.00939764 300 8.19672
1260 4.36055e-05 0.00986141 400 8.77193
1260 3.58684e-05 0.0106923 500 8.19672
1260 3.11809e-05 0.0104036 600 8.57143
1260 2.89717e-05 0.00958142 700 8.78294
1260 2.44906e-05 0.00666462 800 8.65801
1270 0.000107422 0.0113098 100 7.69231
1270 6.6772e-05 0.0121787 200 9.04977
1270 5.19565e-05 0.0112688 300 8.24176
1270 4.13785e-05 0.0109978 400 8.81057
1270 3.30163e-05 0.0113556 500 8.22368
1270 3.03521e-05 0.0108165 600 8.59599
1270 2.81712e-05 0.00976626 700 8.76095
1270 2.17514e-05 0.00685765 800 8.69565
1280 8.5554e-05 0.0103191 100 7.93651
1280 5.68384e-05 0.0108732 200 9.13242
1280 4.62369e-05 0.00978223 300 8.33333
1280 4.13245e-05 0.0095554 400 8.88889
1280 3.37166e-05 0.00986926 500 8.29187
1280 2.66204e-05 0.00932139 600 8.63309
1280 2.51507e-05 0.00822155 700 8.71731
1280 1.82087e-05 0.00560675 800 8.73362
1290 8.97697e-05 0.00952969 100 8.26446
1290 0.000152511 0.0107169 200 9.25926
1290 4.40059e-05 0.00884254 300 8.4507
1290 3.88909e-05 0.00884789 400 8.98876
1290 2.97494e-05 0.00918335 500 8.3612
1290 2.78009e-05 0.00871265 600 8.69565
1290 2.52279e-05 0.00751871 700 8.63132
1290 1.81267e-05 0.00496547 800 8.78156
1300 0.000140079 0.0164464 100 8.62069
1300 9.35426e-05 0.0162625 200 9.38967
1300 4.30627e-05 0.0143046 300 8.59599
1300 4.27077e-05 0.0132075 400 9.09091
1300 2.95241e-05 0.0125408 500 8.44595
1300 2.77771e-05 0.011252 600 8.75912
1300 2.16353e-05 0.00927651 700 8.62069
1300 2.07342e-05 0.00671296 800 8.83978
1310 7.34049e-05 0.0087972 100 9.09091
1310 4.74665e-05 0.00878522 200 9.47867
1310 4.70604e-05 0.00750238 300 8.72093
1310 3.69455e-05 0.00762425 400 9.1954
1310 2.86886e-05 0.00792003 500 8.53242
1310 2.50833e-05 0.00763629 600 8.82353
1310 2.55918e-05 0.00630441 700 8.64198
1310 1.78157e-05 0.00403009 800 8.88889
1320 7.76661e-05 0.00650325 100 9.43396
1320 6.75265e-05 0.00667398 200 9.04977
1320 5.14441e-05 0.00610392 300 8.84956
1320 3.88333e-05 0.00732855 400 9.25926
1320 3.06494e-05 0.00793585 500 8.60585
1320 2.90817e-05 0.0080983 600 8.87574
1320 3.07242e-05 0.00671108 700 8.6741
1320 2.1614e-05 0.00401364 800 8.93855
1330 8.17053e-05 0.00305845 100 9.70874
1330 6.51453e-05 0.00401648 200 8.51064
1330 5.71757e-05 0.00559645 300 8.92857
1330 4.72783e-05 0.00778547 400 9.28074
1330 3.22713e-05 0.00815383 500 8.65052
1330 3.18117e-05 0.00829818 600 8.90208
1330 3.39878e-05 0.00654345 700 8.69565
1330 2.47178e-05 0.0036354 800 8.96861
1340 0.000118905 0.00342384 100 9.90099
1340 0.000103063 0.00576641 200 8.40336
1340 6.44097e-05 0.00845494 300 8.98204
1340 4.82147e-05 0.0105877 400 9.28074
1340 3.66834e-05 0.0102706 500 8.68056
1340 3.67392e-05 0.00990635 600 8.92857
1340 3.6514e-05 0.00742332 700 8.71731
1340 2.51214e-05 0.00410422 800 8.99887
1350 9.61806e-05 0.0022978 100 10.101
1350 7.56843e-05 0.00367993 200 8.3682
1350 5.52433e-05 0.00589442 300 9.03614
1350 4.25854e-05 0.00787829 400 9.1954
1350 3.09744e-05 0.00772617 500 8.7108
1350 3.4335e-05 0.00768097 600 8.94188
1350 3.09137e-05 0.00554485 700 8.73908
1350 2.13364e-05 0.00299135 800 9.00901
1360 9.63045e-05 0.00231663 100 10.2041
1360 7.68178e-05 0.00293816 200 8.40336
1360 4.75365e-05 0.00523798 300 9.06344
1360 4.11257e-05 0.00697562 400 9.02935
1360 3.08046e-05 0.00707591 500 8.726
1360 3.34061e-05 0.00730326 600 8.96861
1360 2.9767e-05 0.00513318 700 8.76095
1360 2.15103e-05 0.00282529 800 9.02935
1370 0.000100068 0.00315328 100 10.5263
1370 7.43735e-05 0.0030132 200 8.43882
1370 5.30914e-05 0.00506112 300 9.11854
1370 3.62534e-05 0.00664051 400 8.65801
1370 3.16747e-05 0.00687057 500 8.75657
1370 3.02975e-05 0.00709849 600 8.98204
1370 3.07322e-05 0.00482426 700 8.78294
1370 1.84627e-05 0.00275092 800 9.03955
1380 7.38905e-05 0.00284098 100 10.6383
1380 6.59185e-05 0.00283984 200 8.47458
1380 4.88828e-05 0.0050971 300 9.17431
1380 3.1879e-05 0.0065214 400 8.40336
1380 2.69576e-05 0.00621211 500 8.77193
1380 2.72353e-05 0.00613219 600 8.9955
1380 2.75689e-05 0.00373443 700 8.80503
1380 1.47246e-05 0.00203486 800 9.04977
1390 7.42125e-05 0.00248534 100 10.7527
1390 6.13764e-05 0.00270413 200 8.51064
1390 4.16237e-05 0.00525878 300 9.20245
1390 3.01987e-05 0.00647373 400 8.35073
1390 2.72741e-05 0.0061191 500 8.78735
1390 2.81795e-05 0.00599977 600 8.9955
1390 2.52568e-05 0.00342501 700 8.82724
1390 1.32743e-05 0.00191957 800 9.04977
1400 8.61096e-05 0.00376129 100 10.7527
1400 7.16799e-05 0.00270891 200 8.51064
1400 4.06904e-05 0.00481799 300 9.23077
1400 2.99758e-05 0.00603303 400 8.35073
1400 2.96852e-05 0.00643892 500 8.77193
1400 3.03957e-05 0.00640571 600 8.92857
1400 2.49662e-05 0.00366917 700 8.83838
1400 1.45208e-05 0.00222517 800 9.03955
1410 0.000377297 0.00579147 100 10.3093
1410 5.92013e-05 0.00226816 200 8.51064
1410 4.03307e-05 0.00475822 300 9.20245
1410 2.54306e-05 0.00533314 400 8.3682
1410 2.36805e-05 0.00523829 500 8.77193
1410 2.62446e-05 0.00468553 600 8.67052
1410 1.9926e-05 0.00218196 700 8.84956
1410 9.13493e-06 0.00114852 800 8.97868
1420 7.17626e-05 0.00290739 100 9.61539
1420 5.35445e-05 0.0021467 200 8.51064
1420 3.47944e-05 0.0043976 300 9.17431
1420 2.32896e-05 0.00454954 400 8.38574
1420 2.0085e-05 0.0043568 500 8.74126
1420 2.76217e-05 0.00341399 600 8.5592
1420 1.67702e-05 0.00136443 700 8.84956
1420 4.95852e-06 0.000787322 800 8.06452
1430 0.000113572 0.00310192 100 7.57576
1430 5.19052e-05 0.00220622 200 8.51064
1430 3.70081e-05 0.00416772 300 9.11854
1430 2.29675e-05 0.00442517 400 8.38574
1430 2.23333e-05 0.00464955 500 8.74126
1430 2.9252e-05 0.00350609 600 8.52273
1430 1.78524e-05 0.00175663 700 8.86076
1430 1.01766e-05 0.00101082 800 7.98403
1440 7.50114e-05 0.00254195 100 7.19424
1440 4.50175e-05 0.00196822 200 8.54701
1440 3.31969e-05 0.00376171 300 9.03614
1440 1.81471e-05 0.00348234 400 8.40336
1440 2.48402e-05 0.00345047 500 8.726
1440 2.32755e-05 0.00239456 600 8.52273
1440 1.22021e-05 0.00134455 700 8.86076
1440 5.39048e-06 0.000754628 800 7.96813
1450 6.76584e-05 0.00225871 100 7.04225
1450 4.22865e-05 0.00220674 200 8.54701
1450 3.55103e-05 0.00378178 300 8.84956
1450 1.88717e-05 0.00312805 400 8.40336
1450 2.11715e-05 0.00309546 500 8.726
1450 2.28157e-05 0.0020093 600 8.53485
1450 1.01803e-05 0.00124033 700 8.86076
1450 2.92714e-06 0.000686904 800 7.96813
1460 6.47779e-05 0.0019921 100 6.99301
1460 4.91932e-05 0.00218294 200 8.51064
1460 2.93421e-05 0.00347595 300 8.40336
1460 1.53925e-05 0.00288834 400 8.38574
1460 2.02034e-05 0.00307515 500 8.7108
1460 2.19276e-05 0.0020278 600 8.53485
1460 7.3491e-06 0.0014458 700 8.84956
1460 4.31584e-06 0.000737016 800 7.96813
1470 6.25306e-05 0.00184044 100 6.94444
1470 4.00421e-05 0.00260257 200 8.51064
1470 2.8425e-05 0.0037595 300 7.87402
1470 1.80235e-05 0.00324069 400 8.3682
1470 1.91118e-05 0.00341539 500 8.7108
1470 1.91547e-05 0.00216324 600 8.53485
1470 8.16456e-06 0.00163505 700 8.83838
1470 3.17148e-06 0.000656857 800 7.96813
1480 6.09864e-05 0.00111124 100 6.94444
1480 4.1288e-05 0.00303626 200 8.51064
1480 2.23166e-05 0.00390683 300 7.73196
1480 1.67375e-05 0.00323767 400 8.3682
1480 1.98221e-05 0.00348313 500 8.69565
1480 2.11746e-05 0.00190725 600 8.54701
1480 8.39956e-06 0.00150243 700 8.82724
1480 2.11432e-06 0.000452197 800 7.9602
1490 6.47779e-05 0.00135197 100 6.94444
1490 4.3262e-05 0.00256562 200 8.54701
1490 1.36175e-05 0.00334829 300 7.73196
1490 1.55849e-05 0.00317778 400 8.3682
1490 2.03679e-05 0.0033406 500 8.63558
1490 1.64381e-05 0.00206638 600 8.5592
1490 5.26635e-06 0.00165643 700 8.82724
1490 4.48515e-06 0.000449485 800 7.96813
1500 9.72897e-05 0.00558076 100 7.04225
1500 4.38776e-05 0.00455475 200 8.62069
1500 2.97457e-05 0.00467821 300 7.79221
1500 1.75204e-05 0.00435759 400 8.38574
1500 1.00068e-05 0.00416063 500 8.48896
1500 5.14694e-06 0.00363274 600 8.59599
1500 1.0896e-05 0.0030837 700 8.80503
1500 1.61716e-05 0.00108317 800 7.98403
1510 0.000289005 0.0334048 100 7.24638
1510 0.000162154 0.0318109 200 8.73362
1510 0.000112522 0.029001 300 7.87402
1510 8.26968e-05 0.0254529 400 8.43882
1510 4.70791e-05 0.0213171 500 8.33333
1510 4.5004e-05 0.0140132 600 8.64553
1510 5.10761e-05 0.0100095 700 8.77193
1510 4.37819e-05 0.00368859 800 8.00801
1520 7.04211e-05 0.00264767 100 7.46269
1520 3.6047e-05 0.00236679 200 8.84956
1520 2.01981e-05 0.00309479 300 7.97872
1520 1.434e-05 0.00358103 400 8.51064
1520 1.97257e-05 0.00329323 500 8.33333
1520 1.02939e-05 0.00261051 600 8.69565
1520 1.21621e-05 0.00228508 700 7.87402
1520 7.54964e-06 0.000535605 800 8.0402
1530 6.74819e-05 0.00212054 100 7.87402
1530 4.19327e-05 0.00270641 200 9.09091
1530 1.81972e-05 0.00319817 300 8.10811
1530 1.68263e-05 0.0035505 400 8.62069
1530 2.13732e-05 0.00313393 500 8.40336
1530 1.16519e-05 0.00246891 600 8.78477
1530 1.41415e-05 0.00209077 700 7.87402
1530 9.09405e-06 0.000466843 800 8.08898
1540 6.56916e-05 0.00370163 100 8.40336
1540 4.17189e-05 0.00315689 200 9.43396
1540 1.9934e-05 0.0035895 300 8.31025
1540 1.43919e-05 0.0040047 400 8.77193
1540 1.71942e-05 0.00377197 500 8.51789
1540 6.40789e-06 0.00314271 600 8.88889
1540 1.77841e-05 0.00256713 700 7.92752
1540 1.12874e-05 0.000646651 800 8.15494
1550 8.17053e-05 0.00103206 100 9.00901
1550 3.89862e-05 0.00243663 200 9.7561
1550 1.83422e-05 0.00261452 300 8.49858
1550 1.39716e-05 0.00311746 400 8.90869
1550 2.21403e-05 0.00276812 500 8.62069
1550 8.98875e-06 0.00227834 600 8.9955
1550 1.92933e-05 0.00191151 700 7.99087
1550 8.84485e-06 0.000439283 800 8.22199
1560 6.81849e-05 0.00337559 100 9.61539
1560 4.02648e-05 0.00335347 200 10.0503
1560 1.47386e-05 0.00361469 300 8.67052
1560 1.38645e-05 0.00411891 400 9.04977
1560 1.85804e-05 0.00386306 500 8.726
1560 6.85722e-06 0.00312042 600 9.09091
1560 1.9001e-05 0.00249411 700 8.03674
1560 1.08499e-05 0.000575207 800 8.28157
1570 5.67332e-05 0.00303638 100 10
1570 3.93666e-05 0.00287233 200 10.2564
1570 9.20712e-06 0.00334434 300 8.79765
1570 8.00469e-06 0.00395337 400 9.13242
1570 1.69709e-05 0.00377297 500 8.78735
1570 6.71079e-06 0.00307452 600 9.16031
1570 1.63738e-05 0.00229891 700 8.06452
1570 8.88687e-06 0.000474901 800 8.31601
1580 6.03971e-05 0.00115833 100 10.4167
1580 3.75057e-05 0.00209787 200 10.2564
1580 1.13932e-05 0.00266989 300 8.87574
1580 1.73924e-05 0.00330079 400 9.1954
1580 2.15952e-05 0.00301378 500 8.83392
1580 7.97361e-06 0.0024803 600 9.20245
1580 7.38213e-06 0.00167417 700 8.08314
1580 9.01175e-06 0.000266681 800 8.35073
1590 6.58729e-05 0.00298228 100 10.6383
1590 3.73464e-05 0.00269826 200 10.0503
1590 1.28158e-05 0.00374147 300 8.92857
1590 1.01399e-05 0.00419773 400 9.23787
1590 1.43525e-05 0.00397399 500 8.88099
1590 5.33646e-06 0.00327239 600 9.23077
1590 1.35079e-05 0.00216344 700 8.10185
1590 1.25383e-05 0.000365136 800 8.3682
1600 4.20036e-05 0.00247773 100 10.7527
1600 4.1288e-05 0.0033575 200 9.43396
1600 1.1039e-05 0.0037971 300 8.92857
1600 1.65585e-05 0.00421625 400 9.25926
1600 2.36402e-05 0.00370522 500 8.8968
1600 8.53524e-06 0.00302941 600 9.24499
1600 1.34538e-05 0.00181935 700 8.11124
1600 1.09183e-05 0.000334503 800 8.37696
1610 3.48703e-05 0.00210324 100 10.7527
1610 3.6212e-05 0.00297869 200 8.51064
1610 1.23955e-05 0.00374148 300 8.95522
1610 1.33721e-05 0.00428277 400 9.25926
1610 1.63411e-05 0.00355318 500 8.91266
1610 8.65084e-06 0.00297643 600 9.24499
1610 8.51463e-06 0.00159568 700 8.12065
1610 7.81633e-06 0.000232022 800 8.37696
1620 3.99676e-05 0.00191176 100 10.8696
1620 3.19256e-05 0.00299495 200 8.19672
1620 1.04218e-05 0.00404907 300 8.95522
1620 1.26859e-05 0.00460309 400 9.25926
1620 1.39481e-05 0.00371324 500 8.94454
1620 9.06213e-06 0.00313918 600 9.24499
1620 1.47972e-05 0.00139431 700 8.12065
1620 6.07293e-06 0.000376754 800 8.3682
1630 3.08816e-05 0.00198888 100 10.8696
1630 2.78363e-05 0.00373758 200 8.13008
1630 2.38654e-05 0.00480978 300 8.92857
1630 2.19727e-05 0.00553183 400 9.1954
1630 2.08994e-05 0.00418383 500 8.96057
1630 1.22342e-05 0.0035546 600 9.21659
1630 1.36869e-05 0.00150655 700 8.12065
1630 7.22179e-06 0.000546996 800 8.3682
1640 3.58812e-05 0.00254829 100 10.8696
1640 2.48976e-05 0.00411462 200 8.16327
1640 2.12214e-05 0.00527241 300 8.92857
1640 1.75629e-05 0.00552188 400 8.90869
1640 1.52857e-05 0.00433606 500 8.96057
1640 1.57172e-05 0.00367919 600 9.17431
1640 1.63887e-05 0.00142003 700 8.12065
1640 7.19595e-06 0.000780612 800 8.37696
1650 5.56727e-05 0.00277167 100 10.7527
1650 2.44141e-05 0.00449072 200 8.19672
1650 2.20179e-05 0.00583123 300 8.87574
1650 1.97965e-05 0.00589908 400 8.58369
1650 1.57466e-05 0.00445185 500 8.97666
1650 1.9241e-05 0.00400972 600 8.94188
1650 6.6175e-06 0.00142779 700 8.11124
1650 6.68607e-06 0.00100496 800 8.37696
1660 5.87969e-05 0.00278762 100 10.5263
1660 2.26407e-05 0.00454999 200 8.19672
1660 2.43598e-05 0.00588884 300 8.84956
1660 2.36704e-05 0.00574771 400 8.51064
1660 1.46159e-05 0.00433573 500 8.97666
1660 3.12021e-05 0.00373634 600 7.82269
1660 9.96295e-06 0.00127397 700 8.11124
1660 7.81633e-06 0.000877681 800 8.3682
1670 4.83374e-05 0.00266433 100 10.2041
1670 2.32896e-05 0.00430563 200 8.23045
1670 2.12214e-05 0.00542379 300 8.82353
1670 2.41688e-05 0.00508682 400 8.49257
1670 1.60763e-05 0.00388424 500 8.97666
1670 2.24499e-05 0.00303628 600 7.79221
1670 9.48765e-06 0.000989346 700 8.11124
1670 9.74656e-06 0.000809822 800 8.35073
1680 5.16749e-05 0.00274828 100 9.70874
1680 2.32896e-05 0.00476043 200 8.23045
1680 2.14696e-05 0.00555209 300 8.82353
1680 2.30323e-05 0.00505414 400 8.49257
1680 1.5625e-05 0.00397204 500 8.97666
1680 2.14079e-05 0.00288584 600 7.7821
1680 1.12043e-05 0.00103049 700 8.11124
1680 1.17404e-05 0.000939572 800 8.34202
1690 5.73601e-05 0.00238951 100 8.62069
1690 2.79432e-05 0.00426531 200 8.19672
1690 2.9161e-05 0.00510584 300 8.82353
1690 3.18088e-05 0.00433857 400 8.51064
1690 2.01798e-05 0.00345396 500 8.97666
1690 2.07162e-05 0.00233428 600 7.7821
1690 1.30499e-05 0.000950095 700 8.11124
1690 1.21612e-05 0.000806546 800 8.33333
1700 5.28158e-05 0.00327026 100 7.04225
1700 2.53719e-05 0.00442353 200 8.19672
1700 2.88413e-05 0.00526931 300 8.79765
1700 3.02234e-05 0.00422305 400 8.51064
1700 1.79805e-05 0.00351834 500 8.96057
1700 1.62354e-05 0.002093 600 7.7821
1700 1.34719e-05 0.000829556 700 8.10185
1700 1.38646e-05 0.000977071 800 8.33333
1710 3.78221e-05 0.00364331 100 6.49351
1710 2.60671e-05 0.00460366 200 8.16327
1710 2.83783e-05 0.00540074 300 8.77193
1710 2.76754e-05 0.0040374 400 8.52878
1710 1.70829e-05 0.00347633 500 8.94454
1710 1.66184e-05 0.00168177 600 7.7821
1710 1.1693e-05 0.000723216 700 8.09249
1710 1.31757e-05 0.00107117 800 8.33333
1720 4.85834e-05 0.00520776 100 6.41026
1720 1.38107e-05 0.00590271 200 8.13008
1720 1.98007e-05 0.00553019 300 8.69565
1720 2.31613e-05 0.00393593 400 8.54701
1720 1.40503e-05 0.00315339 500 8.92857
1720 1.78296e-05 0.00129657 600 7.77202
1720 1.31428e-05 0.00111032 700 8.08314
1720 2.02433e-05 0.00218032 800 8.33333
1730 1.89111e-05 0.00428274 100 6.45161
1730 2.79432e-05 0.00496545 200 8.13008
1730 3.2225e-05 0.00514758 300 8.37989
1730 2.63232e-05 0.0039245 400 8.54701
1730 1.48746e-05 0.00351115 500 8.86525
1730 1.57803e-05 0.00158831 600 7.77202
1730 1.17138e-05 0.00111511 700 8.09249
1730 1.64003e-05 0.00176254 800 8.32466
1740 2.71864e-05 0.00538499 100 6.53595
1740 1.19604e-05 0.00581235 200 8.13008
1740 3.14765e-05 0.00498929 300 8.02139
1740 2.02063e-05 0.00373905 400 8.58369
1740 1.48746e-05 0.00335596 500 8.69565
1740 1.41658e-05 0.00140439 600 7.7821
1740 1.13552e-05 0.00146577 700 8.10185
1740 1.98812e-05 0.00240267 800 8.31601
1750 2.29024e-05 0.00443473 100 6.62252
1750 2.62948e-05 0.00503892 200 8.13008
1750 3.93331e-05 0.0045542 300 7.97872
1750 2.92716e-05 0.00349983 400 8.62069
1750 3.12961e-05 0.00333556 500 7.44048
1750 1.10988e-05 0.00155735 600 7.79221
1750 1.04399e-05 0.00131006 700 8.11124
1750 1.61485e-05 0.0020031 800 8.32466
1760 3.90625e-05 0.00542808 100 6.71141
1760 2.59525e-05 0.00571132 200 8.16327
1760 3.86537e-05 0.00475804 300 7.97872
1760 2.56349e-05 0.00359846 400 8.65801
1760 3.06339e-05 0.00323858 500 7.4184
1760 1.31222e-05 0.00176704 600 7.80234
1760 1.58912e-05 0.00180402 700 8.12065
1760 1.94933e-05 0.00265604 800 8.34202
1770 3.68644e-05 0.00498615 100 6.84932
1770 3.4699e-05 0.00511686 200 8.23045
1770 4.05599e-05 0.00449541 300 8.0429
1770 2.48677e-05 0.00364642 400 8.69565
1770 2.91666e-05 0.00304748 500 7.42942
1770 1.19327e-05 0.00181685 600 7.8329
1770 1.54409e-05 0.0016215 700 8.13008
1770 1.69367e-05 0.00224168 800 8.3682
1780 5.75676e-05 0.00554593 100 7.04225
1780 4.22865e-05 0.00561594 200 8.3682
1780 4.49293e-05 0.00499154 300 8.10811
1780 2.79966e-05 0.00415872 400 8.77193
1780 2.55593e-05 0.00340585 500 7.46269
1780 1.38107e-05 0.0022048 600 7.87402
1780 1.25945e-05 0.00175528 700 8.15851
1780 1.78783e-05 0.00228295 800 8.40336
1790 3.96682e-05 0.0063218 100 7.24638
1790 3.52105e-05 0.00604861 200 8.54701
1790 4.15281e-05 0.00498426 300 8.21918
1790 2.43836e-05 0.00407965 400 8.86918
1790 2.46668e-05 0.00311281 500 7.5188
1790 1.57803e-05 0.00198473 600 7.92602
1790 1.66829e-05 0.00176445 700 8.19672
1790 1.827e-05 0.00251962 800 8.44773
1800 5.48095e-05 0.00427597 100 7.57576
1800 3.95177e-05 0.00409845 200 8.73362
1800 4.38249e-05 0.00298353 300 8.35655
1800 2.63515e-05 0.00295092 400 8.96861
1800 2.16393e-05 0.00246602 500 7.58725
1800 2.078e-05 0.00229399 600 7.97872
1800 1.93688e-05 0.00224086 700 8.24499
1800 2.0922e-05 0.00301066 800 8.50159
1810 6.25306e-05 0.00283117 100 7.93651
1810 4.60645e-05 0.00339035 200 9.00901
1810 5.71757e-05 0.00236523 300 8.52273
1810 2.82087e-05 0.00272911 400 9.11162
1810 2.15067e-05 0.00240358 500 7.65697
1810 2.48045e-05 0.00243098 600 8.05369
1810 1.80421e-05 0.00227603 700 8.31354
1810 1.94741e-05 0.00295771 800 8.56531
1820 6.64136e-05 0.00230623 100 8.47458
1820 4.64511e-05 0.003728 200 9.30233
1820 4.7842e-05 0.00255865 300 8.72093
1820 2.77292e-05 0.00279701 400 9.25926
1820 2.12614e-05 0.00236916 500 7.75194
1820 2.62824e-05 0.00226782 600 8.13008
1820 1.80016e-05 0.0021399 700 8.38323
1820 1.90682e-05 0.00286237 800 8.62999
1830 7.54866e-05 0.00247443 100 9.00901
1830 5.00341e-05 0.00434194 200 9.61539
1830 5.26656e-05 0.00329314 300 8.90208
1830 2.72686e-05 0.00336305 400 9.41177
1830 2.04613e-05 0.00270004 500 7.83699
1830 2.1112e-05 0.00229613 600 8.20793
1830 1.78114e-05 0.0020978 700 8.46433
1830 1.9117e-05 0.00275664 800 8.69565
1840 6.44088e-05 0.0023116 100 9.61539
1840 4.81522e-05 0.00398119 200 9.95025
1840 4.7341e-05 0.00284563 300 9.11854
1840 2.797e-05 0.0030457 400 9.56938
1840 2.07621e-05 0.00232722 500 7.92393
1840 1.85398e-05 0.00218211 600 8.28729
1840 1.85081e-05 0.00213536 700 8.53659
1840 1.94358e-05 0.00290212 800 8.77193
1850 7.05901e-05 0.00178925 100 10.2041
1850 5.37667e-05 0.00395204 200 10.3093
1850 4.97157e-05 0.00292503 300 9.28793
1850 2.69663e-05 0.003322 400 9.70874
1850 1.8296e-05 0.00254836 500 8.01282
1850 1.78482e-05 0.00236422 600 8.35655
1850 1.75638e-05 0.00228606 700 8.61009
1850 1.93494e-05 0.00294438 800 8.83002
1860 5.34886e-05 0.00239545 100 10.7527
1860 4.3262e-05 0.00361555 200 10.5263
1860 4.06578e-05 0.00191586 300 9.43396
1860 2.19388e-05 0.00216773 400 9.82801
1860 1.51918e-05 0.00128021 500 8.06452
1860 1.34709e-05 0.0015796 600 8.40336
1860 1.71006e-05 0.00190997 700 8.66337
1860 1.97024e-05 0.00274536 800 8.87902
1870 4.73407e-05 0.00298361 100 10.8696
1870 4.75293e-05 0.00411337 200 10.582
1870 4.08852e-05 0.0024486 300 9.52381
1870 1.75204e-05 0.0024251 400 9.85222
1870 1.16371e-05 0.00128494 500 8.09062
1870 1.31222e-05 0.00137392 600 8.42697
1870 1.81229e-05 0.0020173 700 8.68486
1880 4.50173e-05 0.00445727 100 10.8696
1880 4.86449e-05 0.00487171 200 10.1523
1880 3.83095e-05 0.00297463 300 9.55414
1880 1.33163e-05 0.00266581 400 9.80392
1880 1.32827e-05 0.00134122 500 8.09062
1880 1.19604e-05 0.00141189 600 8.42697
1880 1.90905e-05 0.00219385 700 8.6741
1890 4.02647e-05 0.00558946 100 10.6383
1890 5.33772e-05 0.00507745 200 9.04977
1890 3.468e-05 0.00297338 300 9.52381
1890 1.58692e-05 0.00264114 400 9.54654
1890 8.78907e-06 0.00106146 500 8.07754
1890 1.19881e-05 0.00135886 600 8.42697
1890 1.82965e-05 0.00215461 700 8.64198
1900 3.48703e-05 0.00570209 100 10.4167
1900 5.74642e-05 0.00422882 200 8.81057
1900 2.56832e-05 0.00265084 300 9.52381
1900 2.88873e-05 0.00230776 400 7.64818
1900 1.24296e-05 0.00121368 500 8.05153
1900 1.13057e-05 0.00164328 600 8.41515
1900 1.94064e-05 0.00256148 700 8.63132
1910 2.84715e-05 0.00656091 100 10.2041
1910 4.91932e-05 0.00467027 200 8.73362
1910 1.95313e-05 0.00287344 300 9.52381
1910 2.75134e-05 0.00203574 400 7.57576
1910 1.4681e-05 0.00106201 500 8.03859
1910 1.80877e-05 0.00177301 600 8.37989
1910 2.11578e-05 0.00286167 700 8.62069
1920 5.21342e-05 0.00609239 100 10.2041
1920 4.76545e-05 0.00411329 200 8.73362
1920 2.07799e-05 0.00265208 300 9.52381
1920 2.45663e-05 0.00173867 400 7.56144
1920 1.77402e-05 0.0016675 500 8.05153
1920 1.77924e-05 0.0021691 600 8.3682
1920 2.19479e-05 0.00324212 700 8.62069
1930 5.23624e-05 0.00694624 100 10.2041
1930 4.6707e-05 0.00392659 200 8.77193
1930 1.92581e-05 0.00251502 300 9.52381
1930 1.87528e-05 0.00153315 400 7.56144
1930 1.91865e-05 0.00159825 500 8.05153
1930 1.97002e-05 0.0021806 600 8.35655
1930 2.21466e-05 0.00335039 700 8.63132
1940 2.76214e-05 0.00712491 100 10.2041
1940 4.47519e-05 0.0038672 200 8.81057
1940 1.36175e-05 0.0024953 300 9.52381
1940 2.15274e-05 0.00172595 400 7.57576
1940 1.3102e-05 0.00203026 500 8.05153
1940 2.15621e-05 0.00283967 600 8.3682
1940 2.50731e-05 0.00419276 700 8.64198
1950 4.14321e-05 0.00668677 100 10.2041
1950 4.38096e-05 0.00283469 200 8.84956
1950 2.05878e-05 0.00223048 300 9.52381
1950 2.02063e-05 0.0015165 400 7.57576
1950 1.13045e-05 0.00241427 500 8.03859
1950 2.43328e-05 0.00329745 600 8.3682
1950 2.55347e-05 0.00456763 700 8.65266
1960 5.94021e-05 0.00659586 100 10.101
1960 4.48849e-05 0.00250416 200 8.88889
1960 1.42822e-05 0.00200784 300 9.49367
1960 1.70025e-05 0.00148999 400 7.57576
1960 1.30655e-05 0.00227063 500 8.03859
1960 2.4114e-05 0.00331669 600 8.37989
1970 6.78343e-05 0.00596685 100 9.43396
1970 4.37415e-05 0.00244508 200 8.96861
1970 1.13932e-05 0.00181078 300 9.46372
1970 1.86333e-05 0.00175134 400 7.59013
1970 1.30655e-05 0.00260243 500 8.05153
1970 2.55152e-05 0.00380988 600 8.37989
1980 7.65841e-05 0.00485802 100 8
1980 4.24272e-05 0.00212348 200 9.00901
1980 1.88409e-05 0.00245328 300 9.28793
1980 2.03898e-05 0.00284193 400 7.59013
1980 1.65152e-05 0.00354601 500 8.06452
1980 2.78247e-05 0.00467728 600 8.3682
1990 8.40073e-05 0.00411913 100 7.63359
1990 3.32964e-05 0.00179275 200 9.04977
1990 3.49084e-05 0.00182891 300 7.109
1990 2.27393e-05 0.00255253 400 7.60456
1990 1.84517e-05 0.00349589 500 8.07754
1990 2.77174e-05 0.00464868 600 8.3682
2000 9.77786e-05 0.003667 100 7.5188
2000 3.30268e-05 0.00155579 200 9.13242
2000 4.44849e-05 0.00224897 300 6.97674
2000 2.73504e-05 0.00332967 400 7.60456
2000 2.44142e-05 0.00414559 500 8.07754
2000 2.85994e-05 0.00540574 600 8.37989
2010 6.36642e-05 0.004971 100 7.57576
2010 2.62948e-05 0.00268938 200 9.13242
2010 4.35216e-05 0.00391017 300 6.94444
2010 3.13131e-05 0.0047359 400 7.61905
2010 2.64035e-05 0.00566306 500 8.06452
2010 3.08606e-05 0.00691441 600 8.39161
2020 6.58729e-05 0.00371481 100 7.57576
2020 3.18321e-05 0.00284636 200 9.17431
2020 4.71448e-05 0.00412637 300 6.94444
2020 3.48705e-05 0.00550185 400 7.63359
2020 3.34468e-05 0.00632966 500 8.05153
2020 3.35742e-05 0.00770345 600 8.40336
2030 7.14295e-05 0.00213684 100 7.63359
2030 2.65205e-05 0.00151198 200 9.13242
2030 3.77873e-05 0.0030958 300 6.94444
2030 3.32742e-05 0.00494848 400 7.63359
2030 3.26094e-05 0.00586434 500 8.05153
2030 3.2369e-05 0.00741452 600 8.40336
2040 6.64136e-05 0.00124841 100 7.69231
2040 3.155e-05 0.00167916 200 9.13242
2040 3.37509e-05 0.0035829 300 6.94444
2040 1.95313e-05 0.00540688 400 7.61905
2040 3.35748e-05 0.00644791 500 8.05153
2040 3.35939e-05 0.00803667 600 8.41515
2050 6.13761e-05 0.00117178 100 7.75194
2050 2.98012e-05 0.00185242 200 9.13242
2050 4.33692e-05 0.00416288 300 6.96056
2050 1.76475e-05 0.00575123 400 7.61905
2050 3.41243e-05 0.00697577 500 8.06452
2060 4.20036e-05 0.00099198 100 7.93651
2060 2.59525e-05 0.00251561 200 9.17431
2060 4.05273e-05 0.00496996 300 6.99301
2060 1.65585e-05 0.00610094 400 7.64818
2060 3.41103e-05 0.00732632 500 8.09062
2070 4.31239e-05 0.000896666 100 8.19672
2070 3.52951e-05 0.00311479 200 9.30233
2070 3.88587e-05 0.00563458 300 7.05882
2070 1.84323e-05 0.00675614 400 7.70713
2070 3.57752e-05 0.00802299 500 8.14332
2080 3.90625e-05 0.00180411 100 8.62069
2080 4.67708e-05 0.0047538 200 9.47867
2080 5.22109e-05 0.00695133 300 7.14286
2080 2.30969e-05 0.00798249 400 7.79727
2080 3.8769e-05 0.00925661 500 8.21018
2090 2.23759e-05 0.00145082 100 9.25926
2090 4.72147e-05 0.0045019 200 9.7561
2090 4.62656e-05 0.00655388 300 7.26392
2090 2.25087e-05 0.00753382 400 7.90514
2090 3.58684e-05 0.00874461 500 8.30565
2100 3.71864e-05 0.00226142 100 9.90099
2100 5.54046e-05 0.00559622 200 9.95025
2100 3.75411e-05 0.0073601 300 7.38916
2100 2.54013e-05 0.00842927 400 8.01603
2100 3.74425e-05 0.00960357 500 8.38926
2110 6.05942e-05 0.00365871 100 10.5263
2110 5.69432e-05 0.00719511 200 9.95025
2110 4.0034e-05 0.00849231 300 7.5
2110 3.14555e-05 0.00960671 400 8.11359
2110 3.74298e-05 0.0105785 500 8.47458
2120 5.81855e-05 0.00411308 100 10.989
2120 8.69714e-05 0.00778067 200 6.84932
2120 4.62369e-05 0.00892413 300 7.57576
2120 3.46562e-05 0.0103705 400 8.17996
2120 4.22082e-05 0.0115951 500 8.51789
2130 5.79803e-05 0.00683722 100 11.236
2130 0.000104812 0.00992924 200 6.68896
2130 5.23123e-05 0.0103676 300 7.59494
2130 3.34306e-05 0.0112441 400 8.21355
2130 4.03009e-05 0.0123598 500 8.54701
2140 6.13761e-05 0.00698557 100 11.3636
2140 9.27105e-05 0.00998314 200 6.64452
2140 5.02194e-05 0.0104565 300 7.61421
2140 3.31621e-05 0.0112879 400 8.19672
2140 3.9476e-05 0.012469 500 8.56164
2150 6.05942e-05 0.00614296 100 11.3636
2150 7.95622e-05 0.00880256 200 6.62252
2150 4.47224e-05 0.0096571 300 7.61421
2150 4.00052e-05 0.0104841 400 8.14664
2150 3.99563e-05 0.0117678 500 8.56164
2160 7.07588e-05 0.00699343 100 11.236
2160 6.79225e-05 0.00917669 200 6.62252
2160 4.2443e-05 0.00996557 300 7.59494
2160 3.76447e-05 0.0105875 400 8.13008
2160 3.66964e-05 0.0117287 500 8.56164
2170 6.87074e-05 0.00749903 100 11.1111
2170 6.8447e-05 0.00923265 200 6.60066
2170 2.48444e-05 0.00983501 300 7.57576
2170 4.17371e-05 0.0106998 400 8.13008
2170 3.75316e-05 0.0119374 500 8.54701
2180 7.12625e-05 0.00723042 100 10.8696
2180 6.85341e-05 0.00881941 200 6.57895
2180 1.76803e-05 0.00951417 300 7.53769
2180 4.40475e-05 0.0104743 400 8.13008
2190 8.48545e-05 0.00835999 100 10.5263
2190 6.18601e-05 0.00949305 200 6.55738
2190 2.14696e-05 0.00982668 300 7.5188
2190 4.10531e-05 0.0104835 400 8.09717
2200 9.61806e-05 0.00766427 100 9.90099
2200 5.09783e-05 0.00875548 200 6.53595
2200 2.75734e-05 0.0092183 300 7.5188
2200 4.19863e-05 0.0100784 400 8.06452
2210 0.000130291 0.00825832 100 4.90196
2210 5.31534e-05 0.00864549 200 6.51466
2210 3.08817e-05 0.00935014 300 7.5188
2210 3.96874e-05 0.0100915 400 8.03213
2220 0.000152936 0.00853617 100 4.69484
2220 6.10843e-05 0.00944794 200 6.49351
2220 4.21926e-05 0.0100357 300 7.4813
2220 4.83073e-05 0.0111937 400 8.03213
2230 8.0233e-05 0.00715321 100 4.65116
2230 5.60995e-05 0.00829172 200 6.49351
2230 3.72933e-05 0.00822229 300 7.44417
2230 4.05234e-05 0.00918149 400 8.03213
2240 8.12664e-05 0.00681249 100 4.65116
2240 5.40982e-05 0.00847131 200 6.51466
2240 4.2318e-05 0.00836203 300 7.42574
2240 4.4719e-05 0.00959164 400 8.04829
2250 7.75124e-05 0.00728525 100 4.65116
2250 3.8833e-05 0.00803292 200 6.51466
2250 4.37341e-05 0.0077306 300 7.42574
2250 4.03945e-05 0.00885827 400 8.06452
2260 6.42235e-05 0.00799894 100 4.6729
2260 1.35932e-05 0.00809275 200 6.51466
2260 4.4036e-05 0.00795095 300 7.44417
2260 4.56752e-05 0.00908788 400 8.06452
2270 7.27524e-05 0.00961495 100 4.6729
2270 1.76052e-05 0.00821426 200 6.49351
2270 4.11758e-05 0.00809459 300 7.46269
2280 6.29107e-05 0.00899978 100 4.71698
2280 1.89111e-05 0.00708743 200 6.53595
2280 4.07879e-05 0.0069678 300 7.4813
2290 6.87074e-05 0.00825872 100 4.7619
2290 3.17383e-05 0.00587974 200 6.57895
2290 4.62083e-05 0.0061844 300 7.5188
2300 6.76584e-05 0.00753827 100 4.85437
2300 3.68645e-05 0.00504404 200 6.68896
2300 4.57473e-05 0.00568495 300 7.57576
2310 7.12625e-05 0.00910221 100 5
2310 4.20746e-05 0.00629285 200 6.82594
2310 4.48112e-05 0.00658686 300 7.69231
2320 8.9237e-05 0.0067854 100 5.18135
2320 4.68981e-05 0.00406733 200 7.01754
2320 4.56314e-05 0.00487832 300 7.8329
2330 0.000102888 0.00680173 100 5.43478
2330 4.7025e-05 0.00402073 200 7.24638
2330 4.81456e-05 0.00526386 300 8.02139
2340 8.8701e-05 0.00926709 100 5.74713
2340 3.95177e-05 0.00609473 200 7.5188
2340 4.70604e-05 0.00649757 300 8.24176
2350 0.000108856 0.00666465 100 6.09756
2350 5.00937e-05 0.00399031 200 7.8125
2350 4.96891e-05 0.00545881 300 8.47458
2360 9.58081e-05 0.00803147 100 6.49351
2360 4.28466e-05 0.00507377 200 8.13008
2360 4.76756e-05 0.00590472 300 8.72093
2370 8.40073e-05 0.00996291 100 6.94444
2370 3.63762e-05 0.00696578 200 8.47458
2370 4.638e-05 0.0071921 300 8.98204
2380 9.56836e-05 0.00771267 100 7.46269
2380 4.3193e-05 0.00478936 200 8.84956
2380 4.75086e-05 0.0056916 300 9.25926
2390 9.66751e-05 0.00778474 100 8.06452
2390 4.30548e-05 0.0049582 200 9.25926
2390 4.77866e-05 0.00586499 300 9.55414
2400 9.91107e-05 0.00754578 100 8.77193
2400 4.45516e-05 0.00484562 200 9.70874
2400 4.85565e-05 0.00588179 300 9.86842
2410 0.00011188 0.00706848 100 9.43396
2410 4.52815e-05 0.00411274 200 10.101
2410 4.49882e-05 0.00518056 300 10.101
2420 0.00011729 0.00481212 100 10
2420 6.15703e-05 0.00364132 200 10.3627
2420 5.42025e-05 0.00528138 300 10.3093
2430 0.000108636 0.00445482 100 10.4167
2430 7.08014e-05 0.00465153 200 10.582
2430 5.51714e-05 0.00615443 300 10.453
2440 0.000111131 0.00523956 100 10.6383
2440 6.80102e-05 0.00395754 200 10.582
2440 5.20839e-05 0.00495385 300 10.5263
2450 0.000114721 0.00585439 100 10.6383
2450 4.38096e-05 0.00383528 200 10.5263
2450 4.9609e-05 0.00471468 300 10.5634
2460 8.74831e-05 0.00462592 100 10.6383
2460 5.43181e-05 0.00392765 200 10.4712
2460 4.7842e-05 0.00473093 300 10.6007
2470 4.78416e-05 0.00625363 100 10.6383
2470 4.70883e-05 0.00452698 200 10.5263
2470 4.66363e-05 0.0059809 300 10.6007
2480 0.000117999 0.00347378 100 10.5263
2480 4.98551e-05 0.00385463 200 10.5263
2490 8.40073e-05 0.00342499 100 10.5263
2490 4.88283e-05 0.00351923 200 10.5263
2500 7.91861e-05 0.00401909 100 10.5263
2500 4.24974e-05 0.00278936 200 10.4712
2510 1.82698e-05 0.00540123 100 10.6383
2510 3.89862e-05 0.00440648 200 10.4167
2520 6.29107e-05 0.00418816 100 10.6383
2520 5.14438e-05 0.00262781 200 10.4167
2530 3.52105e-05 0.00558676 100 10.5263
2530 3.77433e-05 0.00452173 200 10.4167
2540 1.09183e-05 0.00806758 100 10.2041
2540 3.30268e-05 0.00744862 200 10.4167
2550 4.88282e-05 0.00588066 100 10.101
2550 4.39455e-05 0.00649563 200 10.4712
2560 0.000133544 0.00847023 100 10.2041
2560 9.52476e-05 0.0111809 200 10.5263
2570 0.000116372 0.00794918 100 10.3093
2570 8.18882e-05 0.0100533 200 10.582
2580 0.000115755 0.0102045 100 10.4167
2590 0.00010381 0.00864156 100 10.3093
2600 8.61096e-05 0.00693319 100 10.101
2610 9.58081e-05 0.00726361 100 10
2620 5.79803e-05 0.00776619 100 10.101
2630 7.30794e-05 0.0106273 100 10.3093
2640 4.22864e-05 0.00862271 100 10.5263
2650 4.08526e-05 0.00712403 100 10.6383
2660 5.81855e-05 0.00594915 100 10.6383
