0 7.00817e-05 0.00476511 100 6.28931
0 5.44278e-05 0.00102202 200 6.66667
0 4.45444e-05 0.00257724 300 7.19424
0 6.08778e-05 0.00225993 400 7.31261
0 6.88424e-05 0.00549247 500 7.58725
10 4.65791e-05 0.00511831 100 6.21118
10 4.42832e-05 0.00307202 200 6.66667
10 4.45741e-05 0.00368871 300 7.19424
10 5.92778e-05 0.00166966 400 7.29927
10 6.67103e-05 0.00415969 500 7.57576
20 4.36732e-05 0.006643 100 6.13497
20 4.87061e-05 0.00385544 200 6.66667
20 5.29915e-05 0.00405065 300 7.19424
20 6.16924e-05 0.00241374 400 7.29927
20 7.12125e-05 0.0048346 500 7.55287
30 4.9314e-05 0.00715539 100 5.95238
30 4.24974e-05 0.0051136 200 6.68896
30 5.40066e-05 0.0043623 300 7.21154
30 6.05095e-05 0.00233911 400 7.31261
30 7.14866e-05 0.00465652 500 7.54148
40 4.47518e-05 0.00835055 100 5.84795
40 3.58813e-05 0.00666619 200 6.73401
40 5.16753e-05 0.00498525 300 7.24638
40 6.35017e-05 0.00190206 400 7.32601
40 7.09912e-05 0.00391096 500 7.5188
50 3.65396e-05 0.00772456 100 5.84795
50 3.67025e-05 0.00641147 200 6.77966
50 5.51954e-05 0.00422719 300 7.28155
50 6.39694e-05 0.00180847 400 7.36648
50 7.09239e-05 0.00495384 500 7.48503
60 5.94021e-05 0.00756369 100 5.98802
60 4.56747e-05 0.0064936 200 6.89655
60 5.82317e-05 0.00449553 300 7.35294
60 6.25679e-05 0.0027104 400 7.43494
60 7.383e-05 0.00591794 500 7.42942
70 6.07906e-05 0.00708494 100 6.21118
70 3.52951e-05 0.00598546 200 7.04225
70 6.1139e-05 0.00351711 300 7.4813
70 6.42947e-05 0.00163326 400 7.5188
70 7.88712e-05 0.00602234 500 7.4184
80 7.67396e-05 0.005636 100 6.45161
80 4.07065e-05 0.00490779 200 7.22022
80 5.8504e-05 0.00210144 300 7.61421
80 6.59877e-05 0.00170452 400 7.61905
80 7.95876e-05 0.00697526 500 7.44048
90 8.0233e-05 0.00457313 100 6.71141
90 3.82921e-05 0.00397498 200 7.38007
90 7.01773e-05 0.00107611 300 7.75194
90 6.96037e-05 0.0029711 400 7.72201
90 8.05052e-05 0.00815162 500 7.44048
100 8.73467e-05 0.0032518 100 6.89655
100 4.60645e-05 0.00355807 200 7.5188
100 6.75614e-05 0.00104968 300 7.8329
100 7.06978e-05 0.00312418 400 7.79727
100 8.80983e-05 0.00802954 500 7.34214
110 6.85337e-05 0.00555446 100 6.89655
110 4.27073e-05 0.0064826 200 7.54717
110 5.82089e-05 0.0041014 300 7.89474
110 6.58747e-05 0.0017759 400 7.85855
120 4.39454e-05 0.00682287 100 6.84932
120 3.45268e-05 0.00768468 200 7.57576
120 5.66404e-05 0.0046167 300 7.89474
120 6.65275e-05 0.00122565 400 7.90514
130 5.45916e-05 0.00654668 100 6.84932
130 3.71865e-05 0.00733683 200 7.57576
130 5.80494e-05 0.00409983 300 7.8125
130 6.92496e-05 0.00109126 400 7.92079
140 4.73407e-05 0.00836088 100 6.89655
140 3.99676e-05 0.00798365 200 7.63359
140 5.7752e-05 0.00438581 300 7.75194
140 7.22822e-05 0.0010867 400 7.93651
150 5.63114e-05 0.00892102 100 6.99301
150 3.82921e-05 0.00859817 200 7.66284
150 5.99356e-05 0.00483541 300 7.71208
150 6.80885e-05 0.0012755 400 7.96813
160 4.47518e-05 0.00812786 100 7.04225
160 3.97433e-05 0.00816746 200 7.72201
160 6.00901e-05 0.00414667 300 7.71208
160 7.256e-05 0.00171424 400 7.98403
170 4.88282e-05 0.00802022 100 7.14286
170 4.59349e-05 0.00681118 200 7.7821
170 6.52881e-05 0.00274487 300 7.73196
170 7.48151e-05 0.00221217 400 8
180 4.58049e-05 0.00787932 100 7.24638
180 5.5189e-05 0.00581827 200 7.84314
180 7.0045e-05 0.00171382 300 7.77202
180 7.80805e-05 0.00312811 400 8
190 6.09864e-05 0.00809396 100 7.40741
190 6.6099e-05 0.0050117 200 7.93651
190 7.20953e-05 0.000700995 300 7.8329
190 8.28679e-05 0.00400752 400 8.03213
200 5.14437e-05 0.0105641 100 7.57576
200 5.87972e-05 0.00617326 200 8.06452
200 6.80109e-05 0.00170342 300 7.91557
200 7.95741e-05 0.00315345 400 8.06452
210 5.81855e-05 0.0122008 100 7.8125
210 5.19626e-05 0.00710022 200 8.16327
210 7.1338e-05 0.00233658 300 7.97872
210 7.86415e-05 0.00255157 400 8.08081
220 4.14321e-05 0.0116899 100 8
220 6.5328e-05 0.00601096 200 8.26446
220 7.37304e-05 0.00178238 300 8.02139
220 8.1178e-05 0.0043399 400 8.01603
230 2.18366e-05 0.0130531 100 8.06452
230 6.40844e-05 0.00710402 200 8.29876
230 6.72076e-05 0.00273245 300 8.06452
230 8.43651e-05 0.00355186 400 7.7821
240 4.31239e-05 0.0140662 100 8.13008
240 6.42702e-05 0.00792619 200 8.3682
240 6.62947e-05 0.00314625 300 8.10811
240 8.06716e-05 0.0030705 400 7.57576
250 6.05942e-05 0.0155759 100 8.19672
250 6.10843e-05 0.00900534 200 8.43882
250 6.95516e-05 0.0041717 300 8.17439
260 7.2424e-05 0.0145843 100 8.33333
260 6.74823e-05 0.00826218 200 8.51064
260 7.53651e-05 0.00351936 300 8.26446
270 6.5145e-05 0.014015 100 8.33333
270 7.05061e-05 0.00805378 200 8.43882
270 7.57683e-05 0.00334286 300 8.31025
280 7.22592e-05 0.0136006 100 8.40336
280 7.09275e-05 0.00809322 200 8.23045
280 7.49421e-05 0.00379486 300 8.33333
290 7.90354e-05 0.0146275 100 8.40336
290 6.28162e-05 0.00882285 200 8.13008
290 7.86675e-05 0.00427414 300 8.33333
300 4.68343e-05 0.0142129 100 8.40336
300 6.99544e-05 0.00793574 200 8.06452
300 8.08269e-05 0.00362711 300 8.31025
310 5.58864e-05 0.0138939 100 8.40336
310 7.20945e-05 0.00751127 200 8
310 8.03832e-05 0.00366431 300 8.28729
320 7.25884e-05 0.0116712 100 8.47458
320 8.12671e-05 0.00548246 200 8
320 9.08284e-05 0.00364528 300 8.24176
330 0.000100544 0.00899525 100 8.47458
330 9.18709e-05 0.00395893 200 8.03213
330 0.000104145 0.00583652 300 8.19672
340 9.9351e-05 0.00679011 100 8.47458
340 0.000100723 0.0035879 200 8
340 0.000104994 0.00775051 300 8.06452
350 0.000100544 0.00710996 100 8.40336
350 9.75967e-05 0.00416929 200 8
350 0.000109853 0.00874014 300 7.75194
360 0.000113046 0.00640653 100 8.47458
360 0.000103582 0.00436904 200 8.03213
360 0.000113577 0.00971277 300 7.42574
370 0.000122656 0.00718036 100 8.54701
370 0.00010992 0.00534327 200 8.13008
380 0.000132828 0.00652834 100 8.54701
380 0.00012151 0.00662727 200 8.19672
390 0.000136894 0.00661347 100 8.33333
390 0.000124658 0.00715736 200 8.23045
400 0.000136283 0.00707642 100 7.93651
400 0.000122415 0.00783194 200 8.23045
410 0.000145178 0.00706134 100 7.69231
410 0.000128844 0.00891071 200 8.23045
420 0.000121386 0.00679516 100 7.57576
420 0.000120945 0.00706779 200 8.19672
430 0.000121582 0.00740326 100 7.5188
430 0.000115344 0.00706285 200 8.16327
440 9.69214e-05 0.00705038 100 7.5188
440 0.000111428 0.00679024 200 8.06452
450 0.000117594 0.00689505 100 7.5188
450 0.000112334 0.00703841 200 7.96813
460 0.000103119 0.00682166 100 7.5188
460 0.000105492 0.00646976 200 7.75194
470 9.18699e-05 0.00790509 100 7.57576
470 0.000124371 0.00769642 200 7.27273
480 9.58081e-05 0.00716345 100 7.57576
480 0.000129191 0.00699726 200 6.75676
490 0.000102423 0.00833333 100 7.69231
500 0.000121582 0.00766548 100 7.87402
510 0.000115549 0.0078735 100 8.06452
520 0.000113572 0.0074141 100 8.33333
530 0.000122071 0.00697436 100 8.54701
540 0.000143443 0.00657152 100 8.77193
550 0.000127329 0.00737608 100 8.84956
560 0.000120893 0.00772805 100 8.77193
570 0.000128076 0.0081883 100 8.62069
580 0.000124297 0.00803612 100 8.40336
590 0.000125632 0.00797874 100 8
600 0.000174831 0.00787884 100 6.99301
610 0.000181916 0.00684696 100 6.06061
