1.66533e-16 2.22045e-16 0 -2.98023e-08
0.0598755 0.43054 0.0552134 0.442143
0.240194 0.981257 0.244292 1.01628
0.531827 1.62004 0.561359 1.67392
0.999102 2.28691 1.03352 2.413
1.6342 2.94802 1.67189 3.04782
2.4659 3.5799 2.54472 3.73224
3.50761 4.20225 3.61026 4.34981
4.7942 4.79182 4.91855 4.94309
6.32974 5.33072 6.49688 5.48801
8.10924 5.87803 8.30262 6.04642
10.112 6.4497 10.3278 6.60559
12.3115 7.00076 12.542 7.15011
14.6499 7.51232 14.9024 7.65911
17.046 7.93347 17.2946 8.04529
19.4958 8.22821 19.7715 8.35044
21.9927 8.30631 22.3446 8.39692
24.5048 8.12487 24.8691 8.17765
26.9916 7.67984 27.3896 7.66534
29.438 6.99772 29.879 6.96543
31.783 6.15769 32.1888 6.09852
34.0615 5.1358 34.4619 5.06975
36.2491 3.96323 36.6964 3.85464
38.3394 2.75641 38.7495 2.67924
40.387 1.47658 40.8151 1.39196
42.5075 0.121543 42.9292 0.0302153
44.7985 -1.25557 45.1773 -1.31803
47.2534 -2.65271 47.6654 -2.7454
49.8291 -4.1198 50.2231 -4.21382
52.4966 -5.6542 52.8851 -5.76711
55.1975 -7.20142 55.5573 -7.29131
57.889 -8.73335 58.2089 -8.81314
60.5683 -10.2372 60.8853 -10.316
63.209 -11.7206 63.512 -11.8187
65.7947 -13.2456 66.1008 -13.3491
68.3062 -14.7894 68.6218 -14.8891
70.7749 -16.3593 71.0894 -16.4567
73.2072 -17.9304 73.5247 -18.0399
75.5852 -19.5001 75.8964 -19.5978
77.9762 -21.0457 78.27 -21.1326
80.3597 -22.55 80.6452 -22.6288
82.7216 -24.0456 82.9891 -24.1091
85.1309 -25.4572 85.4103 -25.5465
87.5835 -26.7635 87.8748 -26.8618
90.052 -27.9625 90.3544 -28.0675
92.5673 -29.0556 92.8266 -29.1551
95.0916 -30.0422 95.3545 -30.1483
97.628 -31 97.9254 -31.1272
100.185 -31.9141 100.438 -32.0471
102.739 -32.7462 102.928 -32.8685
105.307 -33.5536 105.462 -33.7038
107.89 -34.2985 108.012 -34.4573
110.487 -34.9932 110.604 -35.1626
113.094 -35.6311 113.204 -35.8117
115.715 -36.2182 115.8 -36.3949
118.337 -36.7945 118.404 -36.9676
120.956 -37.3113 120.99 -37.4852
123.575 -37.8087 123.581 -37.9728
126.178 -38.3059 126.162 -38.4552
128.749 -38.7892 128.715 -38.931
131.294 -39.2548 131.238 -39.3854
133.8 -39.6976 133.738 -39.8272
136.267 -40.1528 136.229 -40.2911
138.706 -40.5712 138.663 -40.7204
141.108 -40.9186 141.031 -41.0751
143.486 -41.1841 143.371 -41.3442
145.827 -41.3448 145.75 -41.5134
148.117 -41.3901 148.001 -41.555
150.395 -41.3378 150.239 -41.5141
152.64 -41.2432 152.478 -41.4435
154.896 -41.172 154.713 -41.4098
157.139 -41.1293 156.894 -41.396
159.364 -41.123 159.069 -41.4181
161.542 -41.1434 161.224 -41.4712
163.691 -41.1846 163.343 -41.5462
165.795 -41.1698 165.409 -41.5638
167.853 -41.0367 167.459 -41.4494
169.861 -40.8143 169.495 -41.2429
171.786 -40.4987 171.446 -40.9314
173.657 -40.1008 173.332 -40.5273
175.466 -39.6434 175.154 -40.0802
177.238 -39.1767 176.916 -39.6219
179.051 -38.6378 178.716 -39.0979
180.842 -38.1301 180.539 -38.5994
182.654 -37.5851 182.348 -38.068
184.499 -36.9942 184.206 -37.5028
186.326 -36.3363 186.061 -36.8643
188.18 -35.5867 187.912 -36.1484
190.033 -34.745 189.768 -35.3452
191.951 -33.867 191.69 -34.4758
193.922 -32.9843 193.676 -33.6061
195.982 -32.092 195.722 -32.7141
198.045 -31.1795 197.801 -31.8029
200.096 -30.2827 199.861 -30.9085
202.149 -29.3776 201.928 -30.0133
204.205 -28.4904 203.986 -29.1413
206.28 -27.6834 206.068 -28.3567
208.395 -26.9494 208.178 -27.6452
210.511 -26.2483 210.293 -26.9582
212.653 -25.5427 212.426 -26.2684
214.826 -24.8416 214.602 -25.5672
217.026 -24.1154 216.787 -24.8479
219.237 -23.3179 218.978 -24.0947
221.445 -22.466 221.137 -23.28
223.667 -21.584 223.356 -22.4338
225.888 -20.6876 225.556 -21.5666
228.072 -19.7616 227.749 -20.6601
230.22 -18.8134 229.92 -19.7178
232.38 -17.8196 232.105 -18.7332
234.568 -16.818 234.291 -17.7582
236.713 -15.8099 236.443 -16.7598
238.852 -14.7652 238.615 -15.7266
241.017 -13.6835 240.746 -14.6748
243.189 -12.5787 242.892 -13.6033
245.304 -11.4687 245.037 -12.5107
247.468 -10.3497 247.209 -11.3917
249.645 -9.23101 249.391 -10.2959
251.806 -8.09011 251.573 -9.16977
253.961 -6.93893 253.758 -8.03325
256.101 -5.75564 255.921 -6.86176
258.215 -4.54363 258.054 -5.65011
260.308 -3.27295 260.184 -4.36882
262.344 -1.88306 262.224 -3.00042
264.303 -0.414263 264.206 -1.52819
266.252 1.06853 266.18 -0.0515696
268.266 2.44733 268.242 1.31578
270.325 3.75947 270.316 2.59726
272.42 5.02229 272.435 3.83662
274.561 6.26691 274.597 5.08015
276.694 7.48334 276.756 6.30267
278.872 8.7038 278.944 7.53113
281.098 9.93507 281.181 8.74614
283.337 11.2198 283.406 10.0164
285.578 12.5449 285.634 11.3158
287.832 13.9115 287.884 12.6807
290.089 15.3963 290.126 14.1491
292.312 16.933 292.337 15.6591
294.494 18.4816 294.549 17.238
296.721 20.0909 296.774 18.8865
298.978 21.8049 298.985 20.6274
301.361 23.6338 301.145 22.4422
303.645 25.4875 303.293 24.2988
305.87 27.4276 305.432 26.1995
308.019 29.387 307.522 28.1086
310.141 31.3745 309.584 30.0693
312.195 33.3994 311.637 32.0615
314.189 35.4472 313.609 34.101
316.139 37.5173 315.576 36.148
318.049 39.6281 317.49 38.2408
319.943 41.7286 319.364 40.3074
321.829 43.8226 321.217 42.3745
323.748 45.9343 323.134 44.4797
325.707 48.018 325.067 46.5426
327.74 50.0809 327.097 48.5722
329.84 52.1179 329.219 50.5768
331.998 54.0887 331.374 52.5416
334.23 56.0461 333.616 54.489
336.5 57.9952 335.905 56.4256
338.817 59.9256 338.225 58.3313
341.178 61.8334 340.601 60.2116
343.555 63.7223 342.987 62.0772
345.958 65.5768 345.395 63.9008
348.387 67.4182 347.813 65.7043
350.802 69.2292 350.256 67.5187
353.254 71.0388 352.701 69.3196
355.699 72.8449 355.144 71.1227
358.142 74.6509 357.567 72.9179
360.583 76.4529 359.996 74.7337
363.026 78.2559 362.425 76.5195
365.452 80.0447 364.851 78.2809
367.845 81.8234 367.252 80.0492
370.166 83.5798 369.568 81.7822
372.393 85.2882 371.802 83.4839
374.498 86.9445 373.912 85.1247
376.478 88.4956 375.881 86.6677
378.371 89.9337 377.778 88.1029
380.183 91.3009 379.591 89.4463
381.933 92.5737 381.327 90.6951
383.661 93.7636 383.064 91.8939
385.476 94.9219 384.873 93.0314
387.359 96.0294 386.762 94.1202
389.298 97.0863 388.711 95.1597
391.334 98.175 390.763 96.2262
393.414 99.267 392.858 97.2942
395.55 100.323 395.018 98.3358
397.704 101.323 397.171 99.3077
399.824 102.28 399.289 100.236
401.917 103.141 401.37 101.066
403.951 103.903 403.389 101.805
405.96 104.591 405.387 102.46
408.011 105.108 407.436 102.953
410.135 105.485 409.582 103.315
412.361 105.791 411.82 103.607
414.625 106.059 414.071 103.868
416.897 106.298 416.331 104.101
419.164 106.507 418.561 104.293
421.493 106.727 420.866 104.487
423.737 106.948 423.065 104.695
425.977 107.192 425.299 104.918
428.103 107.42 427.412 105.14
430.149 107.671 429.449 105.358
432.117 107.908 431.402 105.558
434.026 108.008 433.302 105.623
435.758 108.009 435.025 105.577
437.299 107.93 436.579 105.458
438.581 107.769 437.855 105.254
439.666 107.607 438.925 105.076
440.609 107.409 439.858 104.852
441.399 107.289 440.637 104.723
441.993 107.179 441.226 104.589
442.449 107.111 441.674 104.49
442.906 107.039 442.125 104.383
443.347 107.014 442.566 104.327
443.836 106.989 443.049 104.27
444.473 106.99 443.682 104.24
445.206 106.946 444.416 104.163
446.013 106.953 445.216 104.138
446.903 107.034 446.106 104.189
447.89 107.21 447.071 104.328
448.987 107.447 448.169 104.535
450.19 107.822 449.346 104.852
451.491 108.402 450.685 105.288
452.929 109.085 452.142 105.851
454.502 109.798 453.712 106.537
456.158 110.667 455.366 107.383
457.972 111.646 457.138 108.358
459.877 112.736 459.017 109.44
461.883 113.915 460.999 110.6
463.989 115.182 463.085 111.84
466.176 116.518 465.265 113.149
468.435 117.925 467.511 114.524
470.781 119.404 469.851 115.966
473.219 120.927 472.289 117.465
475.743 122.511 474.809 119.016
478.344 124.16 477.389 120.627
480.992 125.864 480.051 122.304
483.68 127.593 482.771 124.013
486.448 129.274 485.588 125.661
489.32 130.827 488.525 127.169
492.283 132.213 491.549 128.504
495.358 133.438 494.679 129.659
498.514 134.41 497.833 130.553
501.751 135.064 501.122 131.183
505.042 135.428 504.447 131.504
508.395 135.557 507.819 131.588
511.77 135.476 511.228 131.469
515.185 135.299 514.606 131.229
518.623 135.098 518.033 130.964
522.145 134.847 521.518 130.667
525.734 134.579 525.115 130.322
529.399 134.294 528.777 129.982
533.134 134.01 532.51 129.634
536.937 133.686 536.305 129.251
540.806 133.326 540.189 128.832
544.802 132.892 544.144 128.377
548.848 132.416 548.173 127.849
552.948 131.901 552.246 127.281
557.104 131.328 556.345 126.663
561.318 130.707 560.542 126.007
565.6 130.051 564.811 125.291
569.942 129.367 569.136 124.548
574.352 128.667 573.559 123.786
578.78 127.954 578.009 122.998
583.237 127.259 582.442 122.224
587.713 126.567 586.91 121.432
592.202 125.885 591.384 120.656
596.684 125.215 595.875 119.901
601.15 124.558 600.353 119.164
605.602 123.87 604.83 118.417
610.039 123.194 609.254 117.695
614.484 122.547 613.696 116.987
618.926 121.903 618.112 116.296
623.35 121.254 622.539 115.598
627.742 120.615 626.945 114.917
632.072 120.017 631.231 114.29
636.319 119.413 635.489 113.652
640.484 118.825 639.67 113.034
644.498 118.256 643.718 112.423
648.278 117.698 647.518 111.835
651.817 117.176 651.067 111.286
655.065 116.712 654.33 110.803
657.981 116.314 657.244 110.379
660.526 115.965 659.79 110.012
662.701 115.631 661.976 109.683
664.544 115.185 663.822 109.231
666.221 114.558 665.485 108.567
667.731 113.722 666.953 107.667
668.815 112.652 668.124 106.56
669.722 111.421 668.993 105.291
670.375 110.04 669.63 103.893
670.744 108.532 669.953 102.375
670.854 106.906 670.004 100.748
670.48 105.204 669.722 99.0655
669.886 103.505 669.078 97.3663
668.934 101.812 668.11 95.6977
667.713 100.129 666.882 94.0505
666.285 98.4318 665.473 92.3445
664.692 96.7302 663.914 90.6583
662.951 95.0695 662.183 89.0037
661.045 93.5151 660.303 87.464
658.978 92.1081 658.238 86.0735
656.784 90.7968 656.061 84.794
654.502 89.4451 653.785 83.4822
652.178 88.0606 651.424 82.0901
649.787 86.6227 649.085 80.7012
647.362 85.1086 646.644 79.1863
644.842 83.5499 644.118 77.6378
642.252 81.9483 641.578 76.0599
639.681 80.3244 639.068 74.4731
637.149 78.6584 636.556 72.8323
634.667 76.9938 634.074 71.1635
632.252 75.3551 631.67 69.5478
629.88 73.7386 629.285 67.9459
627.591 72.1636 627.005 66.3977
625.387 70.61 624.827 64.8844
623.318 69.1157 622.793 63.4468
621.411 67.7092 620.911 62.0911
619.67 66.437 619.188 60.866
618.154 65.2891 617.677 59.7545
616.867 64.3276 616.411 58.821
615.82 63.5309 615.372 58.0459
614.974 62.9321 614.537 57.4401
614.331 62.4616 613.886 56.9416
613.811 62.0693 613.363 56.5494
613.313 61.6942 612.854 56.1712
612.83 61.3225 612.361 55.7835
612.348 60.9568 611.874 55.4076
611.901 60.619 611.411 55.0476
611.476 60.2989 610.972 54.7095
611.109 60.0118 610.607 54.4193
610.766 59.7584 610.256 54.1657
610.434 59.4839 609.916 53.9072
610.127 59.2363 609.602 53.6666
609.811 58.9832 609.275 53.4238
609.427 58.6832 608.894 53.1461
608.885 58.245 608.342 52.7147
608.141 57.6432 607.609 52.1352
607.226 56.8648 606.72 51.3815
606.175 55.9228 605.704 50.4638
604.989 54.8158 604.549 49.3692
603.721 53.5398 603.3 48.108
602.358 52.1298 601.952 46.7162
600.872 50.5989 600.471 45.214
599.313 48.9408 598.923 43.5715
597.636 47.1539 597.257 41.8438
595.881 45.2482 595.509 40.0024
594.058 43.2366 593.698 38.0459
592.229 41.1661 591.851 35.9928
590.417 39.0973 590.034 33.9295
588.59 37.0359 588.231 31.8771
586.727 34.953 586.374 29.8204
584.835 32.8691 584.49 27.7594
582.91 30.7785 582.573 25.6705
580.956 28.6829 580.641 23.6232
578.982 26.5597 578.653 21.4855
576.99 24.4121 576.662 19.3627
575.013 22.2618 574.689 17.2253
573.061 20.0923 572.739 15.0729
571.135 17.942 570.828 12.948
569.253 15.8124 568.931 10.8178
567.403 13.6846 567.09 8.69982
565.597 11.5948 565.287 6.61967
563.777 9.56887 563.471 4.61288
562.016 7.61088 561.677 2.63811
560.358 5.76176 560.041 0.838759
558.791 4.05916 558.478 -0.835189
557.389 2.55665 557.071 -2.33507
556.166 1.2243 555.856 -3.62683
555.087 0.0381196 554.763 -4.79507
554.092 -1.06524 553.757 -5.90083
553.156 -2.09321 552.82 -6.92029
552.265 -3.03912 551.943 -7.83028
551.446 -3.91882 551.118 -8.70368
550.715 -4.70915 550.373 -9.49324
550.055 -5.41146 549.69 -10.2048
549.472 -6.0635 549.103 -10.8607
548.991 -6.62788 548.618 -11.4322
548.582 -7.09067 548.21 -11.8831
548.258 -7.47997 547.878 -12.2714
547.987 -7.80318 547.596 -12.5825
547.769 -8.07023 547.367 -12.8419
547.593 -8.29372 547.182 -13.065
547.439 -8.46881 547.021 -13.2424
547.312 -8.60927 546.891 -13.3892
547.213 -8.72703 546.786 -13.507
547.138 -8.81612 546.704 -13.604
547.093 -8.8782 546.649 -13.669
547.07 -8.915 546.618 -13.7014
547.04 -8.94821 546.588 -13.736
546.977 -9.00235 546.545 -13.785
546.906 -9.07505 546.487 -13.8541
546.823 -9.1754 546.407 -13.9468
546.718 -9.30775 546.3 -14.0681
546.578 -9.47136 546.165 -14.2287
546.411 -9.66737 545.995 -14.4209
546.222 -9.8961 545.8 -14.6478
546.014 -10.1418 545.589 -14.8915
545.783 -10.3983 545.355 -15.1474
545.57 -10.6467 545.132 -15.4025
545.388 -10.8685 544.942 -15.6177
545.243 -11.0497 544.79 -15.7955
