5.55112e-17 2.22045e-16 0 -2.98023e-08
0.0541807 0.879235 0.0205668 0.89399
0.0697684 1.82433 0.00706493 1.83747
0.00341514 2.87551 -0.10063 2.87737
-0.12313 4.0219 -0.257112 4.01328
-0.355562 5.24872 -0.50964 5.21448
-0.622388 6.58694 -0.788654 6.57094
-0.941959 8.04159 -1.11971 8.02682
-1.31795 9.60761 -1.52444 9.58933
-1.74603 11.2615 -1.99652 11.2523
-2.24733 13.0013 -2.55329 13.0307
-2.81937 14.8415 -3.15392 14.8925
-3.47158 16.7949 -3.84002 16.8265
-4.20623 18.801 -4.60019 18.8799
-5.00233 20.9242 -5.37924 21.0195
-5.89573 23.1412 -6.29148 23.2547
-6.89367 25.3849 -7.25408 25.4257
-7.98219 27.6887 -8.36426 27.7863
-9.16441 30.0597 -9.52493 30.1363
-10.4443 32.4921 -10.8271 32.6009
-11.8249 34.997 -12.2007 35.0907
-13.2883 37.6162 -13.6491 37.5877
-14.808 40.3431 -15.1869 40.3051
-16.4055 43.1146 -16.7474 43.057
-18.0467 45.8569 -18.2636 45.6259
-19.8228 48.5507 -19.9935 48.3652
-21.6751 51.1581 -21.8021 50.9784
-23.5601 53.7342 -23.7222 53.6244
-25.4948 56.3134 -25.6659 56.21
-27.4825 58.8647 -27.6247 58.7928
-29.5412 61.3609 -29.7253 61.331
-31.6783 63.8405 -31.8247 63.7549
-33.9024 66.2939 -34.0943 66.2327
-36.2506 68.682 -36.4051 68.5942
-38.6926 71.0526 -38.8565 71.004
-41.1928 73.4057 -41.2727 73.3485
-43.7838 75.7356 -43.8919 75.6602
-46.4323 78.0513 -46.5116 77.9857
-49.1522 80.3613 -49.239 80.2927
-51.9408 82.6467 -51.9804 82.5144
-54.8487 84.8619 -54.8595 84.7003
-57.8592 86.9837 -57.8317 86.8145
-60.9641 89.0272 -60.9501 88.7985
-64.1713 90.9595 -64.2155 90.7249
-67.4867 92.8094 -67.5451 92.5169
-70.8583 94.5834 -70.9941 94.3053
-74.2625 96.2881 -74.4886 96.0363
-77.6761 97.9397 -77.8718 97.6364
-81.0631 99.533 -81.2629 99.1937
-84.3708 101.063 -84.604 100.731
-87.6204 102.509 -87.8468 102.208
-90.7863 103.874 -90.9436 103.592
-93.8705 105.256 -94.051 105.015
-96.8816 106.71 -96.9931 106.437
-99.8058 108.24 -99.9256 107.987
-102.636 109.9 -102.701 109.608
-105.378 111.659 -105.435 111.32
-107.976 113.472 -107.996 113.135
-110.448 115.333 -110.419 114.965
-112.785 117.226 -112.688 116.839
-115.015 119.133 -114.879 118.751
-117.123 121.057 -116.972 120.671
-119.079 122.948 -118.923 122.657
-120.896 124.857 -120.748 124.535
-122.564 126.794 -122.411 126.514
-124.115 128.785 -123.979 128.564
-125.557 130.849 -125.446 130.659
-126.901 132.986 -126.798 132.799
-128.166 135.163 -128.064 135.026
-129.39 137.439 -129.346 137.307
-130.625 139.817 -130.55 139.689
-131.85 142.308 -131.809 142.248
-133.054 144.929 -133.022 144.903
-134.221 147.697 -134.213 147.718
-135.286 150.585 -135.292 150.632
-136.188 153.655 -136.224 153.746
-136.902 156.886 -136.983 157.038
-137.415 160.268 -137.543 160.454
-137.716 163.797 -137.861 163.989
-137.812 167.452 -138.009 167.647
-137.693 171.19 -137.929 171.413
-137.342 175.019 -137.591 175.325
-136.765 178.911 -137.03 179.282
-135.962 182.88 -136.236 183.336
-134.921 186.888 -135.193 187.449
-133.677 190.928 -133.92 191.546
-132.176 194.967 -132.42 195.621
-130.412 198.974 -130.645 199.7
-128.325 202.908 -128.548 203.645
-125.88 206.684 -126.097 207.44
-123.116 210.266 -123.336 211.028
-120.073 213.663 -120.296 214.439
-116.798 216.868 -117.015 217.688
-113.327 219.882 -113.557 220.645
-109.742 222.622 -109.997 223.433
-106.071 225.055 -106.332 225.86
-102.33 227.163 -102.66 227.923
-98.5491 228.935 -98.9222 229.698
-94.7653 230.394 -95.1412 231.168
-91.0401 231.573 -91.4622 232.313
-87.3564 232.508 -87.7822 233.247
-83.7128 233.199 -84.1722 233.95
-80.1318 233.665 -80.614 234.411
-76.5971 233.929 -77.089 234.69
-73.2217 234.047 -73.7024 234.816
-69.9512 234.094 -70.4576 234.89
-66.7444 234.09 -67.2638 234.912
-63.6313 234.073 -64.1586 234.935
-60.5882 234.081 -61.1329 234.966
-57.59 234.13 -58.1574 235.042
-54.6313 234.221 -55.1969 235.166
-51.6918 234.381 -52.2828 235.349
-48.79 234.6 -49.3796 235.584
-45.9147 234.881 -46.5073 235.869
-43.0566 235.221 -43.6691 236.194
-40.2266 235.615 -40.8318 236.603
-37.4365 236.072 -38.0557 237.051
-34.6718 236.603 -35.3011 237.581
-31.8721 237.159 -32.5127 238.137
-29.03 237.739 -29.6556 238.722
-26.1642 238.361 -26.8285 239.337
-23.2884 239.015 -23.967 240.014
-20.4202 239.738 -21.1202 240.77
-17.5859 240.558 -18.3031 241.601
-14.7877 241.484 -15.5242 242.546
-12.0278 242.498 -12.7892 243.578
-9.29703 243.59 -10.0651 244.684
-6.61587 244.741 -7.39479 245.845
-4.00089 245.95 -4.80071 247.059
-1.44517 247.223 -2.2395 248.349
1.04535 248.561 0.259117 249.7
3.47195 249.951 2.70086 251.101
5.86499 251.41 5.10082 252.556
8.23512 252.948 7.47347 254.074
10.5837 254.573 9.85639 255.602
12.9533 256.177 12.2512 257.173
15.3464 257.781 14.674 258.768
17.7511 259.4 17.0861 260.376
20.1889 261.03 19.5172 262.012
22.6477 262.667 21.9579 263.631
25.0994 264.306 24.3828 265.263
27.5258 265.954 26.7845 266.919
29.9363 267.632 29.2029 268.613
32.2862 269.361 31.5208 270.341
34.6062 271.144 33.8152 272.139
36.8852 273.027 36.0602 274.033
39.097 274.999 38.2473 276.007
41.2908 277.097 40.4221 278.112
43.4393 279.297 42.5424 280.307
45.5132 281.622 44.5981 282.617
47.5142 284.071 46.5752 285.07
49.4318 286.627 48.4752 287.608
51.2941 289.274 50.3251 290.241
53.1013 292.012 52.1296 292.965
54.8752 294.81 53.883 295.765
56.6464 297.643 55.6415 298.608
58.4455 300.513 57.4277 301.477
60.2524 303.405 59.2133 304.381
62.0439 306.331 60.9673 307.287
63.7612 309.296 62.6514 310.27
65.3499 312.312 64.2188 313.297
66.8068 315.364 65.6583 316.376
68.1161 318.458 66.9425 319.463
69.2966 321.58 68.1028 322.586
70.4443 324.702 69.2238 325.705
71.5445 327.823 70.2891 328.828
72.5791 330.963 71.2892 331.948
73.5376 334.11 72.2242 335.105
74.4568 337.228 73.1223 338.234
75.3394 340.28 73.9899 341.287
76.2867 343.179 74.9156 344.204
77.2641 345.919 75.8717 346.947
78.2171 348.599 76.803 349.628
79.0765 351.282 77.6514 352.31
79.7884 353.971 78.3439 354.978
80.2892 356.68 78.8393 357.703
80.5442 359.423 79.1029 360.447
80.5539 362.182 79.1108 363.194
80.3253 364.95 78.8761 365.948
79.9483 367.765 78.5081 368.753
79.5529 370.624 78.0997 371.61
79.1899 373.576 77.7178 374.564
78.8477 376.617 77.3582 377.598
78.4872 379.779 76.978 380.763
78.1092 383.025 76.5885 384.018
77.7243 386.332 76.1855 387.321
77.3037 389.673 75.7716 390.651
76.7857 392.999 75.2416 393.99
76.1643 396.308 74.6087 397.28
75.4531 399.564 73.8718 400.549
74.6878 402.778 73.0702 403.762
73.8806 405.96 72.2342 406.939
73.0016 409.14 71.3723 410.094
72.077 412.325 70.4235 413.293
71.1423 415.518 69.4861 416.484
70.1995 418.733 68.5344 419.71
69.2265 421.955 67.5453 422.913
68.2361 425.167 66.5299 426.086
67.2608 428.364 65.5142 429.29
66.3132 431.553 64.5518 432.477
65.3917 434.718 63.6108 435.633
64.5017 437.857 62.7064 438.768
63.6349 440.951 61.8106 441.866
62.7895 444.006 60.9621 444.925
61.9567 447.016 60.1075 447.941
61.1335 449.961 59.2666 450.881
60.3186 452.867 58.4273 453.777
59.4995 455.718 57.5967 456.621
58.6822 458.529 56.7799 459.426
57.8672 461.299 55.9732 462.206
57.0547 464.035 55.1619 464.934
56.2436 466.731 54.3525 467.641
55.4431 469.359 53.5642 470.26
54.6862 471.908 52.8182 472.807
53.9576 474.335 52.1043 475.247
53.2567 476.667 51.446 477.55
52.5824 478.964 50.7934 479.851
51.9565 481.262 50.1747 482.16
51.4126 483.574 49.6233 484.492
51.0139 485.899 49.233 486.827
50.8129 488.249 49.0354 489.175
50.7981 490.61 49.0365 491.532
50.9787 492.984 49.2399 493.904
51.3453 495.367 49.6079 496.283
51.889 497.738 50.1655 498.681
52.5773 500.13 50.8601 501.055
53.4072 502.515 51.6914 503.429
54.397 504.885 52.687 505.797
55.5186 507.215 53.8012 508.112
56.765 509.509 55.0326 510.402
58.192 511.73 56.4426 512.614
59.789 513.824 58.0391 514.717
61.5404 515.753 59.7877 516.656
63.41 517.523 61.6338 518.438
65.3979 519.217 63.5928 520.128
67.4967 520.815 65.6683 521.692
69.7206 522.307 67.8568 523.177
72.0676 523.642 70.2008 524.503
74.5493 524.809 72.6573 525.653
77.1538 525.815 75.265 526.638
79.882 526.633 77.9919 527.453
82.7154 527.212 80.84 528.053
85.6408 527.586 83.7742 528.432
88.6443 527.748 86.7706 528.581
91.7106 527.694 89.8594 528.517
94.8118 527.412 92.9345 528.232
97.9353 526.886 96.0583 527.689
101.063 526.158 99.1863 526.94
104.195 525.225 102.318 525.998
107.306 524.079 105.428 524.844
110.385 522.744 108.492 523.518
113.46 521.282 111.568 522.061
116.567 519.769 114.658 520.559
119.739 518.237 117.823 519.034
122.982 516.641 121.036 517.455
126.165 515.061 124.28 515.855
129.459 513.419 127.567 514.198
132.785 511.74 130.881 512.521
136.165 510.03 134.228 510.823
139.6 508.311 137.646 509.081
143.11 506.549 141.143 507.306
146.673 504.761 144.715 505.512
150.295 502.938 148.301 503.689
153.967 501.082 151.983 501.838
157.696 499.214 155.698 499.929
161.458 497.334 159.431 498.014
165.217 495.417 163.169 496.079
168.985 493.501 166.922 494.132
172.746 491.587 170.683 492.187
176.518 489.689 174.45 490.249
180.295 487.82 178.229 488.355
184.037 485.97 181.963 486.512
187.779 484.136 185.692 484.665
191.5 482.306 189.409 482.822
195.18 480.47 193.089 480.913
198.815 478.621 196.709 479.044
202.394 476.753 200.261 477.147
205.912 474.88 203.774 475.265
209.296 473.041 207.154 473.418
212.515 471.275 210.356 471.632
215.581 469.587 213.414 469.937
218.489 468.019 216.316 468.362
221.328 466.599 219.152 466.945
224.157 465.368 221.999 465.702
226.992 464.316 224.856 464.653
229.883 463.425 227.766 463.77
232.821 462.731 230.735 463.079
235.78 462.243 233.697 462.591
238.782 461.946 236.714 462.283
241.848 461.906 239.75 462.208
244.968 462.147 242.849 462.438
248.086 462.682 245.937 462.954
251.187 463.496 249.01 463.731
254.278 464.58 252.076 464.774
257.288 465.915 255.03 466.09
260.242 467.523 257.949 467.658
263.107 469.351 260.8 469.476
265.866 471.381 263.568 471.495
268.559 473.556 266.283 473.67
271.204 475.84 268.923 475.937
273.82 478.207 271.53 478.282
276.385 480.591 274.092 480.665
278.915 482.977 276.561 483.064
281.391 485.347 279.064 485.392
283.81 487.633 281.476 487.623
286.165 489.76 283.862 489.717
288.479 491.699 286.196 491.661
290.753 493.425 288.506 493.374
292.944 494.909 290.701 494.825
295.05 496.208 292.799 496.104
297.158 497.296 294.928 497.173
299.275 498.08 297.048 497.935
301.409 498.553 299.229 498.413
303.638 498.806 301.461 498.64
305.826 498.756 303.677 498.564
307.97 498.413 305.857 498.203
310.083 497.866 308.002 497.646
312.168 497.169 310.112 496.978
314.242 496.345 312.22 496.17
316.287 495.404 314.283 495.223
318.242 494.294 316.244 494.125
320.068 492.959 318.08 492.792
321.692 491.423 319.715 491.234
323.028 489.68 321.105 489.53
324.128 487.907 322.226 487.729
325.083 486.074 323.144 485.895
325.902 484.156 323.93 483.942
326.542 482.161 324.551 481.93
326.975 480.111 324.96 479.905
327.2 477.981 325.165 477.753
327.208 475.816 325.174 475.603
326.987 473.575 324.946 473.37
326.613 471.312 324.57 471.093
326.102 468.984 324.06 468.801
325.485 466.585 323.437 466.382
324.771 464.117 322.732 463.938
324.015 461.569 321.966 461.397
323.241 458.937 321.177 458.773
322.428 456.222 320.357 456.06
321.582 453.439 319.493 453.288
320.701 450.59 318.586 450.463
319.803 447.709 317.658 447.589
318.882 444.813 316.708 444.698
317.934 441.902 315.748 441.829
317.026 438.983 314.812 438.908
316.159 436.053 313.923 435.99
315.357 433.105 313.091 433.049
314.634 430.139 312.327 430.088
314.024 427.175 311.678 427.118
313.546 424.189 311.164 424.136
313.186 421.192 310.777 421.152
312.967 418.184 310.527 418.145
312.865 415.18 310.4 415.153
312.873 412.155 310.373 412.149
312.99 409.162 310.466 409.139
313.203 406.159 310.664 406.111
313.52 403.164 310.964 403.098
313.924 400.189 311.355 400.109
314.41 397.253 311.821 397.163
314.957 394.351 312.348 394.241
315.564 391.486 312.924 391.368
316.211 388.683 313.558 388.551
316.876 385.97 314.205 385.843
317.575 383.412 314.872 383.294
318.278 381.083 315.566 380.988
318.941 378.965 316.231 378.876
319.536 376.961 316.824 376.917
320.052 374.977 317.369 374.964
320.455 373.03 317.783 373.02
320.668 371.084 318.006 371.083
320.639 369.179 317.985 369.178
320.367 367.308 317.722 367.326
319.812 365.452 317.194 365.496
318.978 363.612 316.407 363.687
317.917 361.899 315.365 361.991
316.653 360.26 314.114 360.376
315.183 358.649 312.668 358.787
313.573 357.007 311.077 357.178
311.803 355.326 309.314 355.538
309.912 353.572 307.438 353.82
307.954 351.681 305.494 351.945
305.919 349.71 303.472 349.992
303.815 347.661 301.372 347.958
301.671 345.531 299.219 345.861
299.493 343.322 297.026 343.685
297.312 341.064 294.807 341.452
295.144 338.751 292.595 339.155
293.011 336.384 290.435 336.825
290.937 333.945 288.353 334.416
288.992 331.405 286.383 331.897
287.171 328.759 284.532 329.294
285.462 326.046 282.744 326.574
283.831 323.246 281.055 323.772
282.269 320.363 279.443 320.904
280.755 317.392 277.893 317.968
279.274 314.371 276.364 314.965
277.775 311.309 274.836 311.941
276.264 308.193 273.304 308.852
274.757 305.022 271.771 305.688
273.207 301.794 270.205 302.481
271.62 298.532 268.614 299.257
270.024 295.206 266.99 295.954
268.364 291.836 265.309 292.612
266.612 288.477 263.498 289.263
264.728 285.132 261.581 285.959
262.759 281.8 259.561 282.667
260.702 278.472 257.458 279.382
258.621 275.176 255.322 276.121
256.506 271.838 253.186 272.861
254.344 268.488 250.975 269.534
252.174 265.097 248.754 266.192
249.945 261.679 246.512 262.835
247.697 258.254 244.227 259.44
245.448 254.808 241.94 256.057
243.193 251.335 239.577 252.57
240.896 247.824 237.246 249.139
238.557 244.277 234.876 245.615
236.175 240.691 232.45 242.076
233.763 237.092 230.045 238.526
231.333 233.458 227.57 234.902
228.838 229.808 225.096 231.277
226.343 226.169 222.595 227.745
223.819 222.534 220.064 224.223
221.286 218.901 217.531 220.648
218.752 215.265 215.002 217.082
216.25 211.635 212.481 213.499
213.762 207.998 209.997 209.911
211.317 204.351 207.518 206.299
208.894 200.677 205.087 202.693
206.508 196.99 202.66 199.059
204.178 193.291 200.242 195.401
201.928 189.548 197.951 191.713
199.74 185.759 195.715 187.951
197.634 181.951 193.551 184.156
195.568 178.118 191.446 180.342
193.561 174.282 189.39 176.556
191.624 170.408 187.367 172.714
189.717 166.528 185.35 168.856
187.816 162.622 183.369 164.975
185.959 158.682 181.42 161.087
184.094 154.738 179.473 157.173
182.24 150.794 177.526 153.265
180.398 146.846 175.608 149.342
178.592 142.9 173.713 145.442
176.795 138.933 171.808 141.52
174.975 134.968 169.905 137.611
173.137 131.052 167.952 133.696
171.222 127.194 165.945 129.877
169.204 123.404 163.824 126.111
167.059 119.698 161.58 122.449
164.779 116.076 159.215 118.869
162.369 112.525 156.725 115.411
159.843 109.067 154.136 112.036
157.243 105.701 151.435 108.708
154.586 102.373 148.691 105.467
151.852 99.0754 145.891 102.246
149.065 95.8122 143.029 99.0429
146.211 92.59 140.113 95.8607
143.29 89.4389 137.12 92.7625
140.314 86.3185 134.039 89.6889
137.315 83.1885 130.959 86.6262
134.309 80.0227 127.888 83.5383
131.294 76.8549 124.802 80.4362
128.257 73.6803 121.694 77.3142
125.224 70.51 118.618 74.1806
122.172 67.3259 115.471 71.0432
119.104 64.1512 112.319 67.9359
116.004 60.9862 109.133 64.8276
112.861 57.8172 105.951 61.7783
109.667 54.6479 102.718 58.7263
106.495 51.4689 99.4706 55.6527
103.294 48.293 96.2039 52.5904
100.126 45.1325 92.9079 49.4982
96.9505 41.9772 89.6316 46.4064
93.7393 38.8037 86.355 43.3386
90.5678 35.6321 83.0507 40.2467
87.4158 32.459 79.8053 37.1499
84.26 29.2959 76.574 34.0571
81.1235 26.1294 73.4338 31.0323
77.9927 22.958 70.2342 27.9353
74.8906 19.7748 67.0833 24.8293
71.7804 16.5904 63.8238 21.6433
68.6304 13.3965 60.6295 18.5322
65.4718 10.206 57.4037 15.3657
62.3143 7.00737 54.226 12.2681
59.2062 3.80804 51.0713 9.12724
56.0919 0.584754 47.9176 5.98769
53.0081 -2.62566 44.8196 2.89715
49.9557 -5.82235 41.7063 -0.221837
46.9351 -9.02104 38.6526 -3.31662
43.893 -12.2165 35.6298 -6.33684
40.9293 -15.2937 32.6664 -9.31315
38.0895 -18.3174 29.7641 -12.2769
35.4188 -21.2916 27.0063 -15.1701
32.8668 -24.1573 24.3816 -17.9873
30.5116 -26.943 21.9243 -20.6886
28.2828 -29.5528 19.6434 -23.2403
26.2709 -31.9812 17.5736 -25.5968
24.4065 -34.1191 15.6266 -27.6827
22.6212 -35.9349 13.8225 -29.4532
20.8834 -37.4156 12.0417 -30.902
19.1749 -38.5138 10.3195 -31.9743
17.5161 -39.2606 8.6221 -32.6843
15.8389 -39.7146 6.92654 -33.1037
14.1914 -39.8298 5.22433 -33.1953
12.6343 -39.6724 3.65268 -33.013
11.1723 -39.2606 2.17133 -32.5689
9.78969 -38.6298 0.799487 -31.8884
8.49767 -37.7385 -0.457361 -30.9733
7.30895 -36.6169 -1.63773 -29.8032
6.25632 -35.2826 -2.62924 -28.435
5.3777 -33.7296 -3.45037 -26.8268
4.66673 -31.995 -4.08967 -25.0903
4.11807 -30.0874 -4.59954 -23.1614
3.67503 -28.0589 -4.99338 -21.1369
3.30698 -25.9135 -5.29613 -19.0172
2.95068 -23.6717 -5.60224 -16.754
2.58965 -21.3542 -5.92154 -14.4231
2.23535 -18.9419 -6.24304 -12.0006
1.88322 -16.439 -6.53205 -9.49232
1.5397 -13.8834 -6.83141 -6.92871
1.22906 -11.3742 -7.08674 -4.43436
0.914029 -8.93495 -7.37611 -1.99018
0.572467 -6.59142 -7.65211 0.349632
0.172462 -4.32852 -7.95019 2.60916
-0.233814 -2.14809 -8.27718 4.79992
-0.6525 -0.0272375 -8.60822 6.92023
-1.1288 2.02776 -8.98762 8.94115
-1.68253 4.09175 -9.4282 11.0343
-2.32685 6.15689 -9.97717 13.1355
-3.00658 8.22265 -10.5875 15.255
