5.55112e-17 2.22045e-16 0 -2.98023e-08
-0.0175337 0.283467 -0.0213243 0.26002
-0.0600001 0.627936 -0.0765867 0.60494
-0.141533 1.08191 -0.167306 1.0433
-0.293459 1.60414 -0.342862 1.52708
-0.522492 2.17302 -0.580656 2.08233
-0.839493 2.75829 -0.900327 2.65655
-1.24276 3.33311 -1.29886 3.22643
-1.76157 3.8807 -1.82304 3.7771
-2.41553 4.38239 -2.47422 4.26311
-3.21551 4.82443 -3.26815 4.67833
-4.17713 5.15347 -4.22223 4.97652
-5.29933 5.36094 -5.32997 5.16808
-6.55899 5.42767 -6.56728 5.21952
-7.95041 5.38928 -7.96643 5.17772
-9.48038 5.26387 -9.49894 5.04393
-11.1527 5.08836 -11.1645 4.85908
-12.9643 4.90181 -12.9622 4.66457
-14.9134 4.69736 -14.892 4.45392
-17.0048 4.49463 -17.0035 4.24803
-19.2243 4.29098 -19.2151 4.03573
-21.5645 4.10022 -21.5499 3.83188
-23.9695 3.90897 -23.9319 3.63604
-26.4614 3.71634 -26.3922 3.42791
-28.9976 3.4929 -28.913 3.20074
-31.5159 3.27199 -31.4171 2.97913
-34.0263 3.05126 -33.9539 2.75675
-36.5335 2.84314 -36.4204 2.54798
-39.0492 2.63885 -38.904 2.33805
-41.5384 2.43615 -41.3727 2.13212
-44.0152 2.22368 -43.8674 1.91237
-46.4833 2.02825 -46.3208 1.71738
-48.9331 1.82029 -48.7447 1.50535
-51.3287 1.5753 -51.1432 1.24656
-53.702 1.33748 -53.5131 1.00602
-56.0381 1.11076 -55.8502 0.767372
-58.3304 0.883063 -58.1514 0.536156
-60.5366 0.662367 -60.3425 0.306355
-62.6202 0.461718 -62.3973 0.099857
-64.5705 0.320188 -64.3356 -0.0435224
-66.3756 0.255567 -66.1325 -0.104208
-67.9905 0.34556 -67.7539 -0.0204331
-69.4038 0.611089 -69.1774 0.239649
-70.6817 1.08074 -70.4536 0.708555
-71.8142 1.75383 -71.6029 1.39474
-72.8107 2.60177 -72.5986 2.24697
-73.6593 3.55438 -73.4473 3.2003
-74.4017 4.71851 -74.1916 4.37642
-75.0182 6.11025 -74.8287 5.81891
-75.5393 7.7061 -75.357 7.43221
-75.9807 9.48642 -75.8033 9.20822
-76.379 11.415 -76.2145 11.1446
-76.7027 13.4941 -76.5702 13.2172
-76.9646 15.6878 -76.8528 15.4031
-77.1988 17.9936 -77.1192 17.7057
-77.4024 20.3015 -77.3544 20.025
-77.5734 22.6143 -77.5619 22.3303
-77.7342 24.8981 -77.7603 24.5783
-77.9088 27.1807 -77.9553 26.8409
-78.0647 29.4407 -78.1288 29.1303
-78.1981 31.7013 -78.2892 31.4209
-78.3462 34.0009 -78.4533 33.705
-78.5072 36.3475 -78.6342 36.0572
-78.7004 38.7352 -78.8538 38.4311
-78.8959 41.1947 -79.0773 40.9032
-79.1003 43.7247 -79.3137 43.4194
-79.3186 46.2992 -79.5571 45.9889
-79.5086 48.9021 -79.7811 48.6143
-79.6974 51.5294 -79.9865 51.2487
-79.9004 54.1135 -80.2019 53.7878
-80.0927 56.6706 -80.4145 56.3669
-80.2809 59.2131 -80.6056 58.8681
-80.474 61.6957 -80.822 61.3661
-80.696 64.1363 -81.0776 63.798
-80.9452 66.5593 -81.3651 66.2047
-81.2192 68.9488 -81.66 68.5945
-81.5423 71.2919 -81.9968 70.9174
-81.9109 73.5847 -82.3732 73.2055
-82.327 75.852 -82.7746 75.4536
-82.7656 78.0692 -83.2508 77.6893
-83.2841 80.281 -83.7806 79.8666
-83.8564 82.4307 -84.3902 82.0108
-84.4928 84.5842 -85.0738 84.1325
-85.2123 86.7156 -85.8225 86.2384
-85.9963 88.8208 -86.6464 88.364
-86.8604 90.9181 -87.5193 90.4273
-87.8025 93.0035 -88.4531 92.5019
-88.749 95.0682 -89.4096 94.5829
-89.748 97.1635 -90.4332 96.6792
-90.7749 99.2196 -91.4701 98.7076
-91.84 101.277 -92.5594 100.758
-92.9148 103.296 -93.6416 102.768
-94.0151 105.267 -94.7541 104.744
-95.1234 107.188 -95.8683 106.666
-96.2232 109.068 -96.9638 108.544
-97.2634 110.813 -98.0124 110.288
-98.2418 112.423 -98.9946 111.888
-99.1248 113.866 -99.8853 113.322
-99.9188 115.114 -100.688 114.575
-100.633 116.205 -101.387 115.66
-101.306 117.127 -102.041 116.563
-101.874 117.899 -102.619 117.35
-102.405 118.509 -103.139 117.953
-102.902 118.982 -103.629 118.408
-103.418 119.367 -104.131 118.778
-103.955 119.735 -104.663 119.14
-104.534 120.029 -105.246 119.437
-105.136 120.257 -105.844 119.67
-105.802 120.452 -106.497 119.862
-106.641 120.599 -107.324 120.005
-107.63 120.643 -108.297 120.038
-108.711 120.531 -109.371 119.927
-109.894 120.253 -110.552 119.622
-111.16 119.776 -111.82 119.125
-112.497 119.062 -113.158 118.396
-113.899 118.107 -114.544 117.435
-115.384 116.989 -116.048 116.299
-116.978 115.737 -117.637 115.029
-118.66 114.366 -119.304 113.651
-120.439 112.893 -121.073 112.172
-122.328 111.322 -122.974 110.579
-124.285 109.65 -124.939 108.907
-126.332 107.914 -126.991 107.168
-128.462 106.101 -129.132 105.34
-130.662 104.215 -131.336 103.424
-132.923 102.303 -133.6 101.489
-135.189 100.39 -135.852 99.5533
-137.469 98.4694 -138.093 97.6342
-139.748 96.5461 -140.345 95.6937
-142.021 94.6204 -142.577 93.7526
-144.286 92.6907 -144.796 91.8068
-146.548 90.774 -147.031 89.8599
-148.833 88.8715 -149.267 87.942
-151.113 86.9781 -151.502 86.0438
-153.379 85.0854 -153.712 84.1421
-155.629 83.2061 -155.916 82.2616
-157.861 81.3267 -158.122 80.3666
-160.059 79.4645 -160.297 78.4943
-162.221 77.6086 -162.456 76.6215
-164.377 75.7743 -164.596 74.7754
-166.525 73.9671 -166.708 72.9627
-168.668 72.1911 -168.822 71.1727
-170.783 70.468 -170.894 69.4083
-172.83 68.8075 -172.915 67.6842
-174.786 67.216 -174.852 66.0382
-176.664 65.6842 -176.681 64.4825
-178.445 64.1974 -178.445 62.983
-180.1 62.7652 -180.106 61.5806
-181.649 61.4196 -181.685 60.2294
-183.089 60.1103 -183.132 58.9426
-184.404 58.8012 -184.431 57.654
-185.549 57.4583 -185.573 56.3201
-186.455 56.0661 -186.481 54.9382
-187.121 54.6476 -187.144 53.5499
-187.526 53.2131 -187.532 52.1211
-187.749 51.7723 -187.731 50.6865
-187.717 50.3304 -187.675 49.2602
-187.52 48.9547 -187.476 47.8922
-187.092 47.6676 -187.02 46.6082
-186.478 46.4306 -186.434 45.417
-185.744 45.2175 -185.667 44.2087
-184.898 44.0442 -184.794 43.0349
-183.969 42.859 -183.828 41.8452
-182.973 41.6286 -182.837 40.6498
-181.887 40.3447 -181.778 39.3829
-180.727 38.9518 -180.632 38.0407
-179.493 37.4591 -179.386 36.5516
-178.162 35.8492 -178.06 34.9709
-176.711 34.1427 -176.618 33.2833
-175.172 32.2967 -175.068 31.4342
-173.559 30.3633 -173.473 29.5186
-171.867 28.3468 -171.824 27.5302
-170.123 26.2593 -170.1 25.4347
-168.337 24.0978 -168.305 23.2909
-166.581 21.9087 -166.54 21.1242
-164.835 19.7147 -164.752 18.9555
-163.105 17.5739 -162.991 16.8153
-161.377 15.4291 -161.269 14.7131
-159.682 13.3035 -159.544 12.5823
-158.088 11.1536 -157.912 10.4414
-156.652 8.94091 -156.439 8.22961
-155.434 6.64052 -155.178 5.92158
-154.451 4.27582 -154.181 3.54466
-153.691 1.83608 -153.393 1.10824
-153.117 -0.68492 -152.805 -1.4132
-152.659 -3.30185 -152.325 -4.0267
-152.324 -6.00344 -151.979 -6.72719
-152.035 -8.81843 -151.677 -9.55993
-151.705 -11.6965 -151.326 -12.4371
-151.368 -14.6894 -150.968 -15.4132
-151.018 -17.7606 -150.612 -18.4484
-150.658 -20.8846 -150.227 -21.5612
-150.317 -24.0396 -149.86 -24.7172
-149.995 -27.1987 -149.509 -27.8674
-149.688 -30.3262 -149.171 -30.9875
-149.393 -33.4488 -148.858 -34.0713
-149.125 -36.5257 -148.56 -37.1369
-148.881 -39.5889 -148.305 -40.2176
-148.664 -42.6214 -148.072 -43.1934
-148.444 -45.6222 -147.843 -46.2074
-148.226 -48.5908 -147.625 -49.1826
-148.014 -51.5384 -147.409 -52.1054
-147.798 -54.4485 -147.181 -54.9987
-147.58 -57.3302 -146.943 -57.8865
-147.342 -60.1716 -146.687 -60.7272
-147.099 -62.9565 -146.425 -63.4898
-146.874 -65.6419 -146.177 -66.1626
-146.684 -68.189 -145.983 -68.7058
-146.575 -70.5509 -145.873 -71.0802
-146.515 -72.6894 -145.824 -73.2191
-146.496 -74.5886 -145.822 -75.1195
-146.52 -76.2492 -145.848 -76.7688
-146.562 -77.6445 -145.88 -78.1849
-146.615 -78.7529 -145.919 -79.2691
-146.644 -79.5719 -145.928 -80.1143
-146.661 -80.1958 -145.922 -80.732
-146.656 -80.7462 -145.917 -81.2731
-146.626 -81.2022 -145.905 -81.7408
-146.606 -81.58 -145.88 -82.1297
-146.554 -81.888 -145.837 -82.455
-146.51 -82.0727 -145.807 -82.644
-146.481 -82.1479 -145.791 -82.7251
-146.467 -82.1445 -145.791 -82.7259
-146.474 -82.1485 -145.79 -82.7264
-146.484 -82.1459 -145.791 -82.7248
-146.487 -82.1448 -145.79 -82.7261
-146.493 -82.151 -145.789 -82.7289
-146.495 -82.1554 -145.79 -82.7253
-146.494 -82.1566 -145.791 -82.727
-146.488 -82.1484 -145.789 -82.7241
-146.487 -82.1409 -145.792 -82.7246
-146.486 -82.135 -145.789 -82.7255
-146.488 -82.1325 -145.79 -82.723
-146.489 -82.1335 -145.791 -82.7231
-146.485 -82.1335 -145.789 -82.7216
-146.485 -82.1335 -145.791 -82.7198
-146.48 -82.1337 -145.791 -82.7201
-146.472 -82.1319 -145.79 -82.7232
-146.477 -82.1332 -145.789 -82.7234
-146.525 -82.162 -145.791 -82.7242
-146.566 -82.2173 -145.777 -82.7504
-146.591 -82.3101 -145.753 -82.8152
-146.582 -82.4262 -145.712 -82.9137
-146.552 -82.5742 -145.658 -83.0427
-146.476 -82.7785 -145.565 -83.2357
-146.351 -83.1167 -145.419 -83.5687
-146.156 -83.5744 -145.212 -84.0184
-145.88 -84.1062 -144.922 -84.5436
-145.491 -84.6826 -144.525 -85.1098
-144.896 -85.3185 -143.941 -85.73
-144.077 -86.0654 -143.107 -86.4452
-142.947 -86.8406 -141.947 -87.1884
-141.509 -87.5434 -140.463 -87.8677
-139.798 -88.0876 -138.718 -88.3709
-137.828 -88.4333 -136.735 -88.6691
-135.615 -88.6075 -134.522 -88.7993
-133.18 -88.6966 -132.089 -88.8444
-130.552 -88.6805 -129.458 -88.7942
-127.724 -88.5757 -126.618 -88.6502
-124.684 -88.4643 -123.534 -88.489
-121.46 -88.2943 -120.342 -88.2903
-118.087 -88.0406 -116.998 -88.0345
-114.579 -87.7451 -113.486 -87.7275
-110.975 -87.4387 -109.885 -87.4221
-107.386 -87.1468 -106.324 -87.1247
-103.821 -86.8597 -102.804 -86.8451
-100.262 -86.572 -99.2359 -86.567
-96.7361 -86.2939 -95.7279 -86.3022
-93.2289 -86.0175 -92.2362 -86.0234
-89.7608 -85.7575 -88.772 -85.7568
-86.3143 -85.5113 -85.3433 -85.5063
-82.9048 -85.2666 -81.8964 -85.24
-79.5258 -84.9828 -78.5269 -84.955
-76.1749 -84.685 -75.16 -84.6322
-72.8496 -84.3755 -71.8512 -84.309
-69.5564 -84.0517 -68.5332 -83.9634
-66.2698 -83.7442 -65.2344 -83.6493
-62.9885 -83.4639 -62 -83.3752
-59.7253 -83.1923 -58.7448 -83.0953
-56.5119 -82.9287 -55.5336 -82.8461
-53.2879 -82.6778 -52.347 -82.6132
-50.1024 -82.4238 -49.119 -82.3706
-46.9613 -82.1617 -45.945 -82.1121
-43.795 -81.9131 -42.7989 -81.8661
-40.6059 -81.6696 -39.6266 -81.6277
-37.447 -81.4292 -36.5013 -81.3845
-34.3241 -81.1785 -33.3783 -81.1386
-31.2342 -80.9389 -30.3094 -80.8987
-28.1649 -80.7195 -27.1975 -80.6698
-25.1309 -80.5129 -24.2073 -80.4483
-22.1281 -80.3138 -21.1938 -80.2292
-19.2034 -80.118 -18.2378 -80.025
-16.44 -79.9296 -15.4562 -79.8272
-13.8624 -79.7309 -12.8602 -79.6316
-11.471 -79.5052 -10.4547 -79.4106
-9.26731 -79.2587 -8.24044 -79.1636
-7.27231 -78.9405 -6.24013 -78.8557
-5.47291 -78.5496 -4.477 -78.4831
-3.86783 -78.0863 -2.85044 -78.0117
-2.38561 -77.504 -1.36124 -77.4482
-1.02785 -76.8001 -0.00933897 -76.7526
0.166806 -75.9119 1.16951 -75.8637
1.18203 -74.883 2.1631 -74.8404
1.97724 -73.7097 2.95548 -73.6631
2.62559 -72.4325 3.58395 -72.3835
3.04631 -71.0534 3.98101 -71.0018
3.33279 -69.6101 4.23841 -69.5799
3.50575 -68.0968 4.39485 -68.0611
3.62308 -66.5056 4.49956 -66.446
3.67389 -64.79 4.53783 -64.742
3.66402 -62.9254 4.52031 -62.8912
3.59123 -60.9157 4.45149 -60.8784
3.48557 -58.7604 4.35444 -58.7258
3.37574 -56.4938 4.22703 -56.4548
3.2431 -54.2035 4.08981 -54.1756
3.06979 -51.9072 3.92232 -51.889
2.87171 -49.6123 3.72496 -49.6118
2.69026 -47.3187 3.53459 -47.3172
2.51462 -45.0397 3.3405 -45.0321
2.33649 -42.787 3.14859 -42.7805
2.17605 -40.5742 2.97364 -40.5888
2.0238 -38.4413 2.82058 -38.4602
1.89552 -36.4147 2.66262 -36.4136
1.76667 -34.4582 2.50425 -34.4424
1.64558 -32.5445 2.36038 -32.5285
1.52472 -30.6745 2.22247 -30.6619
1.41239 -28.8403 2.07805 -28.8147
1.30599 -27.0287 1.93021 -27.0059
1.19111 -25.2395 1.77813 -25.2261
1.06737 -23.4769 1.62124 -23.4693
0.934574 -21.7655 1.46325 -21.7439
0.802905 -20.1402 1.31375 -20.137
0.699503 -18.6159 1.18291 -18.6144
0.601767 -17.1963 1.07391 -17.2032
0.507341 -15.8858 0.974269 -15.8904
0.417035 -14.7267 0.907528 -14.7776
0.351258 -13.7606 0.83673 -13.7916
0.299516 -12.9304 0.761094 -12.9471
0.263868 -12.153 0.704646 -12.1534
0.238575 -11.3911 0.646586 -11.3922
0.198165 -10.6449 0.587581 -10.5821
0.151201 -9.90787 0.524318 -9.82191
0.0910114 -9.1835 0.430649 -9.06453
0.0168597 -8.47671 0.337429 -8.41135
-0.0708621 -7.77839 0.233204 -7.76015
-0.158415 -7.09403 0.147945 -7.0642
-0.234301 -6.41269 0.0750594 -6.40306
-0.307917 -5.7423 0.0146149 -5.70064
-0.360352 -5.06898 -0.0436417 -5.10369
-0.40159 -4.32804 -0.0964627 -4.33581
-0.431289 -3.48317 -0.136071 -3.50641
-0.464543 -2.5559 -0.171338 -2.59543
-0.487938 -1.55628 -0.19859 -1.60417
-0.49971 -0.485171 -0.229181 -0.500843
-0.511556 0.679747 -0.273655 0.665999
-0.388368 1.89036 -0.247191 1.85647
-0.387786 3.05066 -0.311725 2.98645
-0.473375 4.17533 -0.453597 4.09232
-0.669462 5.26288 -0.69319 5.14966
-0.929674 6.29195 -0.989819 6.15206
-1.22934 7.28941 -1.30961 7.15882
-1.43861 8.24938 -1.53842 8.12971
-1.56547 8.94694 -1.67403 8.82528
-1.6158 9.32463 -1.72574 9.20744
-1.63585 9.40484 -1.73753 9.29111
-1.64033 9.37617 -1.73972 9.28056
-1.64354 9.37105 -1.73879 9.28393
