# initialization preprocessing icp loop mapping
0 0.00168452 0.00692013 0 0 0.0182781 0.0268867
1 0.00510792 0.00409537 0.0272073 2.7789e-05 0.0014167 0.0378564
2 0.000585785 0.00441692 0.0268927 9.219e-06 0.0016199 0.0335257
3 0.000508472 0.00267358 0.0161645 9.782e-06 0.00179642 0.0211545
4 0.000701186 0.00313497 0.0246047 1.4451e-05 0.00294628 0.0314036
5 0.000499096 0.00287733 0.01699 1.331e-05 0.001919 0.0223006
6 0.000531943 0.00275297 0.0156297 1.3019e-05 0.00199131 0.0209202
7 0.000462557 0.00275845 0.0284237 1.7324e-05 0.00288177 0.0345451
8 0.000495516 0.00262724 0.0131151 1.3332e-05 0.00216161 0.0184148
9 0.000471052 0.00311574 0.0276727 1.4369e-05 0.0022592 0.0335349
10 0.000503794 0.00262904 0.0256929 1.508e-05 0.00612549 0.0349684
11 0.000483862 0.00268554 0.025862 1.9077e-05 0.00423784 0.0332906
12 0.000449987 0.00325287 0.0270734 1.8345e-05 0.00427697 0.0350737
13 0.000490529 0.00270733 0.0268826 1.7619e-05 0.0181882 0.0482882
14 0.000524561 0.00283363 0.027467 1.9596e-05 0.00944178 0.0402883
15 0.000494971 0.00265369 0.0116699 1.8138e-05 0.0089626 0.0238008
16 0.000479397 0.00279174 0.027473 1.9564e-05 0.00418593 0.0349516
17 0.000497828 0.00264641 0.0276477 2.0892e-05 0.00430326 0.0351186
18 0.000575301 0.00357689 0.0297176 2.1296e-05 0.00361856 0.0375111
19 0.000492013 0.00294966 0.0285222 2.2698e-05 0.00427478 0.0362634
20 0.000502602 0.00287697 0.0284263 2.2934e-05 0.00433765 0.0361688
21 0.000607028 0.00391325 0.0286607 2.7083e-05 0.0041474 0.0373571
22 0.000561176 0.00330477 0.0304453 2.39e-05 0.00347722 0.0378136
23 0.000631001 0.00350093 0.0311208 2.4166e-05 0.00329927 0.0385775
24 0.000570843 0.00287114 0.0305972 2.5645e-05 0.00407513 0.0381414
25 0.000502523 0.00275733 0.0290865 2.6234e-05 0.00386441 0.0362383
26 0.000499279 0.00278499 0.0306039 2.6649e-05 0.00435128 0.0382674
27 0.0004976 0.00287572 0.0305842 2.6901e-05 0.00441928 0.0384055
28 0.000474853 0.00287455 0.0307755 2.9647e-05 0.011426 0.0455819
29 0.000574808 0.00318996 0.0275388 2.9245e-05 0.0106015 0.0419361
30 0.000500069 0.0026467 0.030545 3.0185e-05 0.00964993 0.043374
31 0.000452146 0.00280845 0.0309276 3.1292e-05 0.0113389 0.0455602
32 0.000453124 0.0028198 0.0312521 3.1869e-05 0.00563667 0.0401951
33 0.000456286 0.00293063 0.0313537 3.3653e-05 0.00497384 0.0397494
34 0.000507223 0.0028553 0.0323392 3.3288e-05 0.00502562 0.0407617
35 0.000481214 0.00282955 0.0347721 4.9904e-05 0.00420367 0.0423383
36 0.000700524 0.00356515 0.0320517 4.6605e-05 0.00495246 0.0413187
37 0.000470806 0.0028687 0.0324749 3.6382e-05 0.00415085 0.0400031
38 0.000651303 0.00322303 0.031951 3.7546e-05 0.0042019 0.040066
39 0.000483796 0.00314277 0.0325963 3.7646e-05 0.00430499 0.0405672
40 0.000483574 0.00296946 0.0408996 3.8417e-05 0.00501235 0.0494048
41 0.00053345 0.00309061 0.0341758 3.9876e-05 0.00526341 0.0431048
42 0.000482764 0.00290617 0.0327213 3.9456e-05 0.00451315 0.0406641
43 0.000499318 0.00266479 0.0328544 3.9529e-05 0.00625904 0.0423188
44 0.000537113 0.00336731 0.0330095 3.9227e-05 0.0112441 0.0481985
45 0.000498358 0.003167 0.0377315 4.0919e-05 0.0121233 0.0535623
46 0.000499445 0.00264296 0.0346744 3.9982e-05 0.0126043 0.0504623
47 0.000525426 0.00276452 0.0336615 4.0427e-05 0.0118872 0.0488804
48 0.000536167 0.00283246 0.0346353 4.084e-05 0.0126399 0.0506857
49 0.000747362 0.00324595 0.0352488 4.09e-05 0.00714969 0.0464339
50 0.000518097 0.00289473 0.0343824 4.4662e-05 0.00640943 0.0442511
51 0.000513371 0.00290385 0.0364703 4.9019e-05 0.00662938 0.0465673
52 0.000505636 0.00264249 0.0343828 4.5413e-05 0.00590238 0.0434811
53 0.000612565 0.00364838 0.0343664 4.5064e-05 0.00518089 0.0438546
54 0.000531595 0.00318264 0.0344399 4.8079e-05 0.00595685 0.0441605
55 0.000583295 0.00307055 0.0365135 4.6057e-05 0.00552338 0.0457382
56 0.000529554 0.00262421 0.0370782 4.7242e-05 0.00540138 0.0456823
57 0.000642652 0.00295758 0.036672 4.9324e-05 0.00626693 0.0465905
58 0.00049062 0.00309275 0.0368888 5.1186e-05 0.00636531 0.0468907
59 0.000471266 0.00294005 0.0364667 5.1999e-05 0.00633931 0.0462711
60 0.000513449 0.002745 0.0367227 5.0103e-05 0.0073924 0.0474252
61 0.000476186 0.0029112 0.0367589 5.1841e-05 0.0131811 0.0533808
62 0.000568034 0.0042094 0.0396098 5.83e-05 0.0146302 0.0590779
63 0.00064835 0.00380507 0.0393677 5.7715e-05 0.0126347 0.0565155
64 0.000598564 0.00325343 0.0392657 5.8833e-05 0.014635 0.0578133
65 0.000558492 0.00391266 0.038594 6.0105e-05 0.0142842 0.0574114
66 0.000532686 0.00289386 0.0377342 5.6873e-05 0.0135912 0.0548112
67 0.000530534 0.00286865 0.0387806 5.7918e-05 0.00799867 0.0502385
68 0.000539496 0.0034411 0.0374174 5.9138e-05 0.008742 0.0502005
69 0.000527689 0.00292536 0.0380957 5.8912e-05 0.00742915 0.0490394
70 0.000514757 0.00279291 0.0393422 6.0229e-05 0.00692447 0.0496363
71 0.000513106 0.00302737 0.0399754 7.6547e-05 0.00810216 0.051696
72 0.000515351 0.00273539 0.0374854 5.8776e-05 0.00623864 0.0470349
73 0.000513947 0.00335368 0.0401262 6.3674e-05 0.00790079 0.0519601
74 0.000504915 0.00279713 0.0383566 6.4997e-05 0.0062785 0.0480035
75 0.000527787 0.00297788 0.0397086 6.5103e-05 0.00725141 0.050532
76 0.000525319 0.00297144 0.0382363 6.5078e-05 0.00631793 0.0481173
77 0.000691659 0.00321966 0.0379295 6.6022e-05 0.0139591 0.055867
78 0.000527714 0.0029037 0.0386069 7.1427e-05 0.0135475 0.0556587
79 0.000597716 0.00340872 0.0435021 7.5726e-05 0.0165918 0.0641785
80 0.000686452 0.00411177 0.0410987 7.8343e-05 0.0152041 0.0611812
81 0.000601536 0.00357794 0.0430003 8.2255e-05 0.0186104 0.0658746
82 0.000674578 0.00392542 0.0425316 8.0324e-05 0.0162708 0.0634844
83 0.00055876 0.003169 0.0408981 7.7318e-05 0.0146314 0.0593365
84 0.00055926 0.00381782 0.0425237 7.6673e-05 0.0151228 0.0621018
85 0.000520032 0.00334512 0.0401304 7.8563e-05 0.00987372 0.0539498
86 0.000555957 0.00325365 0.0407909 7.583e-05 0.00755897 0.0522374
87 0.000568866 0.00316222 0.0389668 7.2225e-05 0.00648369 0.0492553
88 0.000529651 0.00304729 0.0401367 7.611e-05 0.00650509 0.0502966
89 0.000548283 0.00287141 0.0394796 7.4015e-05 0.00656204 0.049537
90 0.000531112 0.00290115 0.0393957 0.0001192 0.00876373 0.0517126
91 0.000704058 0.00387857 0.0425464 7.8076e-05 0.00884623 0.056055
92 0.000567137 0.00318157 0.0425437 8.6025e-05 0.00685355 0.0532333
93 0.000587784 0.00317726 0.0412956 8.4475e-05 0.00763911 0.052786
94 0.000567128 0.00325121 0.0403839 8.4873e-05 0.0162639 0.0605529
95 0.000741131 0.00339158 0.0413867 8.5458e-05 0.0150444 0.0606508
96 0.00356669 0.00819011 0.0430995 0.000104769 0.0151684 0.0701317
97 0.000862224 0.00484371 0.0447925 0.000105971 0.01547 0.0660766
98 0.000755601 0.00416214 0.0442138 0.000106224 0.0199397 0.0691796
99 0.00067916 0.00398227 0.0430463 0.000106134 0.0171798 0.0649957
100 0.000634453 0.00366618 0.0442312 9.5921e-05 0.0114654 0.0600953
101 0.000759401 0.00426181 0.0359529 9.7483e-05 0.0114949 0.0525677
102 0.000662609 0.00462167 0.0437638 9.9221e-05 0.0111509 0.0603007
103 0.000625761 0.004344 0.0454056 9.7744e-05 0.00842582 0.0589007
104 0.00312161 0.00463881 0.0408182 9.2984e-05 0.00751264 0.056186
105 0.000624731 0.00420424 0.0433415 9.2615e-05 0.00724387 0.0555083
106 0.000622688 0.00393588 0.0408527 0.00014349 0.00820403 0.0537616
107 0.00291788 0.00453053 0.0409729 9.7443e-05 0.00766782 0.0561885
108 0.000683279 0.00486063 0.042141 0.000105798 0.00765175 0.0554441
109 0.000661328 0.00472354 0.0413972 0.000102276 0.00707473 0.0539607
110 0.000606808 0.00474105 0.0435439 0.000107527 0.016474 0.0654755
111 0.000561355 0.00361269 0.0442398 0.000152639 0.0176213 0.0661902
112 0.000523699 0.00337591 0.0418263 0.000100703 0.0171011 0.0629299
113 0.000568937 0.00318947 0.0407772 9.8213e-05 0.0153156 0.0599512
114 0.000567047 0.00319931 0.0409779 9.9394e-05 0.018746 0.0635914
115 0.000535808 0.00353112 0.0419075 0.000106254 0.0157812 0.0618641
116 0.000534494 0.00329784 0.041778 0.000101635 0.0147555 0.0604692
117 0.000553711 0.00365118 0.0434546 0.00011398 0.0154025 0.0631776
118 0.000621021 0.00361433 0.0430175 0.000111578 0.0155664 0.0629334
119 0.000594984 0.00363228 0.0430036 0.000114636 0.00803728 0.0553844
120 0.000634801 0.00354914 0.0425989 0.000116306 0.00760311 0.0545036
121 0.000552056 0.00323313 0.0418794 0.000105968 0.0070376 0.0528102
122 0.000769871 0.00428363 0.0413125 0.000107042 0.00847148 0.0549463
123 0.000513824 0.00340458 0.0424562 0.000110282 0.00765236 0.0541395
124 0.000695227 0.00316449 0.0407938 0.000108508 0.00787906 0.0526427
125 0.000602951 0.00345583 0.0426767 0.000122417 0.00711137 0.053971
126 0.00063264 0.00380668 0.0434015 0.00012138 0.016647 0.0646117
127 0.000602275 0.00343907 0.0421428 0.000125302 0.0144379 0.060749
128 0.000604788 0.00344332 0.0425307 0.000124066 0.0168297 0.0635342
129 0.000778748 0.00465246 0.0501067 0.000162178 0.0177931 0.0734954
130 0.000783019 0.00455129 0.0458534 0.000162204 0.0223561 0.0737084
131 0.00081707 0.00757636 0.0538661 0.00025842 0.0186961 0.0812168
132 0.000921171 0.00569134 0.053185 0.000204244 0.0181405 0.0781443
133 0.00067984 0.00400391 0.0439946 0.000144877 0.0162841 0.0651089
134 0.000680553 0.00400867 0.0454595 0.000144878 0.0156818 0.0659773
135 0.000667133 0.00603869 0.0470742 0.000196692 0.00901396 0.0629928
136 0.000545795 0.00361711 0.0429092 0.000131969 0.0077524 0.0549584
137 0.000764251 0.0052016 0.0439028 0.000136234 0.00701046 0.0570176
138 0.000630037 0.00346127 0.0435445 0.000135411 0.00835425 0.0561276
139 0.000561823 0.00377296 0.0430276 0.000141569 0.0072467 0.0547521
140 0.000603622 0.00347774 0.04198 0.000133727 0.00710226 0.053299
141 0.000651547 0.00412646 0.0435403 0.000159187 0.0148847 0.0633635
142 0.000634943 0.00410575 0.0435566 0.000151343 0.0146701 0.0631209
143 0.000677313 0.00411847 0.0430269 0.000151542 0.0156283 0.063604
144 0.000678603 0.00399905 0.0440639 0.000158432 0.0152241 0.064126
145 0.000561421 0.00367808 0.0424255 0.000137732 0.0183917 0.0651961
146 0.000601105 0.00344576 0.0426787 0.000137717 0.014818 0.0616827
147 0.000605997 0.00341577 0.0425964 0.000142349 0.0148124 0.061575
148 0.000595691 0.00343119 0.0423943 0.000143537 0.0154332 0.0619995
149 0.00056664 0.00320687 0.0422398 0.000130664 0.00998184 0.056127
150 0.000561814 0.00320171 0.0420063 0.000132166 0.00768047 0.0535844
151 0.000564392 0.00320742 0.0404535 0.000131791 0.00760961 0.0519677
152 0.000569765 0.00318354 0.0402622 0.000132547 0.00765496 0.0518047
153 0.000664953 0.00340969 0.0421435 0.000140753 0.00699537 0.053356
154 0.000616063 0.00345975 0.0413016 0.000146046 0.0078191 0.0533442
155 0.000605639 0.00343145 0.0412079 0.00014817 0.00787133 0.0532658
156 0.000601541 0.00343965 0.0416746 0.000146809 0.0071801 0.0530443
157 0.000601054 0.00348318 0.0459367 0.000198921 0.0158554 0.0660773
158 0.000803952 0.00453402 0.0464594 0.000199923 0.0157313 0.0677303
159 0.000783495 0.00455417 0.0454188 0.000205647 0.0159233 0.0668882
160 0.000776124 0.00460138 0.0460346 0.000205495 0.016071 0.0676902
161 0.000664718 0.00400238 0.0446374 0.000173946 0.020292 0.0697731
162 0.000667217 0.00399223 0.0444394 0.000174597 0.0153935 0.0646686
163 0.000655599 0.0039687 0.0436831 0.000175342 0.0159764 0.0644611
164 0.000601286 0.00413875 0.0443262 0.000182061 0.0153504 0.0646008
165 0.000748523 0.00455784 0.0464906 0.000210118 0.0104925 0.0625022
166 0.000715501 0.00472371 0.0466885 0.000227128 0.0078588 0.0602165
167 0.000726126 0.00464703 0.044468 0.000227372 0.006981 0.0570517
168 0.000723989 0.00468868 0.0443789 0.000216046 0.0070119 0.0570216
169 0.000643027 0.00395918 0.0428895 0.000179771 0.00692512 0.0545988
170 0.000647235 0.00409523 0.0428078 0.000189403 0.00773625 0.0554778
171 0.000698881 0.00393252 0.0453643 0.00018369 0.00724337 0.0574249
172 0.000660038 0.00401971 0.0431233 0.000185765 0.00711204 0.0551034
173 0.00065343 0.00350896 0.0416506 0.000166225 0.00753572 0.0535171
174 0.000590019 0.00347488 0.0423084 0.000171473 0.0144827 0.0610292
175 0.000619651 0.00344317 0.0415288 0.000165559 0.0144591 0.0602181
176 0.000602849 0.00346129 0.0421855 0.000167886 0.0149934 0.0614124
177 0.000667658 0.00399694 0.0438084 0.000189667 0.015097 0.0637613
178 0.00067865 0.00395234 0.04489 0.000191333 0.0203371 0.0700513
179 0.000651488 0.00398254 0.0449856 0.000193045 0.0155406 0.0653555
180 0.000673805 0.00394741 0.0443571 0.000194087 0.0153888 0.0645642
181 0.000583237 0.00345864 0.0424892 0.00016894 0.00989342 0.0565953
182 0.000583969 0.00346067 0.0435035 0.000168637 0.0100298 0.0577486
183 0.000589317 0.00346785 0.0429119 0.000179834 0.00845315 0.0556037
184 0.000581556 0.00347444 0.0418266 0.000174513 0.00677295 0.0528318
185 0.000584738 0.0035256 0.0416657 0.000180236 0.00676344 0.0527222
186 0.000661758 0.00396252 0.0439304 0.000203922 0.00720917 0.0559695
187 0.00062727 0.00407976 0.043802 0.000206772 0.00713219 0.0558496
188 0.000613791 0.0041359 0.0438165 0.000204705 0.00719742 0.0559701
189 0.000609984 0.00414301 0.0435848 0.000209324 0.0072686 0.0558179
190 0.00096442 0.00548214 0.0478212 0.00030878 0.00742876 0.0620086
191 0.00093088 0.00546336 0.0488542 0.000285826 0.00744891 0.0629861
192 0.00091785 0.00546482 0.0487021 0.000338062 0.00758409 0.0630096
193 0.00077816 0.0045774 0.0447066 0.000252409 0.00743919 0.0577562
194 0.000783959 0.00461073 0.0453883 0.000252315 0.00760029 0.0586383
195 0.000798349 0.00456867 0.0455976 0.000248899 0.00987763 0.0610937
196 0.000768592 0.00473503 0.0461653 0.000255849 0.0159442 0.067871
197 0.000700713 0.00396979 0.0438042 0.000221557 0.0150797 0.0637774
198 0.000669932 0.003967 0.0436379 0.000215496 0.0160744 0.0645674
199 0.000680637 0.00395476 0.0438535 0.000222058 0.0203326 0.0690458
200 0.000679413 0.00396328 0.0439453 0.000224575 0.0159107 0.0647249
201 0.000596188 0.00346564 0.0423112 0.000196615 0.0156006 0.0621718
202 0.000593196 0.0034957 0.0427835 0.000201209 0.00986905 0.0569439
203 0.000619914 0.00344525 0.0431611 0.000197494 0.0099154 0.057341
204 0.000595544 0.00348783 0.0433488 0.000197056 0.00772156 0.0553524
205 0.000685527 0.00396884 0.0419249 0.000227608 0.00750987 0.0543189
206 0.000662262 0.00396129 0.0427816 0.000226431 0.00673591 0.0543695
207 0.000663254 0.00397013 0.0425568 0.000235202 0.007194 0.0546212
208 0.00065551 0.00400679 0.0428979 0.000226009 0.00690458 0.0546926
209 0.000657314 0.00394326 0.0427069 0.00026912 0.00726832 0.0548467
210 0.0006146 0.00344514 0.0417358 0.000199551 0.00733732 0.0533343
211 0.000608651 0.00340973 0.040792 0.000210706 0.00718242 0.0522055
212 0.000591275 0.00347129 0.0416641 0.000209997 0.00727602 0.0532144
213 0.000591299 0.00350044 0.0414566 0.000204343 0.00730271 0.053057
214 0.000534607 0.00318991 0.0404568 0.000191888 0.00722559 0.0516004
215 0.000524258 0.00337111 0.0415077 0.000187495 0.00683373 0.0524269
216 0.000558664 0.00320253 0.0405281 0.000196797 0.00773021 0.0522173
217 0.000527683 0.00341801 0.041983 0.000196235 0.00793377 0.0540604
218 0.000595966 0.00343566 0.0417834 0.000210806 0.00704746 0.0530757
219 0.000610651 0.00341251 0.0419144 0.000216925 0.00710173 0.053258
220 0.000599655 0.0034851 0.0438129 0.000217586 0.00739728 0.055514
221 0.000608136 0.00359924 0.0423132 0.00022183 0.00713312 0.0538774
222 0.000601401 0.0043581 0.0455091 0.000291294 0.00741789 0.0581796
223 0.000729808 0.00480638 0.0448846 0.000295103 0.00962648 0.0603442
224 0.000789395 0.0045792 0.045963 0.000286534 0.0158651 0.0674861
225 0.000783604 0.0046072 0.0455795 0.000295741 0.0157949 0.0670629
226 0.00113006 0.00743055 0.0536207 0.0004452 0.0203783 0.0830084
227 0.00119898 0.00708728 0.053836 0.000435903 0.0307261 0.0932882
228 0.00119833 0.00714539 0.0524589 0.000492524 0.0205282 0.0818259
229 0.000903436 0.00545764 0.0484756 0.000377951 0.0174867 0.0727038
230 0.000927794 0.00542784 0.0485208 0.000380386 0.0175631 0.0728223
231 0.000921473 0.00548769 0.0482518 0.00035091 0.0101874 0.0652022
232 0.000917432 0.00549096 0.0489312 0.000372178 0.00788984 0.0636045
233 0.00079154 0.00459175 0.0443062 0.000311229 0.00697411 0.0569783
234 0.000773744 0.00458278 0.0434346 0.00031992 0.00701819 0.0561313
235 0.000797525 0.00460374 0.0433831 0.000300092 0.00714588 0.0562323
236 0.000782745 0.00456885 0.0456273 0.000263997 0.00728528 0.0585298
237 0.000676631 0.00396835 0.0432603 0.000253447 0.00703416 0.0551943
238 0.000665932 0.00398153 0.0424586 0.000267925 0.00774522 0.0551212
239 0.000678769 0.00401888 0.043101 0.000260445 0.00704122 0.0551025
240 0.000673581 0.00401122 0.0430602 0.000267165 0.00789455 0.0559085
241 0.00617513 0.00410992 0.0424596 0.000236777 0.00702445 0.0600071
242 0.00319043 0.00432325 0.041464 0.000231067 0.00705122 0.0562615
243 0.000620267 0.00431668 0.0429337 0.000231552 0.00726784 0.0553716
244 0.00353682 0.00424187 0.0436012 0.000235078 0.00741051 0.0590271
245 0.00069833 0.00394686 0.041144 0.00021722 0.00792835 0.0539363
246 0.00295458 0.00395003 0.0292701 0.000235933 0.00799039 0.0444026
247 0.000568816 0.00317896 0.0418532 0.000228794 0.00961022 0.0554414
248 0.000515872 0.00335456 0.0413991 0.000230646 0.0145318 0.0600338
249 0.000590734 0.00358665 0.0427176 0.000248763 0.0146716 0.061817
250 0.000558477 0.00362042 0.042817 0.000241998 0.0148514 0.0620916
251 0.000560945 0.00361001 0.0345901 0.000239769 0.0198781 0.0588811
252 0.000563584 0.00361518 0.0431519 0.00025199 0.0150551 0.0626394
253 0.000729731 0.00556301 0.0464537 0.00033665 0.0162109 0.0692969
254 0.000722351 0.00495101 0.0477991 0.000340221 0.0106135 0.0644287
255 0.000732334 0.00473543 0.047425 0.000330722 0.0103044 0.0635306
256 0.000753483 0.00453829 0.0462399 0.00033124 0.0079129 0.0597782
257 0.00067517 0.00394183 0.0431384 0.000282376 0.00685502 0.0548947
258 0.000623683 0.00414616 0.0438762 0.000286256 0.00706979 0.0560043
259 0.000620129 0.00414203 0.0446391 0.000287779 0.00717002 0.0568616
260 0.000621716 0.00417075 0.0443131 0.000289217 0.00714387 0.0565405
261 0.00062068 0.00345953 0.0430328 0.00024922 0.00720318 0.054567
262 0.000603485 0.00349418 0.0434333 0.000254292 0.00720897 0.0549964
263 0.000596021 0.00349935 0.0421366 0.000252548 0.00699706 0.0534831
264 0.000617428 0.00347861 0.042112 0.000252881 0.00712618 0.053589
265 0.000667789 0.00401242 0.0440512 0.00028935 0.00739627 0.0564189
266 0.000664235 0.00400225 0.045433 0.000294475 0.0075151 0.0579112
267 0.000643862 0.00412961 0.0435497 0.000293492 0.00728647 0.0559051
268 0.000666673 0.00397898 0.0437846 0.000292074 0.00735111 0.0560755
269 0.00066781 0.00479193 0.0488205 0.000420934 0.00778399 0.0624876
270 0.000872535 0.00573083 0.0492495 0.000417756 0.00767674 0.0639504
271 0.000944687 0.00543157 0.0483168 0.00041426 0.00770627 0.0628168
272 0.000853435 0.00568429 0.0488949 0.000427061 0.00789053 0.0637532
273 0.000771894 0.00458969 0.0463938 0.000349704 0.00994451 0.0620515
274 0.000774893 0.00461431 0.0460381 0.000370442 0.0159956 0.067796
275 0.000770732 0.00456823 0.0464814 0.000364835 0.0161241 0.0683107
276 0.000739314 0.00481928 0.0470024 0.00038922 0.0164083 0.0693609
277 0.00065734 0.00400028 0.045129 0.000301665 0.0200538 0.0701444
278 0.000664834 0.00397341 0.044979 0.000305975 0.0154421 0.0653674
279 0.000662067 0.00401218 0.0453179 0.000306863 0.0153282 0.0656293
280 0.000614829 0.00418518 0.0449306 0.000310753 0.0153874 0.0654313
281 0.000766399 0.00458234 0.0480388 0.000364627 0.0103356 0.0640894
282 0.000708493 0.0046004 0.0463665 0.000365366 0.00793352 0.0599759
283 0.000768747 0.00463352 0.0448212 0.000367455 0.00785035 0.0584431
284 0.000769096 0.00465992 0.0329641 0.000416123 0.0071038 0.0459149
285 0.0011785 0.00715965 0.052581 0.000589223 0.00763474 0.0691465
286 0.00116844 0.00715793 0.0549096 0.000615749 0.00767304 0.071528
287 0.0011966 0.007047 0.0542729 0.000572629 0.00777309 0.0708653
288 0.000920195 0.0054719 0.0487969 0.000454819 0.00743773 0.063084
289 0.000961891 0.00547094 0.0503222 0.000461988 0.0075828 0.0648027
290 0.000935159 0.00550921 0.0405844 0.000467934 0.00831088 0.0558105
291 0.000770351 0.004589 0.047123 0.000383885 0.00735811 0.0602261
292 0.000769755 0.00459468 0.0479479 0.000422334 0.0076456 0.0613831
293 0.00076507 0.00458443 0.0469321 0.000389893 0.00740421 0.060079
294 0.000765021 0.00460301 0.0475008 0.000405128 0.00747335 0.0607497
295 0.000661653 0.00396913 0.0448955 0.000334996 0.00732777 0.0571913
296 0.000666928 0.0039989 0.0431293 0.000338601 0.00813888 0.0562752
297 0.000626538 0.00407714 0.0375963 0.000324445 0.00742413 0.0500506
298 0.000616034 0.004138 0.0455128 0.000344588 0.0074376 0.0580505
299 0.00055246 0.0036558 0.0440543 0.000304673 0.00734442 0.0559134
300 0.000546014 0.00370224 0.0394884 0.000291471 0.00812467 0.0521544
301 0.000537581 0.00364984 0.0440184 0.000314531 0.00743743 0.0559597
302 0.000565355 0.00367257 0.0447146 0.000313046 0.00746331 0.0567305
303 0.000660526 0.00400269 0.0462169 0.000333374 0.00769891 0.0589143
304 0.00061294 0.00420947 0.0459595 0.000351211 0.00760506 0.0587401
305 0.00060762 0.00416879 0.0461997 0.000352788 0.00766779 0.0589988
306 0.0006037 0.00418167 0.046062 0.000337292 0.00768763 0.0588744
307 0.000936184 0.00543217 0.0521936 0.000492051 0.00819761 0.0672549
308 0.000855707 0.00580654 0.0509933 0.000472518 0.00811781 0.0662487
309 0.000875695 0.00572391 0.0506037 0.000492485 0.00808671 0.0657854
310 0.000840559 0.00573562 0.0391055 0.000497985 0.00816148 0.0543438
311 0.00109966 0.0075213 0.0487891 0.000668542 0.0085258 0.066608
312 0.00109765 0.00742378 0.0568803 0.000634919 0.00850892 0.0745489
313 0.00117437 0.00724165 0.0576046 0.000645944 0.00881939 0.0754893
314 0.00109761 0.0073835 0.0551044 0.000707312 0.00859668 0.0728928
315 0.00113267 0.00722676 0.045584 0.000670531 0.008672 0.0632895
316 0.00113492 0.00761446 0.0566538 0.000702455 0.0112282 0.0773371
317 0.000839316 0.00574377 0.0523632 0.000502341 0.0107369 0.0701885
318 0.000894918 0.00572622 0.053437 0.000507712 0.0111627 0.0717324
319 0.000894823 0.00549018 0.0415253 0.000513654 0.0109075 0.0593343
320 0.000749543 0.00461736 0.040638 0.000401918 0.0175662 0.0639757
321 0.000733079 0.00458093 0.0500161 0.00041957 0.0168221 0.0725742
322 0.000753838 0.00459408 0.0493071 0.000417099 0.0108644 0.0659389
323 0.000681657 0.00481728 0.050019 0.000429608 0.0108636 0.066813
324 0.000630553 0.0039965 0.0357617 0.000386473 0.011632 0.0524091
325 0.000634941 0.00400753 0.0430743 0.000351581 0.00841016 0.0564803
326 0.000655008 0.00391162 0.0486996 0.000355591 0.00839043 0.0620145
327 0.000635422 0.00413967 0.0502954 0.000358441 0.00872044 0.0641517
328 0.000571601 0.00346154 0.0469967 0.000311614 0.00852625 0.0598694
329 0.000592975 0.00344466 0.0478767 0.000317617 0.00852512 0.0607592
330 0.000596888 0.00347114 0.0350595 0.000338381 0.0224582 0.0619261
331 0.000587906 0.00344918 0.0508168 0.000334159 0.012407 0.0675969
332 0.000639903 0.00398783 0.0512904 0.000355941 0.0125341 0.0688101
333 0.000654017 0.00401343 0.0513913 0.000361691 0.0127484 0.0691711
334 0.000651752 0.00401754 0.0524691 0.000391451 0.0184595 0.075991
335 0.000659396 0.00400662 0.0528048 0.000381403 0.0130578 0.0709126
336 0.000918652 0.00551665 0.0585031 0.000517058 0.0216156 0.087074
337 0.000923668 0.00554089 0.0578368 0.000519963 0.0133819 0.0782059
338 0.000947963 0.00551121 0.0573305 0.000514025 0.0132994 0.0776058
339 0.000936217 0.00549185 0.058306 0.000516493 0.0103874 0.0756408
340 0.000767117 0.00460661 0.0571436 0.000468811 0.010409 0.0733982
341 0.000741696 0.00482796 0.0569168 0.000483347 0.0104927 0.0734645
342 0.000743815 0.00477211 0.0500137 0.000440493 0.0105442 0.0665167
343 0.000879959 0.00579676 0.0586572 0.00054634 0.0105474 0.0764302
344 0.000910323 0.00581302 0.0603252 0.000555125 0.0106089 0.0782155
345 0.000907263 0.0057423 0.0608856 0.000551531 0.0106599 0.0787493
346 0.000923198 0.0058295 0.0610882 0.000556214 0.0109482 0.0793481
347 0.000716394 0.0047926 0.0568925 0.000464773 0.018611 0.0814791
348 0.000748319 0.00479553 0.0609472 0.000464308 0.0158488 0.0828065
349 0.000783026 0.00460188 0.0598755 0.000473071 0.0153021 0.0810391
350 0.00067665 0.00402118 0.058376 0.000381507 0.0226402 0.0860972
351 0.000675654 0.00402736 0.0590214 0.000404354 0.0209398 0.0850708
352 0.000672088 0.0040366 0.0578756 0.000382154 0.0207697 0.0837383
353 0.000673064 0.00401869 0.0580637 0.000400448 0.0207383 0.0838964
354 0.00059965 0.00352305 0.0603747 0.000339531 0.0213332 0.0861718
355 0.000596895 0.00360199 0.0576913 0.000341968 0.0155956 0.0778294
356 0.000574012 0.00366978 0.0586135 0.000364314 0.0118743 0.0750975
357 0.00055588 0.00366467 0.0534705 0.000363733 0.0118436 0.0699005
358 0.00061073 0.00425986 0.0606519 0.000416665 0.0122761 0.0782174
359 0.000594729 0.0041975 0.0609885 0.000418815 0.0123107 0.078512
360 0.0006586 0.00418915 0.0604155 0.000420951 0.0121593 0.077846
361 0.000644161 0.00412638 0.0590966 0.000420976 0.0120342 0.0763243
362 0.000580639 0.00361019 0.0588197 0.000369734 0.0195272 0.0829093
363 0.000540983 0.00423891 0.0606319 0.000378108 0.0172036 0.0829948
364 0.000584471 0.00350084 0.0606333 0.000354584 0.0173376 0.0824125
365 0.000586702 0.00392766 0.0617294 0.000354051 0.0225017 0.0891011
366 0.00060069 0.00415732 0.0626044 0.000433815 0.0228065 0.0906046
367 0.000633504 0.0041923 0.0630913 0.000426586 0.0228483 0.0911943
368 0.000659357 0.00509204 0.0662177 0.000430928 0.0234694 0.0958715
369 0.000658237 0.00485881 0.064566 0.000408507 0.0229697 0.0934633
370 0.000962939 0.00551456 0.0715991 0.000573463 0.026286 0.104939
371 0.000875565 0.00703285 0.0713986 0.000588513 0.0141291 0.0940274
372 0.000868195 0.00583234 0.0691556 0.000586541 0.0138464 0.0902921
373 0.000777368 0.00463482 0.0672016 0.000478429 0.0146622 0.0877565
374 0.000730362 0.00477193 0.0670552 0.000480588 0.0137061 0.0867463
375 0.00120629 0.00475098 0.069148 0.000504798 0.0142959 0.0899081
376 0.000717719 0.00475754 0.06695 0.100623 0.0275313 0.200583
377 0.000681468 0.00399437 0.0670901 0.101682 0.0197992 0.193249
378 0.000656699 0.00415786 0.067823 0.102076 0.0207078 0.195424
379 0.000675941 0.00398417 0.0678774 0.101723 0.0258496 0.200112
380 0.000718718 0.00482616 0.0697264 0.10489 0.0271231 0.207287
381 0.000769015 0.00475186 0.0693716 0.104563 0.0271291 0.206587
382 0.000791831 0.00457422 0.0696881 0.105419 0.0272184 0.207695
383 0.00125278 0.00762993 0.0783111 0.116533 0.0309979 0.234728
384 0.00118453 0.00719349 0.0773143 0.116824 0.0328133 0.235333
385 0.00113662 0.00744571 0.0773017 0.117568 0.0157779 0.219233
386 0.000906014 0.00547981 0.0718726 0.108795 0.0162862 0.203343
387 0.000932042 0.00547938 0.0718668 0.13676 0.0162745 0.231315
388 0.000857507 0.00573135 0.0731653 0.137202 0.0161975 0.233156
389 0.00105958 0.00743562 0.0780216 0.11846 0.0158078 0.220788
390 0.00110438 0.00734474 0.0779918 0.147978 0.0267603 0.261184
391 0.00111762 0.00728413 0.0795915 0.149617 0.0222903 0.259904
392 0.000866784 0.0057176 0.0745397 0.140016 0.0224659 0.243609
393 0.000865337 0.00626179 0.0749501 0.13964 0.0300408 0.251761
394 0.000911299 0.00578506 0.0741822 0.121835 0.0337359 0.236452
395 0.000777414 0.00461261 0.0718048 0.116647 0.0383983 0.232242
396 0.000777726 0.00483253 0.0713075 0.107691 0.0291375 0.213749
397 0.000767101 0.00471017 0.0716973 0.116705 0.0302516 0.224134
398 0.0006208 0.00424209 0.0701785 0.10571 0.0279466 0.2087
399 0.00068515 0.00400306 0.0718534 0.136816 0.0173198 0.230679
400 0.000631002 0.00468339 0.0703593 0.132615 0.0155717 0.223863
401 0.000753229 0.00476229 0.0679445 0.132014 0.015721 0.221197
402 0.000720943 0.00477799 0.0686771 0.132214 0.0149722 0.221365
403 0.00073304 0.00479248 0.0686792 0.132244 0.0156956 0.222146
404 0.000722656 0.00480936 0.0677886 0.129154 0.0247739 0.22725
405 0.000684257 0.00406677 0.069313 0.132246 0.0220649 0.228377
406 0.000621346 0.00419233 0.0701555 0.151845 0.021689 0.248504
407 0.000684002 0.00401419 0.0687409 0.0449126 0.0273375 0.145692
408 0.000599449 0.00349716 0.0680816 0.0265239 0.0295264 0.12823
409 0.000600427 0.00348052 0.0673716 0.0254296 0.0306247 0.127508
410 0.000603196 0.00359009 0.0696604 0.027604 0.029732 0.131192
411 0.000536523 0.00366394 0.0674443 0.129047 0.0271266 0.227822
412 0.000706496 0.0040022 0.0694045 0.132037 0.0275692 0.233721
413 0.000660167 0.00411245 0.0693639 0.149856 0.0162553 0.24025
414 0.00066019 0.00399969 0.066589 0.146328 0.0145189 0.232098
415 0.000864735 0.00569799 0.0706861 0.153017 0.0146892 0.244958
416 0.00090539 0.0055233 0.0702253 0.153182 0.0147138 0.244553
417 0.000834943 0.00576143 0.0708087 0.152369 0.0164064 0.246184
418 0.000761603 0.00456651 0.069548 0.150455 0.0229249 0.248259
419 0.000756193 0.00505375 0.0721831 0.156239 0.0206098 0.254844
420 0.000760532 0.00467268 0.0700638 0.133137 0.0275777 0.236214
421 0.000918584 0.00558876 0.0731675 0.138169 0.0292281 0.247075
422 0.000943587 0.0056355 0.0731477 0.138298 0.0330748 0.251103
423 0.000920344 0.00555081 0.0738058 0.13826 0.0312137 0.249754
424 0.000773035 0.00470731 0.0719162 0.153422 0.027104 0.257925
425 0.000775552 0.0046831 0.0697581 0.15241 0.0290965 0.256726
426 0.000752344 0.00477299 0.0708368 0.151687 0.027064 0.255115
427 0.000664547 0.00399283 0.0687524 0.148442 0.0157639 0.237618
428 0.000632544 0.00423596 0.0660748 0.14401 0.0141692 0.229125
429 0.000666058 0.00400299 0.0663753 0.146271 0.0143401 0.231658
430 0.000668835 0.00403155 0.065933 0.144267 0.0141741 0.229075
431 0.000597942 0.00347564 0.064959 0.14219 0.0141493 0.225373
432 0.00059956 0.00346631 0.0652332 0.141547 0.0150449 0.225892
433 0.00060093 0.00352247 0.0649891 0.142718 0.0142846 0.226117
434 0.000679191 0.00399622 0.0667779 0.14445 0.0143423 0.230248
435 0.000677821 0.00399744 0.0662027 0.144899 0.0143807 0.23016
436 0.000674244 0.0039839 0.0662779 0.128558 0.0237903 0.223287
437 0.000675596 0.00399061 0.0728761 0.137397 0.0208946 0.235837
438 0.000944097 0.00549162 0.0723755 0.138262 0.0291902 0.246267
439 0.000941884 0.00553413 0.0730675 0.138868 0.029765 0.24818
440 0.000783863 0.00459189 0.0703739 0.150368 0.0291973 0.255318
441 0.000787362 0.00457884 0.0700398 0.151546 0.0293259 0.256281
442 0.000725605 0.00472405 0.0702064 0.151753 0.0272613 0.254673
443 0.000731161 0.00475724 0.0707615 0.15217 0.0263098 0.254732
444 0.000678406 0.00402611 0.068824 0.148734 0.0262293 0.248494
445 0.000755479 0.00461877 0.0718599 0.150995 0.0156968 0.243927
446 0.000704203 0.00406923 0.0683681 0.149978 0.0147763 0.237898
447 0.000812747 0.00455428 0.0674805 0.146777 0.0143177 0.233944
448 0.000812722 0.00467335 0.0682233 0.148367 0.0145634 0.236641
449 0.000828543 0.00457643 0.0678645 0.147832 0.0143956 0.2355
450 0.000759954 0.00466316 0.0659511 0.144371 0.014307 0.230054
451 0.00070642 0.00482929 0.0668816 0.145304 0.0144958 0.232219
452 0.000755571 0.00492103 0.0578808 0.144167 0.0143911 0.222118
453 0.000819359 0.00587529 0.0679731 0.147065 0.0148901 0.236626
454 0.000804931 0.00568482 0.067974 0.147687 0.0144743 0.236628
455 0.000809396 0.00455306 0.0680101 0.14846 0.014445 0.23628
456 0.000751889 0.00480996 0.0707039 0.154494 0.0150607 0.245823
457 0.0011711 0.00731973 0.0760639 0.160885 0.0150512 0.260495
458 0.00121045 0.00738946 0.0754071 0.161016 0.0151843 0.260211
459 0.000955702 0.00545071 0.0708842 0.153155 0.0147814 0.245229
460 0.000948333 0.00548773 0.0715432 0.155347 0.01485 0.248179
461 0.000974 0.0055848 0.0712579 0.153902 0.0148703 0.246592
462 0.000802303 0.00457053 0.0690355 0.150407 0.0148131 0.23963
463 0.000798639 0.00458626 0.0692773 0.149508 0.0292213 0.253394
464 0.000734359 0.0047711 0.0707772 0.151958 0.0208331 0.249076
465 0.000629305 0.00419474 0.0689108 0.131548 0.0269232 0.232209
466 0.000640012 0.00496505 0.0693658 0.132398 0.0272685 0.23464
467 0.0006872 0.00403235 0.070304 0.152879 0.028666 0.25657
468 0.000690225 0.00397354 0.0687486 0.131988 0.0289912 0.234394
469 0.00079986 0.0047503 0.070567 0.152468 0.0274069 0.255995
470 0.000783865 0.00464659 0.0710282 0.137028 0.0280161 0.241506
471 0.000791386 0.00460414 0.0707437 0.135163 0.028082 0.239387
472 0.000632487 0.00418351 0.0691333 0.132014 0.0167639 0.222729
473 0.000613084 0.00424393 0.0525638 0.128171 0.0142585 0.199852
474 0.000642988 0.00435907 0.0680249 0.12865 0.0150911 0.21677
475 0.000614479 0.00346876 0.0662067 0.124244 0.0151203 0.209656
476 0.000587442 0.00371793 0.0555346 0.12788 0.0146354 0.202357
477 0.000592488 0.00362671 0.0610834 0.126267 0.0151184 0.20669
478 0.000565367 0.00368239 0.0652634 0.126533 0.0151483 0.211194
479 0.000691485 0.00403451 0.0671097 0.128635 0.0145104 0.214982
480 0.000613987 0.00421598 0.0683436 0.13103 0.0157151 0.219921
481 0.000644279 0.00418692 0.0601726 0.102096 0.015292 0.182393
482 0.000870491 0.00520082 0.0713335 0.109074 0.0156712 0.202153
483 0.000970104 0.00701394 0.0723841 0.109126 0.0159881 0.205485
484 0.000977782 0.00551441 0.0718108 0.125825 0.0151457 0.219278
485 0.000929462 0.00466008 0.0607644 0.150154 0.0155957 0.232108
486 0.000710057 0.00481813 0.0693795 0.149079 0.0241555 0.248144
487 0.000766213 0.00459588 0.0712718 0.153005 0.0210429 0.250684
488 0.000757747 0.0045749 0.0580952 0.154144 0.0285472 0.246121
489 0.000678875 0.00405284 0.0692243 0.14927 0.0263185 0.249547
490 0.000665485 0.00400654 0.0691562 0.150418 0.0282481 0.252496
491 0.000612151 0.00418583 0.0716274 0.150833 0.0282012 0.255462
492 0.000720106 0.00480851 0.0719448 0.135012 0.0283541 0.240841
493 0.000755502 0.00482894 0.0721565 0.155643 0.0274631 0.26085
494 0.000771365 0.00483872 0.0720914 0.153466 0.0276439 0.258814
495 0.000639811 0.00422765 0.0701542 0.150741 0.0161911 0.241955
496 0.000671711 0.0040361 0.067933 0.147581 0.0148248 0.235049
497 0.000675631 0.00416157 0.067761 0.146536 0.014798 0.233935
498 0.000657809 0.00400052 0.0664615 0.127554 0.015618 0.214294
499 0.00058908 0.0036905 0.0687299 0.147688 0.0150922 0.235791
500 0.000602488 0.00350215 0.0666276 0.127437 0.0153655 0.213537
501 0.000588046 0.00366833 0.0668698 0.144441 0.0153588 0.230928
502 0.000674696 0.00401731 0.0693386 0.146292 0.022424 0.24275
503 0.000629196 0.0042178 0.0700594 0.149583 0.0261935 0.250685
504 0.000669432 0.00402718 0.0695318 0.14792 0.026033 0.248183
505 0.000907298 0.00575235 0.0741774 0.139508 0.02963 0.249977
506 0.000915998 0.00562786 0.0736696 0.111049 0.0313854 0.222651
507 0.000871302 0.00570083 0.0737703 0.129614 0.0314047 0.241364
508 0.00069239 0.00478721 0.0711259 0.152702 0.028912 0.258222
509 0.000746403 0.00456159 0.0714369 0.152204 0.0271809 0.256132
510 0.000746819 0.00462671 0.0712996 0.159425 0.0281473 0.264248
511 0.000881442 0.0055114 0.0741605 0.157789 0.0161438 0.25449
512 0.000808334 0.00569514 0.0710096 0.154634 0.0148022 0.246951
513 0.000808312 0.00571453 0.0719227 0.154754 0.0147625 0.247965
514 0.000819123 0.00578421 0.0698284 0.131081 0.0155023 0.223018
515 0.0006808 0.00480004 0.0682407 0.130434 0.0154564 0.219615
516 0.000712396 0.00477079 0.0695774 0.133797 0.0212648 0.230126
517 0.000760287 0.00479633 0.0683206 0.148023 0.0196083 0.24151
518 0.000648822 0.00416283 0.067136 0.0442766 0.0255249 0.141752
519 0.000609367 0.00416531 0.0665037 0.0434811 0.0257194 0.140482
520 0.000658144 0.00401444 0.0661074 0.0433625 0.0278621 0.142007
521 0.000763408 0.00460397 0.0678541 0.0263913 0.0288769 0.128493
522 0.000701651 0.00477547 0.0684712 0.0446546 0.0270481 0.145653
523 0.00070264 0.00481097 0.0682897 0.0443259 0.0267646 0.144896
524 0.000702393 0.00480854 0.0690297 0.0460892 0.027398 0.14803
525 0.000651712 0.0046058 0.0656548 0.0431571 0.0158446 0.131028
526 0.000661585 0.00400509 0.0629592 0.0251828 0.0147593 0.10757
527 0.000657922 0.0041925 0.0638809 0.0413322 0.0141369 0.124202
528 0.000613187 0.00418144 0.0621351 0.0412423 0.014266 0.12244
529 0.000585468 0.00346946 0.0612684 0.0251064 0.0194444 0.109876
530 0.000541195 0.00369913 0.0620861 0.0407859 0.0235695 0.130684
531 0.000603716 0.00347584 0.0616442 0.0407132 0.0237742 0.130213
532 0.000676465 0.00399084 0.0662377 0.0437923 0.0252502 0.139949
533 0.000661666 0.00421636 0.0628259 0.0417072 0.0266627 0.136076
534 0.000674462 0.00397888 0.0627933 0.0409926 0.0262556 0.135799
535 0.000695002 0.00401604 0.0626391 0.0405882 0.0235402 0.13148
536 0.000942682 0.00558535 0.0696134 0.0450752 0.0274503 0.14867
537 0.000940877 0.00552499 0.0675427 0.0431663 0.0260412 0.143219
538 0.000929306 0.00557342 0.0679579 0.0441507 0.0151361 0.133751
539 0.000702845 0.0048221 0.062996 0.0390538 0.0122822 0.119859
540 0.000753013 0.00456237 0.0624032 0.0402591 0.0131367 0.121118
541 0.000743904 0.00459008 0.0607543 0.0401792 0.0121891 0.118459
542 0.000722883 0.00468549 0.0632051 0.0262297 0.0136133 0.109915
543 0.000881682 0.00550168 0.0641789 0.0275421 0.0257136 0.123821
544 0.000878191 0.00584656 0.0686854 0.0436583 0.0252115 0.144283
545 0.000886836 0.00649846 0.0640072 0.0275759 0.0256874 0.124659
546 0.000723711 0.00481717 0.0609257 0.0253543 0.024049 0.115872
547 0.000721631 0.00479041 0.060201 0.0252275 0.0281018 0.119045
548 0.000705772 0.00482323 0.0610024 0.039252 0.0256119 0.131399
549 0.000709317 0.00481414 0.0605468 0.0260354 0.0244578 0.116566
550 0.000602877 0.00416276 0.0581485 0.0258315 0.0231187 0.111867
551 0.000623953 0.00415148 0.058087 0.024438 0.0243357 0.111639
552 0.000635236 0.00419701 0.0580527 0.118099 0.0123954 0.193381
553 0.000756688 0.00554078 0.0574016 0.121836 0.0106298 0.197648
554 0.000797808 0.00487666 0.0569658 0.0921326 0.0114185 0.166194
555 0.000723897 0.0048165 0.0562382 0.102615 0.0115984 0.175995
556 0.000752503 0.0047994 0.0565446 0.126735 0.010768 0.199602
557 0.00115223 0.0076287 0.0646228 0.140118 0.0121161 0.225641
558 0.0012425 0.00707301 0.0668208 0.143766 0.0246533 0.24356
559 0.00124203 0.00721395 0.0648 0.141423 0.0246811 0.239363
560 0.000927993 0.00576567 0.0616039 0.135981 0.0228162 0.227098
561 0.000957932 0.00551485 0.0611791 0.133921 0.0236322 0.225209
562 0.00095616 0.0055082 0.0630135 0.125178 0.026359 0.221018
563 0.000787144 0.00481306 0.0566729 0.115467 0.0229303 0.200673
564 0.000815025 0.00459208 0.056593 0.115701 0.0209387 0.198644
565 0.000792318 0.00455469 0.0567695 0.115312 0.0213361 0.198768
566 0.000687614 0.00409038 0.0554421 0.113213 0.0199042 0.193339
567 0.00075597 0.00412365 0.0544272 0.0894678 0.0111249 0.159901
568 0.000637159 0.00415043 0.0528678 0.0883854 0.00972124 0.155764
569 0.000643744 0.00417962 0.0521759 0.0868818 0.00957214 0.153455
570 0.000802591 0.00459982 0.0535037 0.0888588 0.00967075 0.157438
571 0.000757437 0.00473707 0.0548119 0.0921214 0.0101385 0.162568
572 0.000729392 0.00479943 0.0551001 0.0908257 0.0133114 0.164768
573 0.000648709 0.00453063 0.0515598 0.0871599 0.0181615 0.162063
574 0.000632252 0.00418494 0.0513879 0.0871979 0.0182254 0.16163
575 0.00063961 0.0047581 0.0519758 0.10783 0.019186 0.184392
576 0.000686256 0.00398634 0.0540785 0.11153 0.0212187 0.191502
577 0.000562718 0.00367357 0.0499774 0.103934 0.0203807 0.178531
578 0.00056076 0.0036591 0.0510493 0.0839992 0.0184672 0.157737
579 0.00056493 0.00365683 0.05018 0.102426 0.0204485 0.177278
580 0.000566862 0.00373799 0.0520186 0.107654 0.0204743 0.184454
581 0.000625594 0.00418906 0.051939 0.10563 0.0108618 0.173247
582 0.000633144 0.00413741 0.0493672 0.101494 0.00979175 0.165426
583 0.00064048 0.00415884 0.0492474 0.102381 0.0088807 0.165311
584 0.000542318 0.00369467 0.0474282 0.0707944 0.0101145 0.132576
585 0.000553153 0.00366797 0.0487486 0.10082 0.00907751 0.162869
586 0.000599939 0.00345221 0.0475979 0.0903657 0.0119044 0.153922
587 0.000589571 0.00369932 0.0478 0.070849 0.019338 0.142278
588 0.000677785 0.00401266 0.0501103 0.0831161 0.018392 0.156311
589 0.000631218 0.00419451 0.0501007 0.101352 0.0196305 0.175911
590 0.000604157 0.00416418 0.0498429 0.0715916 0.0210738 0.147279
591 0.000598509 0.00416363 0.0502292 0.0724006 0.0211692 0.148564
592 0.000876926 0.00597952 0.0544192 0.100375 0.0224838 0.184138
593 0.000845568 0.00577591 0.0541021 0.109218 0.0209021 0.190847
594 0.000839872 0.00584747 0.0535956 0.0977701 0.0216052 0.179662
595 0.000700809 0.00479823 0.0517332 0.10381 0.0114726 0.172516
596 0.000751979 0.0047785 0.0479401 0.0908333 0.00906727 0.153373
597 0.000714042 0.00478649 0.0482578 0.0817067 0.00832965 0.143798
598 0.000706846 0.00488019 0.0489548 0.0166023 0.00851357 0.0796599
599 0.000828602 0.00571537 0.0519118 0.00104574 0.00865311 0.0681578
600 0.000823394 0.00575875 0.0511508 0.001173 0.0114796 0.0703882
601 0.000852097 0.00574398 0.051936 0.000971027 0.018912 0.0784182
602 0.000695468 0.00473287 0.0492158 0.000864666 0.0172939 0.072805
603 0.00071095 0.00476939 0.0486489 0.00087238 0.017476 0.0724807
604 0.000767801 0.0046147 0.0495925 0.000868508 0.0198996 0.0757454
605 0.000707464 0.00478128 0.0496903 0.000879007 0.0198082 0.0758691
606 0.000853434 0.00567922 0.052912 0.00104776 0.0200229 0.0805184
607 0.000904779 0.0057467 0.0523641 0.00104421 0.0192588 0.0793222
608 0.000850314 0.00569099 0.0515517 0.00104606 0.0194753 0.0786173
609 0.000841424 0.0057451 0.0518719 0.00104679 0.00915046 0.0686584
610 0.000694516 0.00511234 0.0461086 0.000888358 0.00754308 0.0603493
611 0.000701516 0.00473889 0.0457871 0.000901715 0.00753898 0.0596705
612 0.000769461 0.00459624 0.0461282 0.000850146 0.00766383 0.0600104
613 0.000854101 0.00586101 0.0486403 0.000994656 0.00786555 0.0642178
614 0.000931094 0.00551901 0.050247 0.00103544 0.00797497 0.0657106
615 0.000870624 0.00575729 0.0489402 0.00105822 0.0107711 0.0674002
616 0.000877053 0.00576527 0.0490841 0.00110591 0.0180104 0.0748454
617 0.000720376 0.00484938 0.046799 0.000977817 0.0166037 0.0699526
618 0.000727714 0.00480467 0.0450751 0.000917293 0.0166381 0.0681654
619 0.000734721 0.00478227 0.0470696 0.000923852 0.0189685 0.0724814
620 0.000775313 0.0047767 0.0467869 0.000914287 0.0189476 0.0722033
621 0.000642195 0.00418934 0.0449582 0.00076536 0.0168673 0.0674238
622 0.000621467 0.00416133 0.0452344 0.00081852 0.0160478 0.0668853
623 0.000621616 0.00420129 0.0450303 0.000778092 0.0108444 0.0614778
624 0.000620443 0.00417838 0.0447314 0.000783166 0.00829438 0.0586099
625 0.000709961 0.00480314 0.0439133 0.000903473 0.0069524 0.0572844
626 0.000721333 0.00494975 0.0453581 0.000900872 0.00714395 0.059076
627 0.000730004 0.00481952 0.0452374 0.000937465 0.00800773 0.0597342
628 0.000729102 0.00478357 0.0441203 0.000846288 0.00805524 0.0585365
629 0.00117073 0.00744901 0.0530299 0.00136392 0.0101312 0.0731481
630 0.00113578 0.00754137 0.052935 0.0013299 0.0199734 0.0829187
631 0.00114778 0.00735179 0.0525985 0.00140304 0.0200126 0.0825168
632 0.000930428 0.00570371 0.0476903 0.00109473 0.0182924 0.0737148
633 0.000899333 0.00577351 0.0486643 0.00111322 0.0202462 0.0767001
634 0.000920736 0.0056766 0.0488581 0.00110069 0.0194427 0.0760019
635 0.00108891 0.00671827 0.0549692 0.00149964 0.0209967 0.0852757
636 0.00121159 0.00708339 0.0526878 0.00143593 0.0204863 0.0829083
637 0.00115842 0.00743194 0.0537788 0.00132051 0.0225066 0.086199
638 0.00112926 0.00739304 0.055148 0.00143206 0.0082945 0.0734005
639 0.000874118 0.00572379 0.0460351 0.00109197 0.00663139 0.0603595
640 0.000868374 0.00580354 0.0470548 0.00104607 0.00681899 0.0615939
641 0.000916209 0.00581004 0.0470338 0.00104117 0.0067366 0.0615407
642 0.000786782 0.00477401 0.0446795 0.000930046 0.00712233 0.058295
643 0.000729755 0.00477007 0.0440452 0.000877856 0.00669813 0.0571237
644 0.000734988 0.00485988 0.0458244 0.000949081 0.00707001 0.0594408
645 0.000733744 0.0048368 0.0435942 0.000935784 0.00978814 0.0598912
646 0.000899023 0.00579074 0.0464769 0.00105463 0.0165394 0.0707639
647 0.000885104 0.00573826 0.0484559 0.0011262 0.0165865 0.0727954
648 0.000936448 0.00565123 0.0467402 0.00114295 0.0167592 0.0712338
649 0.000883518 0.0062281 0.0471959 0.00116481 0.0195054 0.07498
650 0.000800582 0.00483683 0.0461335 0.000973987 0.0160779 0.0688252
651 0.000780963 0.00480415 0.0464035 0.00104839 0.0159011 0.0689403
652 0.000798472 0.00459251 0.0446536 0.000932351 0.0155068 0.0664858
653 0.000904483 0.00629762 0.0482474 0.00114268 0.00991175 0.0665067
654 0.000872948 0.00583416 0.0480977 0.00113319 0.00769287 0.0636337
655 0.000857746 0.00576028 0.0467128 0.00118214 0.00675749 0.0612732
656 0.000944659 0.00550434 0.0469071 0.00116452 0.00684698 0.061371
657 0.000725096 0.00481015 0.0399444 0.000950937 0.0067266 0.0531596
658 0.000761735 0.00480449 0.044247 0.00105084 0.00679928 0.0576653
659 0.000698595 0.00479518 0.04558 0.000956599 0.00696479 0.0589973
660 0.000764115 0.00459009 0.045188 0.000896041 0.00686515 0.0583066
661 0.000642355 0.00396202 0.0421366 0.000764723 0.00965829 0.0571657
662 0.000651367 0.0039864 0.0426203 0.000825439 0.0141644 0.0622499
663 0.000678861 0.00400196 0.0424959 0.0008253 0.0150846 0.0630885
664 0.000642617 0.00421679 0.0447845 0.000815544 0.0147718 0.0652333
665 0.00059868 0.00351704 0.0417477 0.000734529 0.0163654 0.0629655
666 0.000605242 0.00344843 0.0411172 0.000680433 0.0152235 0.0610767
667 0.000616836 0.00346713 0.0421368 0.000678723 0.0142554 0.061157
668 0.000617345 0.00346132 0.0421674 0.000682778 0.0143615 0.0612926
669 0.000693339 0.004017 0.0428081 0.000804213 0.015276 0.0636003
670 0.000649553 0.00422953 0.0440544 0.000829525 0.00785203 0.0576168
671 0.000648733 0.00419441 0.041737 0.000850219 0.00692393 0.054356
672 0.0006341 0.00419682 0.0426839 0.000850661 0.00705373 0.0554214
673 0.000952893 0.00591438 0.0475846 0.00110697 0.00691995 0.0624819
674 0.000942732 0.00574557 0.0479574 0.00120833 0.00704441 0.0629017
675 0.000948931 0.00552217 0.0474357 0.00114609 0.00698026 0.062037
676 0.000958583 0.00545618 0.0474001 0.0011748 0.00703165 0.0620249
677 0.000787389 0.00460202 0.0437248 0.000916769 0.00730267 0.0573359
678 0.000784241 0.004626 0.0442786 0.00101642 0.0069859 0.057693
679 0.000782807 0.00486971 0.0455218 0.00100144 0.00738977 0.0595675
680 0.000764286 0.00482672 0.0445567 0.00108396 0.00701398 0.058248
681 0.000664978 0.00416267 0.0435667 0.000864974 0.00787868 0.05714
682 0.000676369 0.00397454 0.0424015 0.000814448 0.00695462 0.0548228
683 0.000625974 0.00417109 0.0436655 0.000854037 0.00699423 0.0563129
684 0.000649345 0.00417913 0.0435345 0.000873562 0.00923404 0.0584719
685 0.000793422 0.00463564 0.0447576 0.000931039 0.0092996 0.0604191
686 0.000741139 0.00472305 0.0454635 0.00123622 0.0155073 0.0676731
687 0.000751557 0.00479372 0.045132 0.00100995 0.0155727 0.0672633
688 0.000790657 0.00456671 0.0458147 0.000938009 0.0174896 0.0696014
689 0.00122699 0.00711361 0.0536453 0.0014076 0.0207373 0.0841339
690 0.00121991 0.0071479 0.0539413 0.0014194 0.02012 0.0838513
691 0.00123206 0.00709873 0.0534509 0.00150458 0.0200072 0.0832973
692 0.0012182 0.0071505 0.054288 0.00142819 0.0200217 0.0841099
693 0.00123929 0.00730177 0.0527896 0.00151812 0.00805996 0.0709118
694 0.00123013 0.00720058 0.0525034 0.00149135 0.0072768 0.0697056
695 0.0012164 0.00822017 0.0532116 0.00143378 0.00724985 0.0713354
696 0.00122319 0.00713824 0.0530919 0.00154487 0.00732679 0.0703285
697 0.00122948 0.00718379 0.0381788 0.00143318 0.00748228 0.0555111
698 0.00122996 0.00718023 0.0389681 0.00150929 0.0075115 0.0564024
699 0.00122847 0.00737961 0.0523227 0.00145407 0.0074382 0.0698266
700 0.00123223 0.00726375 0.052061 0.00154241 0.00750106 0.0696032
701 0.00121739 0.00716027 0.0539758 0.0014623 0.0100207 0.0738398
702 0.0012248 0.00714803 0.0532621 0.00149695 0.00954482 0.0726798
703 0.00119481 0.00742098 0.0470236 0.00156974 0.00958885 0.0668015
704 0.00115912 0.00748936 0.0527895 0.00158146 0.0096639 0.0726871
705 0.00126752 0.00757128 0.0352986 0.00169879 0.00988147 0.0557226
706 0.00116818 0.00736755 0.0408999 0.00176118 0.00971472 0.0609153
707 0.00115867 0.00751844 0.0530822 0.00155624 0.00975463 0.073074
708 0.000950447 0.00555223 0.041242 0.00114273 0.0105134 0.0594042
709 0.000948074 0.00549556 0.0369388 0.00126303 0.00968338 0.054332
710 0.000959308 0.00550662 0.0468954 0.00115218 0.00744508 0.0619611
711 0.000789176 0.00465582 0.0467683 0.000997315 0.00747444 0.0606875
712 0.000790121 0.00460345 0.0460723 0.00096876 0.00788392 0.0603211
713 0.000828839 0.00458507 0.0318931 0.000974357 0.0074379 0.0457219
714 0.000725322 0.00481835 0.0459271 0.000972979 0.00747389 0.0599196
715 0.000672697 0.00399219 0.044554 0.000918993 0.00737208 0.0575123
716 0.000681523 0.00402158 0.032393 0.000840562 0.00820965 0.046148
717 0.00068606 0.00400519 0.0447558 0.000844446 0.00746946 0.0577628
718 0.000686826 0.00400388 0.045161 0.000851663 0.00765679 0.0583623
719 0.000794205 0.00457934 0.0468646 0.00104409 0.0076986 0.0609834
720 0.000812481 0.00460119 0.0477349 0.00098877 0.00790354 0.0620424
721 0.000792913 0.00458667 0.0476541 0.000985811 0.00777386 0.0617951
722 0.00080183 0.00455999 0.0460315 0.00100095 0.00778866 0.0601856
723 0.000683555 0.00400688 0.0402214 0.000875647 0.0179951 0.0637848
724 0.00064388 0.00419511 0.0439651 0.000838603 0.0114701 0.0611142
725 0.000641704 0.00422346 0.0422008 0.000920036 0.0120731 0.0600613
726 0.000630437 0.00418838 0.0400307 0.000875755 0.0173651 0.0630926
727 0.000725883 0.00481502 0.0447927 0.00105881 0.0116534 0.0630477
728 0.000736573 0.00481531 0.0457871 0.00109583 0.0117085 0.0641459
729 0.000781853 0.0045906 0.0506179 0.00103783 0.0117387 0.0687692
730 0.000734082 0.00485432 0.0508734 0.00101171 0.0116981 0.0691735
731 0.00118477 0.00733797 0.060136 0.00171607 0.0126319 0.0830109
732 0.00117029 0.00733049 0.0598257 0.00160525 0.00967637 0.0796117
733 0.00122042 0.00722451 0.057905 0.001603 0.00977159 0.0777285
734 0.00101606 0.00585032 0.0553375 0.00123258 0.00936826 0.0728073
735 0.000951085 0.00549006 0.055203 0.00119047 0.00953511 0.0723726
736 0.000950178 0.00554918 0.0489603 0.00120968 0.00967851 0.0663505
737 0.000948216 0.0055496 0.0538599 0.00100868 0.0094413 0.0708107
738 0.000798334 0.00454753 0.0528569 0.00101216 0.00937349 0.0685909
739 0.000784309 0.00459536 0.0532404 0.0010038 0.00946278 0.0690897
740 0.000825806 0.00473504 0.0539478 0.00101016 0.00953755 0.0700596
741 0.000943902 0.00553343 0.0567273 0.00127657 0.00997114 0.0744552
742 0.000940235 0.00547506 0.0574364 0.00120073 0.0099318 0.0749863
743 0.000946667 0.00553403 0.055745 0.00120931 0.00975273 0.0731907
744 0.000961629 0.00553683 0.0566203 0.00123807 0.0240644 0.0884247
745 0.00121914 0.00847261 0.0648655 0.00163399 0.0147946 0.0909898
746 0.00123392 0.00714325 0.063985 0.00162203 0.0243229 0.0983107
747 0.00126363 0.00714186 0.0643224 0.00163457 0.0242023 0.0985682
748 0.00123577 0.00728445 0.0636319 0.00165823 0.0244367 0.0982513
749 0.00122917 0.00818441 0.0549402 0.00164356 0.0250319 0.0910331
750 0.0012017 0.00718937 0.0636251 0.00164605 0.0146251 0.0882909
751 0.000955652 0.0055937 0.0607372 0.00122823 0.014451 0.0829687
752 0.000953957 0.00553852 0.0600639 0.00122204 0.0145058 0.0822873
753 0.000957412 0.00556473 0.0607941 0.00124312 0.0112251 0.0797867
754 0.000798949 0.00460233 0.0578633 0.00107873 0.011063 0.0754087
755 0.000735228 0.00477387 0.0472673 0.00103541 0.0111048 0.0649184
756 0.000740763 0.00478593 0.058454 0.00102575 0.0111993 0.0762084
757 0.000746224 0.00474137 0.0609105 0.00103769 0.0115701 0.0790088
758 0.000959716 0.00557538 0.064439 0.00123651 0.0118052 0.0840187
759 0.000942964 0.00559174 0.0623776 0.00129875 0.0268816 0.0970958
760 0.000954787 0.005627 0.0645979 0.00123799 0.0239922 0.0964143
761 0.000810991 0.00457953 0.061028 0.00104232 0.022063 0.0895265
762 0.000829262 0.00461085 0.0619395 0.00108791 0.0223393 0.0908089
763 0.000798471 0.00461159 0.0610137 0.00105763 0.0221965 0.0896797
764 0.000794092 0.00476827 0.0616166 0.00103152 0.0223585 0.0905713
765 0.000950254 0.00552388 0.0616489 0.00137241 0.0249309 0.0944294
766 0.000950873 0.00555074 0.0650202 0.00131291 0.0173792 0.0902166
767 0.000939032 0.00550775 0.0521002 0.00125446 0.0165619 0.0763667
768 0.000790406 0.00460559 0.0648205 0.00108995 0.013078 0.0843861
769 0.000793216 0.00457307 0.0653458 0.00110617 0.0131553 0.084977
770 0.00078201 0.00460739 0.0638823 0.00126855 0.0136506 0.0841934
771 0.000773573 0.00458005 0.0630845 0.00105808 0.0126502 0.0821491
772 0.000933678 0.00559912 0.0661902 0.00135449 0.0129712 0.0870516
773 0.000927718 0.00564075 0.0666971 0.00135901 0.0409426 0.11557
774 0.000916437 0.00576808 0.0692087 0.00135445 0.0263469 0.103597
775 0.000767089 0.0048378 0.0694006 0.00114821 0.0253417 0.101498
776 0.00075898 0.00460324 0.0668294 0.111033 0.0253209 0.208548
777 0.00074696 0.00457001 0.0670361 0.102666 0.0258382 0.200859
778 0.000695049 0.00474958 0.0678609 0.102488 0.0258722 0.201668
779 0.000627516 0.00396648 0.0649891 0.100078 0.0258365 0.1955
780 0.00056347 0.00415216 0.0650362 0.0996489 0.0248887 0.194291
781 0.000613753 0.00471411 0.0648053 0.100153 0.0197422 0.19003
782 0.000676858 0.0047743 0.0668224 0.102535 0.0151564 0.189967
783 0.000705822 0.00469066 0.0665994 0.10215 0.0143741 0.188522
784 0.000736401 0.00465627 0.0664354 0.102738 0.0144294 0.188997
785 0.000742885 0.00459547 0.0674992 0.104984 0.0155164 0.19334
786 0.000648341 0.00399753 0.0662341 0.100306 0.0401462 0.211335
787 0.000662236 0.00395932 0.0678678 0.110979 0.0262606 0.209732
788 0.00061376 0.00423532 0.0687123 0.122832 0.0265477 0.222943
789 0.000724571 0.00488126 0.0699362 0.150747 0.02884 0.255131
790 0.000780555 0.00466812 0.0700625 0.0469679 0.0305231 0.153005
791 0.000791941 0.00461148 0.0745564 0.047561 0.0285337 0.156057
792 0.000633614 0.00421495 0.0697295 0.0458423 0.0277367 0.148158
793 0.000631314 0.00418843 0.0700135 0.0461617 0.0225158 0.143513
794 0.000622658 0.0042874 0.0694919 0.0459774 0.0220361 0.142417
795 0.000624578 0.00421044 0.0703578 0.0476013 0.0185837 0.14138
796 0.000556816 0.00360798 0.0703186 0.0516649 0.0158527 0.143564
797 0.000575263 0.00370616 0.0666293 0.0443276 0.0157401 0.13098
798 0.000563909 0.00365725 0.0645868 0.0443128 0.0158235 0.128946
799 0.000563275 0.00365371 0.0667559 0.0445851 0.0158444 0.131404
800 0.000625943 0.00419466 0.0684639 0.0454592 0.0356569 0.154403
801 0.000616852 0.00518083 0.0710856 0.0476623 0.0284416 0.152989
802 0.000615271 0.00417295 0.0746127 0.0494094 0.0296866 0.158499
803 0.000904009 0.00565621 0.0756193 0.0493989 0.0337078 0.167728
804 0.000915661 0.00585097 0.0764976 0.0311439 0.0352645 0.149677
805 0.000827377 0.00588372 0.076519 0.0501457 0.0316046 0.164983
806 0.000884439 0.00573449 0.0735702 0.0484811 0.0294889 0.158162
807 0.000675371 0.00477548 0.0752623 0.0496618 0.0241173 0.154495
808 0.00075275 0.00456447 0.0734886 0.0487724 0.0236189 0.1512
809 0.000742673 0.0046075 0.0741721 0.0489541 0.0182095 0.146689
810 0.000641546 0.00398626 0.0717475 0.0480261 0.0154741 0.139877
811 0.000651282 0.00393662 0.0701132 0.0467864 0.0165742 0.139698
812 0.0005737 0.00423403 0.0688753 0.0455548 0.0159691 0.13521
813 0.000578138 0.00417621 0.0690477 0.047112 0.0164159 0.137332
814 0.000732521 0.0046027 0.070601 0.0473207 0.0387122 0.161972
815 0.00068489 0.00595531 0.0735637 0.0489452 0.0294547 0.158607
816 0.000738534 0.00480383 0.0758076 0.0479969 0.0289513 0.1583
817 0.00112531 0.00740544 0.081612 0.0552192 0.0379094 0.183275
818 0.00120486 0.00720087 0.0817741 0.0529463 0.0385144 0.185004
819 0.00114337 0.00743318 0.0830849 0.0551731 0.0343798 0.181218
820 0.000880499 0.00578102 0.077327 0.0509299 0.0313949 0.166317
821 0.000902237 0.0057918 0.0774781 0.0509136 0.0314813 0.16657
822 0.000883527 0.00580351 0.0781065 0.051431 0.0241622 0.16039
823 0.000741504 0.00480748 0.0751303 0.0501416 0.0181867 0.14901
824 0.000731664 0.00490827 0.0726309 0.0488439 0.0159505 0.143068
825 0.00073261 0.00479413 0.0734084 0.0492488 0.0165785 0.146939
826 0.000888237 0.00588066 0.0778758 0.0506224 0.0164044 0.151675
827 0.000890088 0.00581149 0.0769591 0.0515624 0.0169061 0.152132
828 0.000883849 0.00578395 0.0754712 0.0506476 0.0361012 0.168891
829 0.00114994 0.00751853 0.0841416 0.0563102 0.0338548 0.182978
830 0.00114653 0.00741516 0.0832866 0.0554258 0.0357261 0.183004
831 0.00117587 0.00738847 0.0844617 0.0575867 0.0374012 0.188018
832 0.00114907 0.00825484 0.0734747 0.0554822 0.0375596 0.179472
833 0.00120688 0.0074743 0.0836197 0.0554883 0.0339725 0.181766
834 0.00115301 0.00747432 0.0852701 0.0571035 0.0358431 0.186848
835 0.000887154 0.00571951 0.0786318 0.0522418 0.0316706 0.169154
836 0.000877103 0.00571998 0.078962 0.0530461 0.0233075 0.161915
837 0.000881304 0.00573407 0.080384 0.0551979 0.0179788 0.160179
838 0.000724573 0.00480241 0.0752059 0.0519575 0.0167904 0.149483
839 0.000718056 0.00473659 0.0732498 0.0496652 0.0166869 0.147292
840 0.000723027 0.00483553 0.0735976 0.0497652 0.0166239 0.145548
841 0.00064733 0.00422328 0.0725937 0.0495089 0.0166411 0.143616
842 0.000610528 0.00419977 0.0730858 0.0493177 0.0173498 0.144566
843 0.000606188 0.00416317 0.0719388 0.0491522 0.0383235 0.164186
844 0.000601679 0.00523012 0.0783671 0.0536167 0.0295331 0.167351
845 0.00076924 0.00473314 0.0781632 0.0539817 0.03023 0.167881
846 0.000693573 0.0047849 0.0774902 0.0528663 0.0318962 0.169949
847 0.000713542 0.00479475 0.0798566 0.055127 0.0325244 0.173018
848 0.000658784 0.00414701 0.0644246 0.0530637 0.0296355 0.151931
849 0.000636059 0.00421843 0.0761411 0.0525019 0.0290105 0.16251
850 0.000637789 0.00420699 0.0764198 0.0533381 0.0237102 0.158315
851 0.000691767 0.00400452 0.0756721 0.0514108 0.024167 0.155948
852 0.000558633 0.00368941 0.0770265 0.0543567 0.0183626 0.153997
853 0.000602419 0.00341698 0.0732698 0.0504899 0.0171029 0.146316
854 0.00055858 0.0037658 0.0747072 0.0520842 0.0168262 0.147943
855 0.000560248 0.00370586 0.0764778 0.0528361 0.0163633 0.149946
856 0.00063029 0.00421311 0.0765785 0.0531109 0.0171102 0.151646
857 0.000614603 0.00470311 0.0737449 0.05043 0.0341509 0.163646
858 0.000622993 0.00514117 0.0790203 0.0516044 0.0296031 0.165994
859 0.000559198 0.00363212 0.0757999 0.0534309 0.031807 0.165231
860 0.00060376 0.00371257 0.077981 0.0529427 0.0305348 0.167226
861 0.000585271 0.00348464 0.0757366 0.0519246 0.0316737 0.163407
862 0.000595886 0.00367152 0.0761073 0.0528511 0.0308946 0.164123
863 0.000610697 0.00418531 0.0781894 0.0535585 0.029706 0.166252
864 0.000629103 0.00418675 0.0793938 0.0546539 0.0302524 0.169118
865 0.000642276 0.00416263 0.0777346 0.0536669 0.0296417 0.16585
866 0.000986654 0.00626495 0.0840341 0.0589228 0.0191393 0.169351
867 0.000943364 0.00549377 0.0796552 0.0554776 0.0171436 0.161226
868 0.000874456 0.0057693 0.0799868 0.0547243 0.0187079 0.160066
869 0.00114537 0.00747507 0.0959796 0.0603718 0.0180239 0.183
870 0.0011468 0.0075636 0.0849931 0.0575605 0.017503 0.168771
871 0.0011877 0.00740198 0.0848273 0.0575766 0.0174767 0.168474
872 0.00113519 0.0076034 0.0847957 0.0576187 0.018109 0.169266
873 0.00120479 0.00738485 0.0868573 0.0603081 0.053832 0.209592
874 0.00116424 0.00945496 0.0890994 0.0610567 0.0354675 0.199991
875 0.00118772 0.00741611 0.0894118 0.0604738 0.0359516 0.194444
876 0.00118679 0.00734882 0.0890538 0.0601761 0.0387114 0.196481
877 0.00121968 0.00716214 0.0927249 0.0610505 0.0392431 0.201404
878 0.00118196 0.00744093 0.0899856 0.061087 0.0364155 0.196116
879 0.0012306 0.00779131 0.078252 0.0604328 0.0371515 0.184863
880 0.000913182 0.0066748 0.0855648 0.059394 0.0352604 0.187811
881 0.000940408 0.00559145 0.0872432 0.0558101 0.0255489 0.177759
882 0.000961892 0.00553873 0.0854804 0.0582256 0.019432 0.169642
883 0.000765517 0.00476036 0.0796551 0.0554255 0.0176724 0.158281
884 0.000793588 0.00461391 0.0799651 0.0553124 0.0178471 0.158535
885 0.000745639 0.00483639 0.0827336 0.0569236 0.0185606 0.163802
886 0.000791196 0.00455649 0.0812943 0.0568274 0.018106 0.161577
887 0.000682278 0.00398121 0.0784153 0.0552832 0.0178699 0.156234
888 0.00068182 0.00394224 0.080724 0.0558885 0.0180871 0.161038
889 0.000660853 0.00419544 0.0790863 0.0545964 0.0413432 0.179885
890 0.000789014 0.00577701 0.0840662 0.0571529 0.0336783 0.181466
891 0.000786485 0.004576 0.0847495 0.0582892 0.0341535 0.182557
892 0.000786697 0.00461758 0.0851232 0.0557926 0.0337241 0.180046
893 0.000653883 0.00420186 0.0845558 0.0578853 0.0338486 0.181148
894 0.000680058 0.00403578 0.0823215 0.0579828 0.0339128 0.178935
895 0.00068511 0.00395513 0.0818878 0.0567684 0.0333631 0.178394
896 0.000664451 0.00400709 0.0856771 0.0593263 0.0273464 0.177024
897 0.000604444 0.0034595 0.0810652 0.0561425 0.0310207 0.172294
898 0.000604736 0.00348933 0.0804802 0.0554481 0.0194251 0.159449
899 0.000601457 0.00362359 0.0780985 0.0543766 0.0179654 0.154667
900 0.000610235 0.00350361 0.0798955 0.0551304 0.0183117 0.157454
901 0.000680912 0.00400756 0.0792475 0.0546008 0.0181072 0.156646
902 0.000676823 0.00401465 0.0810726 0.0571994 0.018634 0.1616
903 0.000673276 0.00394514 0.0794695 0.0551708 0.0181478 0.159148
904 0.000936257 0.00553738 0.0832533 0.0571441 0.0183934 0.165268
905 0.000930958 0.00553339 0.0853918 0.0583965 0.0188334 0.169089
906 0.000934198 0.00551327 0.0841563 0.0580488 0.0459639 0.19462
907 0.000755408 0.00596556 0.0856963 0.0588515 0.0328902 0.184161
908 0.0007853 0.00459001 0.0844683 0.0573565 0.0323965 0.179599
909 0.000779801 0.00485006 0.0844895 0.0590938 0.0349302 0.184146
910 0.000678581 0.0039571 0.0824414 0.0566159 0.033893 0.179449
911 0.000675829 0.00397769 0.0828485 0.056678 0.0316562 0.175839
912 0.000678203 0.00402233 0.0829471 0.0568812 0.0317603 0.176292
913 0.000680972 0.00401248 0.0848335 0.0552529 0.0315747 0.176356
914 0.000787869 0.00467634 0.0904102 0.0603921 0.0272486 0.183518
915 0.00079581 0.00533769 0.0860953 0.0586243 0.0199026 0.170759
916 0.000788141 0.00461061 0.0838245 0.0580129 0.0185584 0.165797
917 0.00123158 0.00725775 0.090225 0.0607397 0.0188009 0.18171
918 0.00120973 0.00711944 0.0907053 0.0609112 0.0189324 0.178882
919 0.00122617 0.00734165 0.0905088 0.0612271 0.0187262 0.179034
920 0.000948263 0.00555324 0.0714113 0.0585037 0.0184901 0.15491
921 0.000946589 0.00551748 0.0856738 0.0585653 0.0186377 0.169345
922 0.00094171 0.00552135 0.085799 0.0587175 0.018645 0.169627
923 0.000790675 0.00460139 0.0823442 0.0533298 0.0192369 0.160305
924 0.000794799 0.00454633 0.0822149 0.0564898 0.0183049 0.164477
925 0.000797299 0.00537182 0.0847462 0.0577315 0.0423665 0.191015
926 0.000683405 0.00495955 0.0833345 0.0577162 0.031823 0.178519
927 0.000684713 0.00401633 0.0844764 0.055466 0.0315724 0.176218
928 0.000685627 0.00401621 0.0834758 0.0555361 0.0329178 0.176634
929 0.000683677 0.00399311 0.0834518 0.0573206 0.0360115 0.181463
930 0.000574994 0.00368025 0.0791244 0.060202 0.0330733 0.176657
931 0.000648433 0.00368758 0.0836354 0.0572806 0.0328193 0.180199
932 0.00060901 0.00365388 0.0854477 0.0589088 0.028609 0.177231
933 0.000688908 0.00400926 0.0844441 0.0578203 0.0263879 0.173352
934 0.000680848 0.00410797 0.0844515 0.0578043 0.0199227 0.16697
935 0.000739138 0.00398369 0.0810319 0.0556829 0.0181887 0.159629
936 0.000710862 0.00402436 0.0868753 0.0593575 0.0189651 0.169935
937 0.00095932 0.00550215 0.0849962 0.0593717 0.0186721 0.169504
938 0.000951977 0.00545541 0.0851671 0.0566869 0.0186718 0.169613
939 0.000954469 0.00551654 0.0848357 0.0587954 0.0186811 0.168786
940 0.000797872 0.0058128 0.0848412 0.0579631 0.0188487 0.168267
941 0.00089138 0.00501534 0.069557 0.0571462 0.0186613 0.151273
942 0.000799584 0.00468871 0.0782973 0.056813 0.0424892 0.183091
943 0.000948142 0.00556612 0.087809 0.0601085 0.034228 0.188663
944 0.00096422 0.00556778 0.0815527 0.0641883 0.0361379 0.188414
945 0.000978755 0.00555843 0.087905 0.0599904 0.0366477 0.193869
946 0.000794933 0.00460745 0.0928876 0.058929 0.0358845 0.193106
947 0.000800859 0.00460872 0.0865991 0.0589658 0.0336395 0.184616
948 0.000756071 0.00470944 0.0863388 0.0588171 0.0344285 0.185053
949 0.000960341 0.00552311 0.0935891 0.0620837 0.0349821 0.197141
950 0.000986479 0.00577619 0.0905289 0.0615932 0.0350732 0.193961
951 0.000967999 0.00548891 0.0890102 0.0618997 0.02069 0.17806
952 0.00079021 0.00531289 0.0844443 0.0578807 0.0188633 0.169486
953 0.000731131 0.00484279 0.0838798 0.0570828 0.0186573 0.165196
954 0.000796033 0.00463324 0.0823692 0.0566812 0.0184831 0.162965
955 0.000734138 0.00480947 0.0864459 0.0588482 0.0187424 0.169583
956 0.000886968 0.00587834 0.0871246 0.060071 0.0578667 0.211831
957 0.000857179 0.00576397 0.0905449 0.0614702 0.0346636 0.193303
958 0.000946014 0.00551717 0.0875968 0.0602483 0.0349598 0.189271
959 0.000832535 0.00455622 0.0774576 0.0587325 0.0361371 0.179938
960 0.000795388 0.00466294 0.0864456 0.0596186 0.0366568 0.188183
961 0.000795463 0.00460987 0.0857952 0.0588824 0.0332362 0.183321
962 0.00069817 0.00405391 0.084899 0.0582653 0.0322216 0.180141
963 0.000683858 0.00398386 0.0841832 0.0581019 0.0322021 0.179157
964 0.000694839 0.00429695 0.0910033 0.0613626 0.0288555 0.186216
965 0.000797156 0.00459473 0.0883328 0.0606094 0.0206329 0.174969
966 0.000808834 0.00455621 0.0826508 0.0572948 0.018582 0.166148
967 0.00080101 0.00462147 0.0833883 0.0574379 0.0185462 0.164797
968 0.000805719 0.00461753 0.0908831 0.0621712 0.019321 0.177801
969 0.00121071 0.00718521 0.0907174 0.0610836 0.0191489 0.179349
970 0.00120969 0.00719909 0.0911514 0.0627824 0.0669608 0.229307
971 0.00098072 0.00697861 0.0883784 0.0615794 0.0355262 0.193446
972 0.000956645 0.00594473 0.0885053 0.0627926 0.0350454 0.193248
973 0.000938622 0.00557926 0.0894275 0.0602471 0.0368226 0.195899
974 0.00079904 0.00471371 0.0864106 0.0591244 0.036013 0.187063
975 0.00082612 0.00466837 0.0866831 0.0593497 0.0334238 0.184954
976 0.000785652 0.00464177 0.0883469 0.0350348 0.0346772 0.163489
977 0.000880666 0.00458944 0.0905553 0.0615309 0.0349175 0.192476
978 0.000948182 0.00562021 0.0912702 0.0620416 0.0277204 0.187603
979 0.000939176 0.00554851 0.0912767 0.0616633 0.0213504 0.180782
980 0.000946867 0.00551993 0.0849493 0.0588478 0.0189729 0.169239
981 0.00079788 0.00459559 0.0828946 0.0572052 0.018801 0.166549
982 0.000799787 0.00464147 0.0831371 0.0571614 0.0188923 0.164634
983 0.00080197 0.00460087 0.0835525 0.0573822 0.0189693 0.165309
984 0.000684375 0.00404544 0.0860609 0.0591138 0.0489964 0.198903
985 0.000683695 0.00497116 0.0843071 0.0579861 0.0327938 0.180744
986 0.000680938 0.00400481 0.0843343 0.057601 0.0328326 0.179456
987 0.000785414 0.00457953 0.0863418 0.0601215 0.0362543 0.188085
988 0.000783967 0.00453291 0.0890104 0.060061 0.0369688 0.193683
989 0.000777742 0.00463563 0.0860114 0.0589829 0.0339545 0.184365
990 0.000753626 0.00458924 0.0864506 0.059648 0.0335573 0.185001
991 0.00066734 0.00397127 0.0845423 0.0583291 0.0327435 0.180256
992 0.000664219 0.00444149 0.0855588 0.0584578 0.0276391 0.176764
993 0.000650083 0.00400877 0.0892474 0.0604253 0.0215112 0.175845
994 0.000572218 0.00348158 0.0790454 0.0500437 0.0193942 0.152538
995 0.000580312 0.00345023 0.0804401 0.0558979 0.0184267 0.160436
996 0.000584104 0.00349776 0.0796908 0.0554178 0.0186468 0.15784
997 0.000596321 0.00348169 0.0789879 0.0549059 0.0185919 0.156565
998 0.000758848 0.00414895 0.0816719 0.0552447 0.0194483 0.161275
999 0.00067938 0.0040026 0.080714 0.0557142 0.0432679 0.18438
1000 0.000674907 0.00498867 0.0906042 0.05824 0.0335956 0.188106
1001 0.000960199 0.00555471 0.0882298 0.0618034 0.0355024 0.192054
1002 0.000936526 0.00551787 0.0901568 0.0615 0.039106 0.200133
1003 0.000930384 0.00555632 0.08827 0.0606614 0.0392754 0.194696
1004 0.000768237 0.00462787 0.0860381 0.058839 0.0338359 0.184111
1005 0.000766596 0.00460872 0.087816 0.06015 0.0344611 0.187805
1006 0.000789228 0.0045624 0.0860166 0.0592502 0.0336641 0.184285
1007 0.000659604 0.00398498 0.0836809 0.0583865 0.0274605 0.174175
1008 0.000667432 0.00409493 0.0863992 0.057824 0.0208466 0.169835
1009 0.000668494 0.00396724 0.0809297 0.0548636 0.0185615 0.160985
1010 0.000675779 0.00400721 0.0802538 0.0555559 0.0188395 0.159334
1011 0.000597719 0.00348334 0.0782032 0.0547272 0.0184778 0.155491
1012 0.00060491 0.00350446 0.0790291 0.0551045 0.0184975 0.156743
1013 0.000644566 0.00350812 0.0793282 0.0554322 0.0184548 0.15737
1014 0.000679387 0.00404242 0.083562 0.0580337 0.0187958 0.165115
1015 0.000678191 0.00401356 0.0796021 0.0567839 0.0186067 0.159687
1016 0.000681626 0.00396224 0.0808915 0.0560856 0.018691 0.162291
1017 0.000680169 0.00402026 0.0809714 0.0563786 0.030835 0.172888
1018 0.000948845 0.00555023 0.0874278 0.0562739 0.0325623 0.182766
1019 0.000944694 0.00556314 0.0862856 0.0593608 0.0328729 0.185031
1020 0.000949986 0.00557383 0.0851587 0.0582301 0.0359639 0.185879
1021 0.000792442 0.00460458 0.0823587 0.0569578 0.0342009 0.178916
1022 0.000790455 0.00461275 0.0841953 0.0595742 0.0322245 0.1814
1023 0.000791694 0.00453079 0.0855024 0.0587801 0.0325926 0.184596
1024 0.000938764 0.00574492 0.0858339 0.0590412 0.0329516 0.184514
1025 0.000934926 0.00556839 0.0850187 0.0584672 0.0251924 0.175185
1026 0.000928744 0.00562303 0.0877842 0.059427 0.0189455 0.172711
1027 0.000789328 0.00455563 0.0801447 0.0555388 0.0171461 0.158176
1028 0.000796594 0.00464947 0.0792549 0.0552276 0.0169348 0.156867
1029 0.000785414 0.00462294 0.0788715 0.0557931 0.0168709 0.156946
1030 0.000785179 0.00456969 0.0781894 0.0543727 0.0167239 0.15712
1031 0.000673054 0.00399597 0.0761974 0.0532005 0.0165852 0.150654
1032 0.000687579 0.00402753 0.0796917 0.0524934 0.0169331 0.153835
1033 0.000672605 0.00401824 0.0778494 0.0544532 0.0170483 0.154045
1034 0.000596026 0.00350229 0.0760445 0.0533166 0.0168939 0.150355
1035 0.000604997 0.00349249 0.0738501 0.05095 0.0171945 0.1461
1036 0.000611533 0.00348688 0.0739918 0.0518525 0.0167827 0.146728
1037 0.000617019 0.00341577 0.074006 0.0515466 0.0164555 0.147781
1038 0.000681109 0.00400784 0.0758522 0.0517251 0.0172941 0.149562
1039 0.000696474 0.00403809 0.0754946 0.0518732 0.0173512 0.149457
1040 0.000684387 0.00404974 0.0772576 0.0537835 0.0169624 0.15274
1041 0.0006898 0.00440764 0.0763218 0.0534462 0.0169535 0.151821
1042 0.000910564 0.00554952 0.0800799 0.0548387 0.0169028 0.158284
1043 0.00092417 0.00551953 0.080903 0.0572219 0.0228984 0.167469
1044 0.000942095 0.00547979 0.080185 0.0553635 0.0302471 0.175154
1045 0.000794652 0.00472442 0.0774224 0.0535175 0.0281643 0.164625
1046 0.000791428 0.00460203 0.0778196 0.0509126 0.0303795 0.164507
1047 0.000788684 0.00458441 0.0796913 0.0322554 0.031803 0.149125
1048 0.000918768 0.00572143 0.0810212 0.05464 0.0302905 0.172595
1049 0.000926073 0.00551214 0.0794187 0.194033 0.0298304 0.309723
1050 0.000944602 0.00550478 0.0808785 0.0557334 0.0303607 0.176451
1051 0.00120476 0.00720321 0.0844919 0.0577131 0.0248386 0.175456
1052 0.00120105 0.0073179 0.0839454 0.0570909 0.0173426 0.166902
1053 0.00119846 0.00722596 0.0807847 0.0550332 0.015579 0.159825
1054 0.00121459 0.00750702 0.0801157 0.0538693 0.0162357 0.158946
1055 0.00121424 0.00731829 0.0808143 0.0575769 0.0157207 0.162648
1056 0.00126726 0.00717093 0.0805603 0.0550925 0.0154782 0.16364
1057 0.000964175 0.00558205 0.0771625 0.053535 0.0156721 0.152919
1058 0.000956146 0.0056755 0.0752187 0.0515678 0.0160823 0.149503
1059 0.00095592 0.00556022 0.0781459 0.0541309 0.0159396 0.154736
1060 0.000812874 0.00464627 0.0722007 0.0500312 0.0157644 0.143459
1061 0.000837946 0.004601 0.0735058 0.0497508 0.0157641 0.144462
1062 0.000758047 0.00493849 0.0722939 0.0509727 0.0159615 0.144927
1063 0.000905971 0.00572168 0.0766723 0.0526695 0.0155436 0.155024
1064 0.000893874 0.00575969 0.0763287 0.052746 0.0156476 0.151379
1065 0.000962331 0.00549431 0.0747022 0.0516441 0.0159688 0.148775
1066 0.00116736 0.0075 0.0796917 0.0537578 0.0312955 0.173416
1067 0.00117545 0.00739835 0.0675167 0.0547302 0.0307464 0.161571
1068 0.00116497 0.00737445 0.080402 0.0547806 0.0304909 0.174216
1069 0.00116826 0.00739635 0.0814807 0.0582296 0.0341208 0.1824
1070 0.00124132 0.00711334 0.0807163 0.0541447 0.0355147 0.182769
1071 0.00123544 0.00762331 0.0790657 0.0549019 0.0307495 0.17358
1072 0.00101931 0.00594371 0.0750362 0.051602 0.0285063 0.16211
1073 0.000957498 0.00549229 0.0746794 0.0513939 0.0284652 0.160992
1074 0.000874863 0.00574973 0.0740752 0.0511221 0.0210486 0.152873
1075 0.00073286 0.00485623 0.0717108 0.0494846 0.0153396 0.142127
1076 0.000743911 0.00482957 0.0706375 0.0508324 0.014309 0.141354
1077 0.000724475 0.00529462 0.0709005 0.0495035 0.0142849 0.143577
1078 0.000732156 0.00483191 0.0723648 0.0496524 0.0150923 0.142675
1079 0.000948538 0.00556106 0.0705192 0.0484485 0.0144829 0.139963
1080 0.000943181 0.00557256 0.0703002 0.0486271 0.0145522 0.139998
1081 0.000907816 0.00572463 0.070493 0.0478564 0.0144838 0.139468
1082 0.000827751 0.00563058 0.0696715 0.0488939 0.0148479 0.139873
1083 0.000793278 0.00464858 0.0678349 0.0473074 0.0137124 0.134298
1084 0.000806477 0.00459757 0.0684523 0.0477648 0.0146111 0.138749
1085 0.00063014 0.00421685 0.0658429 0.0457797 0.0143493 0.13082
1086 0.000684671 0.00401567 0.0656941 0.0458661 0.0143267 0.130589
1087 0.000630164 0.00419029 0.0689109 0.0470008 0.0146818 0.135416
1088 0.000617192 0.00426037 0.067728 0.0472646 0.019371 0.139243
1089 0.000745779 0.00497825 0.0669772 0.0464498 0.0247492 0.143903
1090 0.000812264 0.00475642 0.0671062 0.0478641 0.0256821 0.146224
1091 0.000759462 0.00472429 0.067615 0.0459704 0.0259463 0.147916
1092 0.000637449 0.00421381 0.0649709 0.0457094 0.027533 0.143067
1093 0.000653273 0.00425709 0.0653871 0.0457066 0.0241205 0.140127
1094 0.00063577 0.0042441 0.0671086 0.047196 0.0244192 0.143606
1095 0.000647546 0.00418404 0.0649537 0.0454317 0.0239571 0.139176
1096 0.000738981 0.00482934 0.0676717 0.0471614 0.0190656 0.139469
1097 0.000798811 0.00472117 0.0666108 0.030073 0.0152348 0.117441
1098 0.000790385 0.00457478 0.0636205 0.0443254 0.0119377 0.127829
1099 0.0007856 0.004819 0.0635813 0.0442426 0.0119516 0.125382
1100 0.000678776 0.00404389 0.0550804 0.0424742 0.0119147 0.114194
