0 5.3041e-05 0.00463293 100 13.5135
0 5.32654e-05 0.00235355 200 13.6054
0 4.68064e-05 0.00454195 300 14.0845
10 4.31239e-05 0.00408695 100 13.5135
10 4.59349e-05 0.00231291 200 13.6986
10 4.39155e-05 0.00439705 300 14.1509
20 5.28158e-05 0.00275998 100 13.5135
20 5.33772e-05 0.00305125 200 13.6986
20 4.32774e-05 0.00539857 300 14.2857
30 3.84473e-05 0.00298257 100 13.5135
30 4.7717e-05 0.00300755 200 13.7931
30 3.87905e-05 0.00474848 300 14.3541
40 4.85834e-05 0.00380104 100 13.3333
40 4.88283e-05 0.00293746 200 13.8889
40 3.99346e-05 0.0051103 300 14.4928
50 3.96682e-05 0.00301543 100 13.3333
50 4.47519e-05 0.00332507 200 13.986
50 4.1719e-05 0.00479199 300 14.5631
60 5.45916e-05 0.00453887 100 13.3333
60 4.5805e-05 0.00421104 200 13.986
60 4.83104e-05 0.00558955 300 14.6341
70 4.63225e-05 0.00304979 100 13.3333
70 5.06263e-05 0.00405363 200 14.1844
80 6.09864e-05 0.00426016 100 13.5135
80 5.07439e-05 0.00472372 200 14.2857
90 5.81855e-05 0.00370593 100 13.5135
90 4.26375e-05 0.00474706 200 14.4928
100 6.23397e-05 0.00580311 100 13.6986
100 4.68345e-05 0.00502725 200 14.7059
110 6.62338e-05 0.00550153 100 14.0845
110 4.39455e-05 0.0046192 200 14.8148
120 5.43728e-05 0.00610674 100 14.2857
120 3.79795e-05 0.00462493 200 15.0376
130 5.0034e-05 0.00517241 100 14.4928
130 4.51497e-05 0.00460446 200 15.1515
140 4.73407e-05 0.00373782 100 14.7059
140 5.08612e-05 0.0032147 200 15.3846
150 4.25674e-05 0.0036753 100 14.9254
160 4.31239e-05 0.00361362 100 15.1515
170 3.38291e-05 0.00360363 100 15.3846
180 3.38291e-05 0.00427604 100 15.3846
190 4.83374e-05 0.00362215 100 15.625
200 4.70882e-05 0.00221473 100 15.625
