0 0.000106307 0.00951599 100 11.6279
0 0.00012365 0.0111105 200 12.0482
0 0.000104387 0.0143477 300 10.274
0 5.39887e-05 0.00628594 400 10.2828
0 2.17053e-05 0.0023734 500 10.3306
0 2.11903e-05 0.000682416 600 10.772
0 2.7374e-05 0.000787874 700 11.1288
0 2.73031e-05 0.000765187 800 10.7962
10 4.39454e-05 0.0035158 100 11.6279
10 7.20118e-05 0.00175473 200 12.0482
10 6.50645e-05 0.00422087 300 9.77199
10 3.20655e-05 0.00113488 400 10.3359
10 1.70829e-05 0.00035245 500 10.3093
10 6.14407e-06 0.000375353 600 10.7914
10 1.38283e-05 0.00128381 700 11.1465
10 1.0867e-05 0.00115055 800 10.7962
20 6.36642e-05 0.00190073 100 11.7647
20 9.38607e-05 0.00431644 200 11.9048
20 9.27479e-05 0.00604265 300 9.61539
20 4.12161e-05 0.00156843 400 10.3627
20 1.86317e-05 0.000725427 500 10.3306
20 6.03532e-06 0.000426735 600 10.8303
20 1.17966e-05 0.000976599 700 11.1643
20 1.0322e-05 0.000811617 800 10.8108
30 8.3723e-05 0.0144348 100 11.7647
30 2.9901e-05 0.00968307 200 11.4943
30 4.07879e-05 0.00650984 300 9.61539
30 1.50499e-05 0.00414996 400 10.4167
30 2.98773e-05 0.000490716 500 10.3734
30 3.38493e-05 0.00191422 600 10.8499
30 2.6128e-05 0.00416013 700 11.1643
30 1.77843e-05 0.00287455 800 10.8254
40 6.81849e-05 0.00673491 100 11.9048
40 8.03821e-05 0.0021055 200 11.0497
40 5.7752e-05 0.00163723 300 9.61539
40 1.78574e-05 0.0015669 400 10.4439
40 1.17999e-05 0.000246043 500 10.4167
40 2.10334e-05 0.00118428 600 10.8893
40 1.84686e-05 0.00231634 700 11.1643
40 1.49256e-05 0.0013802 800 10.8548
50 3.08816e-05 0.0157992 100 11.9048
50 2.47776e-05 0.00988144 200 10.7527
50 1.43746e-05 0.00677586 300 9.6463
50 1.78156e-05 0.00350629 400 10.4167
50 9.61803e-06 0.000476227 500 10.4384
50 3.6176e-05 0.00303585 600 10.9091
50 3.06132e-05 0.00508955 700 11.0935
50 2.33378e-05 0.00261363 800 10.8844
60 0.000125252 0.00276494 100 12.0482
60 8.22151e-05 0.00420717 200 10.5263
60 4.77866e-05 0.00194643 300 9.70874
60 1.33721e-05 0.000832947 400 10.2828
60 2.06238e-05 0.000108458 500 10.4822
60 2.07321e-05 0.000803889 600 10.9489
60 2.22124e-05 0.00126122 700 10.8696
60 1.82291e-05 0.000565877 800 10.9141
70 0.000127048 0.00203677 100 12.0482
70 9.95619e-05 0.00627981 200 10.3093
70 4.77034e-05 0.00225637 300 9.74026
70 1.30906e-05 0.000619392 400 10.1266
70 8.62477e-06 0.000266059 500 10.5263
70 2.16998e-05 0.00076084 600 10.9689
70 2.05274e-05 0.00106044 700 10.7198
70 1.88125e-05 0.000437164 800 10.9439
80 0.000179142 0.00435321 100 12.1951
80 0.000110407 0.00835024 200 9.90099
80 4.87199e-05 0.00263002 300 9.80392
80 1.20844e-05 0.000657052 400 10.0251
80 8.51348e-06 0.000236899 500 10.5708
80 2.01982e-05 0.000707067 600 11.0092
80 1.91414e-05 0.000932903 700 10.6545
80 1.55969e-05 0.000315755 800 10.9739
90 0.000136196 0.0073604 100 12.1951
90 0.000111508 0.0113504 200 9.17431
90 5.22362e-05 0.00288271 300 9.86842
90 1.43919e-05 0.000755043 400 10
90 1.17999e-05 0.000396682 500 10.5932
90 2.2048e-05 0.000712017 600 11.0294
90 2.03728e-05 0.00109951 700 10.6545
90 1.32462e-05 0.000455019 800 11.0041
100 0.000151683 0.00740651 100 12.0482
100 0.000132539 0.00922905 200 8.81057
100 4.61222e-05 0.00201451 300 9.93377
100 1.1772e-05 0.000740525 400 10
100 1.39823e-05 0.000679426 500 10.6157
100 2.27721e-05 0.00135748 600 11.0497
100 1.8808e-05 0.00142132 700 10.6545
100 1.0554e-05 0.000375611 800 11.0193
110 0.000107533 0.00277386 100 11.3636
110 9.71069e-05 0.0030857 200 8.73362
110 1.98007e-05 0.000803364 300 9.96678
110 1.9146e-05 0.00185361 400 10.0251
110 2.31922e-05 0.00299615 500 10.6383
110 2.79435e-05 0.00445947 600 11.0497
110 2.04562e-05 0.00349974 700 10.6707
110 1.20844e-05 0.00142236 800 11.0345
120 0.000127048 0.00252318 100 10.4167
120 7.9824e-05 0.00191818 200 8.73362
120 1.78295e-05 0.000394705 300 10
120 2.68001e-05 0.00253267 400 10.0503
120 3.03681e-05 0.00380313 500 10.661
120 2.78366e-05 0.00523411 600 11.0294
120 1.92301e-05 0.00364546 700 10.7034
120 1.15484e-05 0.00145101 800 11.0497
130 7.58018e-05 0.00369763 100 9.80392
130 3.78222e-05 0.0020025 200 8.77193
130 1.85576e-05 0.000454244 300 9.96678
130 2.48077e-05 0.00398077 400 10.0756
130 3.93792e-05 0.00617527 500 10.6838
130 3.51641e-05 0.00794632 600 10.9689
130 2.39617e-05 0.00499972 700 10.7198
130 1.37024e-05 0.00201122 800 11.0497
140 4.60644e-05 0.00222694 100 9.34579
140 3.00997e-05 0.000956513 200 8.77193
140 2.20779e-05 0.00107299 300 9.80392
140 8.09723e-06 0.00397077 400 10.1266
140 3.65532e-05 0.00607501 500 10.7066
140 3.51546e-05 0.0073912 600 10.7335
140 2.78499e-05 0.00425351 700 10.7527
140 9.09405e-06 0.00175162 800 11.065
150 7.02516e-05 0.00279313 100 8.92857
150 3.00997e-05 0.00040483 200 8.81057
150 2.89788e-05 0.00186449 300 9.58466
150 1.85932e-05 0.00448117 400 10.1523
150 3.83485e-05 0.00689822 500 10.7296
150 3.24099e-05 0.00766932 600 10.5079
150 2.50634e-05 0.00427388 700 10.7692
150 8.09724e-06 0.00182846 800 11.065
160 5.07437e-05 0.00519708 100 8.26446
160 2.58374e-05 0.000519912 200 8.84956
160 5.17778e-05 0.00379935 300 9.40439
160 4.17371e-05 0.00690679 400 10.1781
160 4.51769e-05 0.00985701 500 10.7527
160 3.49752e-05 0.00979041 600 10.4167
160 2.8896e-05 0.00544083 700 10.8025
160 1.21152e-05 0.00248909 800 11.065
170 7.67396e-05 0.00259996 100 7.29927
170 2.04263e-05 0.000371442 200 8.92857
170 4.17825e-05 0.00363074 300 9.375
170 4.00425e-05 0.00607981 400 10.2041
170 4.12019e-05 0.00846302 500 10.7759
170 2.87265e-05 0.00768094 600 10.3986
170 2.669e-05 0.00395062 700 10.8192
170 8.84485e-06 0.00187785 800 11.0803
180 8.70733e-05 0.00317945 100 6.89655
180 2.42917e-05 0.00105515 200 9.04977
180 5.66638e-05 0.00589077 300 9.40439
180 4.76238e-05 0.00869607 400 10.2564
180 4.59929e-05 0.0111915 500 10.8225
180 2.99235e-05 0.00941294 600 10.4167
180 2.1579e-05 0.00489884 700 10.8527
180 1.95886e-05 0.00229532 800 11.0803
190 0.000107089 0.00239362 100 6.89655
190 3.49557e-05 0.00195108 200 9.17431
190 5.54587e-05 0.00689838 300 9.49367
190 4.5397e-05 0.00935355 400 10.3627
190 4.61894e-05 0.011806 500 10.8932
190 3.09677e-05 0.00930491 600 10.4712
190 2.20364e-05 0.00483303 700 10.9204
190 1.67041e-05 0.00210053 800 11.0957
200 9.04313e-05 0.0018815 100 7.0922
200 3.71865e-05 0.00294292 200 9.38967
200 5.98692e-05 0.00816764 300 9.6463
200 5.95537e-05 0.0106346 400 10.4712
200 4.79324e-05 0.0129695 500 10.989
200 3.22049e-05 0.00974523 600 10.5634
200 2.21136e-05 0.0050509 700 10.989
200 2.44145e-05 0.00215122 800 11.1421
210 6.29107e-05 0.00166825 100 7.29927
210 4.68981e-05 0.00375055 200 9.61539
210 6.55311e-05 0.00926102 300 9.80392
210 5.91772e-05 0.0117366 400 10.6101
210 4.85944e-05 0.0139761 500 11.0865
210 3.26947e-05 0.0100531 600 10.6762
210 2.30509e-05 0.00514321 700 11.0759
210 1.91364e-05 0.00211977 800 11.2045
220 6.1956e-05 0.00238777 100 7.57576
220 5.95026e-05 0.00548904 200 9.80392
220 7.02339e-05 0.0111372 300 9.96678
220 6.81759e-05 0.0138397 400 10.7527
220 5.20258e-05 0.0160554 500 11.1607
220 3.71872e-05 0.0109878 600 10.772
220 2.7657e-05 0.00561586 700 11.1643
220 2.63872e-05 0.00229836 800 11.2676
230 6.71277e-05 0.00186172 100 7.8125
230 7.22597e-05 0.00711437 200 10
230 6.63147e-05 0.012697 300 10.1351
230 7.12019e-05 0.015533 400 10.8992
230 5.42251e-05 0.0176244 500 11.2108
230 3.6649e-05 0.0115275 600 10.8696
230 2.74805e-05 0.00587143 700 11.236
230 2.04629e-05 0.00233094 800 11.3154
240 5.41531e-05 0.00168101 100 8.06452
240 5.68384e-05 0.00501531 200 10.0503
240 4.99019e-05 0.00905591 300 10.274
240 4.80133e-05 0.0116288 400 11.0193
240 4.62823e-05 0.013217 500 11.1359
240 3.16656e-05 0.00800818 600 10.9489
240 1.18378e-05 0.00383148 700 11.3086
240 1.4366e-05 0.00121914 800 11.3636
250 4.36732e-05 0.00297416 100 8.33333
250 6.57373e-05 0.00634483 200 10
250 3.05367e-05 0.0101998 300 10.4167
250 5.3364e-05 0.0128341 400 11.1421
250 4.80318e-05 0.0139307 500 10.9649
250 3.2328e-05 0.00816328 600 11.0294
250 1.53777e-05 0.00401959 700 11.3636
250 1.11379e-05 0.00132584 800 11.4286
260 6.56916e-05 0.00466461 100 8.62069
260 7.56449e-05 0.00822406 200 9.85222
260 4.33997e-05 0.0116329 300 10.5634
260 5.79429e-05 0.0143755 400 11.2676
260 4.49865e-05 0.0147224 500 10.846
260 3.31773e-05 0.00860712 600 11.1317
260 1.52506e-05 0.0043117 700 11.4379
260 1.38646e-05 0.00145357 800 11.4943
270 9.82651e-05 0.00755693 100 8.92857
270 9.97414e-05 0.0116721 200 9.90099
270 7.37663e-05 0.0148368 300 10.7527
270 6.32548e-05 0.0177731 400 11.396
270 4.45283e-05 0.0171303 500 10.8696
270 3.88253e-05 0.01006 600 11.236
270 1.87432e-05 0.0052201 700 11.5132
270 1.72743e-05 0.00190462 800 11.5774
280 8.47139e-05 0.0076922 100 9.43396
280 0.00010001 0.0116764 200 10.0503
280 6.68717e-05 0.0144945 300 10.989
280 6.14988e-05 0.0172664 400 11.5942
280 4.49547e-05 0.0160598 500 10.9649
280 3.20296e-05 0.00926 600 11.3422
280 1.90266e-05 0.00482279 700 11.6086
280 1.17086e-05 0.00163425 800 11.6788
290 0.000102423 0.00898181 100 10.101
290 0.000102366 0.0132416 200 10.3093
290 7.48714e-05 0.0160555 300 11.236
290 6.53522e-05 0.0185829 400 11.8343
290 4.58475e-05 0.0167219 500 11.0865
290 4.05689e-05 0.00965461 600 11.4943
290 2.14093e-05 0.00507024 700 11.7253
290 1.5124e-05 0.00174684 800 11.782
300 8.0233e-05 0.00796439 100 10.8696
300 9.68611e-05 0.0126641 200 10.6383
300 7.05726e-05 0.0154753 300 11.5385
300 6.23412e-05 0.0179552 400 12.0482
300 4.34442e-05 0.0156535 500 11.236
300 3.71693e-05 0.00884261 600 11.6505
300 2.00113e-05 0.00464634 700 11.8644
300 1.35108e-05 0.001459 800 11.9048
310 7.56444e-05 0.00725953 100 11.7647
310 9.39242e-05 0.0120542 200 10.989
310 7.04222e-05 0.0146368 300 11.8577
310 6.04109e-05 0.0170444 400 12.3077
310 4.11208e-05 0.0144675 500 11.3895
310 3.24099e-05 0.00800884 600 11.811
310 2.44741e-05 0.0041288 700 11.9863
310 5.66017e-06 0.00114997 800 12.0301
320 9.405e-05 0.0111602 100 12.5
320 0.000113967 0.0163353 200 11.2994
320 8.65567e-05 0.0187689 300 12.0968
320 7.02644e-05 0.02105 400 12.5
320 4.79423e-05 0.0171663 500 11.5207
320 3.70176e-05 0.00961229 600 11.9284
320 2.98893e-05 0.0050477 700 12.069
320 1.56446e-05 0.00156841 800 12.1212
330 0.000136807 0.0153584 100 13.1579
330 0.000132943 0.0209762 200 11.4943
330 9.16704e-05 0.0228926 300 12.2951
330 7.90385e-05 0.0250145 400 12.6183
330 5.43568e-05 0.0194179 500 11.6279
330 3.97025e-05 0.0109132 600 12.024
330 3.82391e-05 0.00558659 700 12.1107
330 1.99373e-05 0.00178753 800 12.1951
340 0.000134965 0.0148969 100 13.6986
340 0.000125445 0.0205422 200 11.6959
340 0.000101099 0.0221761 300 12.3967
340 7.33668e-05 0.024089 400 12.6582
340 5.16301e-05 0.0174005 500 11.6822
340 3.74976e-05 0.00956898 600 12.0724
340 3.80669e-05 0.00460628 700 12.1107
340 8.90781e-06 0.0013648 800 12.2324
350 0.000133544 0.0139764 100 13.6986
350 0.000108967 0.0192391 200 11.7647
350 9.39541e-05 0.020595 300 12.4481
350 6.63256e-05 0.0221221 400 12.6183
350 4.7643e-05 0.014564 500 11.7096
350 3.51075e-05 0.0075773 600 12.0724
350 3.25021e-05 0.00332953 700 12.069
350 1.06943e-05 0.000770326 800 12.2324
360 0.000104725 0.0102932 100 13.3333
360 4.1504e-05 0.0146592 200 11.8343
360 8.21598e-05 0.0164005 300 12.4481
360 5.78013e-05 0.0173947 400 12.3839
360 4.036e-05 0.0103365 500 11.7647
360 1.95991e-05 0.00493186 600 12.0724
360 1.55664e-05 0.00183613 700 12.0482
360 4.767e-06 0.000202273 800 12.2137
370 8.91033e-05 0.00774723 100 12.0482
370 3.53794e-05 0.0113814 200 11.8343
370 6.40385e-05 0.0135134 300 12.5
370 5.53516e-05 0.0137371 400 11.7994
370 3.68779e-05 0.00743005 500 11.7647
370 1.18492e-05 0.00333343 600 12.0724
370 9.71569e-06 0.00093126 700 12.0482
370 6.74156e-06 0.00018191 800 12.0664
380 0.000128076 0.010088 100 10.8696
380 7.85063e-05 0.0124322 200 11.8343
380 6.72273e-05 0.0149295 300 12.4481
380 4.53806e-05 0.0135901 400 11.4286
380 3.71099e-05 0.00721154 500 11.7925
380 1.06107e-05 0.00322228 600 12.0482
380 1.0896e-05 0.00075509 700 12.0482
380 3.8602e-06 0.000254916 800 11.9225
390 0.000123141 0.0104792 100 10.3093
390 6.75706e-05 0.0120703 200 11.8343
390 6.21916e-05 0.0140353 300 12.4481
390 4.17014e-05 0.011487 400 11.2994
390 3.14481e-05 0.00572932 500 11.7925
390 1.11583e-05 0.00255271 600 12
390 5.58036e-06 0.000366605 700 12.0482
390 4.6483e-06 0.000309807 800 11.8168
400 0.000138194 0.0132693 100 10.101
400 8.22875e-05 0.0139868 200 11.7647
400 6.99315e-05 0.0155101 300 12.3967
400 4.37079e-05 0.0115261 400 11.236
400 2.63855e-05 0.00544937 500 11.7647
400 2.1112e-05 0.00234069 600 11.9522
400 4.18527e-06 0.000173987 700 12.0275
400 8.36873e-06 0.000437057 800 11.713
410 0.000126672 0.012676 100 10
410 7.85063e-05 0.0122972 200 11.7647
410 6.77963e-05 0.0136633 300 12.2951
410 4.43341e-05 0.00909651 400 11.236
410 2.70987e-05 0.00392655 500 11.7647
410 1.72634e-05 0.00135417 600 11.8577
410 1.10732e-05 4.709e-05 700 12.0275
410 1.24189e-05 0.00027935 800 11.5774
420 0.0001072 0.0118371 100 10.101
420 8.65936e-05 0.0113509 200 11.7647
420 6.58537e-05 0.0122524 300 12.2449
420 4.16835e-05 0.00723588 400 11.2676
420 2.17053e-05 0.00279313 500 11.7647
420 1.30716e-05 0.000660952 600 11.811
420 1.13338e-05 0.000129797 700 12.0275
430 6.13761e-05 0.0106204 100 10.3093
430 9.04981e-05 0.0106689 200 11.9048
430 6.62548e-05 0.0112597 300 12.0968
430 4.13605e-05 0.00593567 400 11.3314
430 2.01561e-05 0.00188269 500 11.7925
430 4.60356e-06 0.000210636 600 11.811
430 1.36156e-05 0.000271723 700 12.0275
440 5.12114e-05 0.00861837 100 10.7527
440 7.98613e-05 0.00938871 200 12.1951
440 6.40798e-05 0.00949203 300 11.9048
440 4.56752e-05 0.00455844 400 11.4613
440 1.86828e-05 0.00140138 500 11.8765
440 3.63943e-06 0.00019306 600 11.8812
440 1.64183e-05 0.000265211 700 12.0275
450 4.31239e-05 0.00729427 100 11.3636
450 8.59372e-05 0.00869119 200 12.5
450 6.4245e-05 0.00821323 300 11.6279
450 4.35371e-05 0.00376658 400 11.6279
450 1.38107e-05 0.00109666 500 12.0192
450 5.39815e-06 0.000234793 600 11.976
450 2.01808e-05 0.000285461 700 12.0482
460 4.68343e-05 0.00606446 100 12.0482
460 8.18518e-05 0.00772537 200 12.9032
460 5.873e-05 0.00659513 300 11.583
460 4.05234e-05 0.00291391 400 11.7994
460 1.38107e-05 0.000813212 500 12.1359
460 7.59065e-06 0.000180047 600 12.0968
460 1.90266e-05 0.000572893 700 12.0482
470 7.96365e-05 0.00432284 100 12.8205
470 7.95622e-05 0.00669378 200 13.3333
470 5.68038e-05 0.00549733 300 11.583
470 4.12884e-05 0.00219476 400 11.976
470 1.40503e-05 0.000534904 500 12.2549
470 8.68904e-06 0.00017483 600 12.22
470 1.54093e-05 0.000703288 700 12.069
480 8.05296e-05 0.00387092 100 13.3333
480 8.11203e-05 0.00564379 200 13.6054
480 5.42025e-05 0.00408336 300 11.583
480 3.63355e-05 0.00141997 400 12.1212
480 1.60466e-05 0.000358093 500 12.3457
480 1.41892e-05 0.000249955 600 12.3203
480 1.97543e-05 0.000959787 700 12.0482
490 9.89903e-05 0.00401214 100 13.6986
490 8.11203e-05 0.0051415 200 13.7931
490 5.79809e-05 0.00343322 300 11.6279
490 3.3386e-05 0.000918396 400 12.1951
490 9.00347e-06 0.000294303 500 12.3762
490 2.39763e-05 0.000249149 600 12.3711
490 2.2517e-05 0.00115792 700 12.0069
500 0.000101722 0.00333932 100 13.8889
500 8.61796e-05 0.00455234 200 13.7931
500 5.99356e-05 0.00304985 300 11.6279
500 3.23431e-05 0.000620127 400 12.2324
500 7.6272e-06 0.000116675 500 12.3457
500 2.67446e-05 0.000189913 600 12.3967
500 2.83177e-05 0.0013982 700 11.925
510 0.000105066 0.00345256 100 13.8889
510 7.76667e-05 0.00366864 200 13.6986
510 5.03511e-05 0.00191463 300 11.6279
510 2.58951e-05 0.000549141 400 12.2324
510 4.58048e-06 0.000449458 500 12.2549
510 3.0957e-05 0.000366001 600 12.3967
520 0.000132558 0.00332148 100 13.8889
520 7.84304e-05 0.00372783 200 13.4228
520 4.94218e-05 0.00188527 300 11.6279
520 2.14928e-05 0.000832292 400 12.1951
520 1.18804e-05 0.00063216 500 12.1655
520 2.73808e-05 0.00046257 600 12.3711
530 0.000153325 0.0119034 100 13.6986
530 9.0794e-05 0.011796 200 12.6582
530 5.49066e-05 0.00409308 300 11.6279
530 1.48003e-05 0.000346904 400 12.1581
530 6.40375e-06 0.0020141 500 12.1065
530 1.63977e-05 0.00205278 600 12.2699
540 0.000135669 0.0109709 100 13.6986
540 7.67402e-05 0.00911072 200 11.3636
540 4.2754e-05 0.00267619 300 11.6732
540 4.04861e-06 0.000517727 400 12.1212
540 5.69429e-06 0.00181681 500 12.0773
540 1.83242e-05 0.00133045 600 12.0482
550 9.29022e-05 0.00441645 100 13.6986
550 5.30412e-05 0.00253225 200 10.8696
550 3.36723e-05 0.000637749 300 11.6732
550 2.68001e-05 0.000327697 400 12.0846
550 2.24186e-05 0.000654294 500 12.0773
550 2.71135e-05 0.00234224 600 11.8812
560 7.85816e-05 0.00545529 100 13.6986
560 4.89502e-05 0.00254987 200 10.6952
560 1.94633e-05 0.000151399 300 11.6732
560 1.81881e-05 0.00045732 400 12.0482
560 3.26824e-05 0.000777397 500 12.1065
560 2.27866e-05 0.00199087 600 11.7417
570 7.51701e-05 0.00507339 100 13.5135
570 4.72778e-05 0.00151921 200 10.6383
570 1.28158e-05 0.000505223 300 11.7188
570 1.83918e-05 0.000685745 400 11.976
570 3.29295e-05 0.00142796 500 12.1065
570 3.79453e-05 0.00303907 600 11.6279
580 7.2424e-05 0.0034613 100 13.3333
580 4.69616e-05 0.000778168 200 10.6383
580 2.56316e-05 0.000515858 300 11.6732
580 1.76053e-05 0.000859507 400 11.8694
580 4.10396e-05 0.00217701 500 12.1065
590 3.71864e-05 0.00312119 100 12.987
590 4.25675e-05 0.000423226 200 10.6952
590 2.70399e-05 0.000793082 300 11.6732
590 3.01987e-05 0.00124342 400 11.7647
590 4.40004e-05 0.00310693 500 12.0773
600 1.82698e-05 0.00345348 100 11.7647
600 3.40924e-05 0.000611571 200 10.7527
600 5.6897e-05 0.000921334 300 11.6279
600 4.60003e-05 0.00149913 400 11.6959
600 5.5184e-05 0.00348843 500 11.9904
610 3.34749e-05 0.00113761 100 9.80392
610 2.44141e-05 0.00102254 200 10.7527
610 5.04037e-05 0.0016243 300 11.6279
610 4.40306e-05 0.00135688 400 11.6959
610 4.62823e-05 0.0019338 500 11.7647
620 4.36732e-05 0.000478242 100 8.92857
620 2.02799e-05 0.00151002 200 10.8108
620 5.06135e-05 0.00162315 300 11.583
620 4.60974e-05 0.00151106 400 11.6959
620 4.04426e-05 0.00265288 500 11.5473
630 6.29107e-05 0.0013366 100 8.69565
630 1.50498e-05 0.00195084 200 10.8108
630 4.60935e-05 0.00166936 300 11.5385
630 4.69779e-05 0.0021245 400 11.6959
630 4.20497e-05 0.0036823 500 11.4155
640 6.67716e-05 0.00170292 100 8.69565
640 3.36525e-05 0.00228392 200 10.8696
640 4.9769e-05 0.00187207 300 11.4943
640 5.10082e-05 0.00257022 400 11.7302
640 5.01495e-05 0.0043815 500 11.3122
650 7.45331e-05 0.00236498 100 8.77193
650 4.17189e-05 0.00259864 200 10.929
650 4.45741e-05 0.00229469 300 11.4068
650 5.9441e-05 0.00316221 400 11.7647
650 4.68964e-05 0.00508583 500 11.1857
660 5.839e-05 0.00349651 100 8.84956
660 4.66432e-05 0.00355872 200 10.989
660 5.02194e-05 0.00309422 300 11.3636
660 5.43464e-05 0.00376418 400 11.7994
670 5.85938e-05 0.00419969 100 9.09091
670 3.90626e-05 0.00432081 200 11.1111
670 5.29415e-05 0.0034134 300 11.3636
670 6.17045e-05 0.00362249 400 11.8694
680 5.0034e-05 0.00380328 100 9.52381
680 6.61441e-05 0.00359501 200 11.3636
680 5.96253e-05 0.00304399 300 11.5385
680 6.4676e-05 0.00398233 400 11.9403
690 6.01994e-05 0.00257662 100 10.101
690 7.32021e-05 0.00254016 200 11.7647
690 6.22767e-05 0.00247236 300 11.7647
690 6.5375e-05 0.00393496 400 12.0846
700 6.80098e-05 0.00100252 100 10.8696
700 7.42532e-05 0.00149962 200 12.1951
700 6.49014e-05 0.00211471 300 12.0968
700 6.53294e-05 0.00419032 400 12.2324
710 6.00011e-05 0.00120992 100 11.6279
710 8.95046e-05 0.00172108 200 12.6582
710 6.79719e-05 0.00166575 300 12.3967
710 6.45607e-05 0.00351611 400 12.3457
720 3.45267e-05 0.00314369 100 12.5
720 7.09275e-05 0.00303936 200 13.0719
720 5.88652e-05 0.00210628 300 12.6582
720 5.15458e-05 0.00218211 400 12.4224
730 1.82698e-05 0.00663759 100 13.3333
730 6.63241e-05 0.00570286 200 13.4228
730 5.62414e-05 0.00472587 300 12.931
730 4.27426e-05 0.00240894 400 12.3839
740 4.97952e-05 0.00634487 100 13.8889
740 6.74381e-05 0.00472314 200 13.6054
740 5.81406e-05 0.0039469 300 13.1004
740 4.16478e-05 0.00200868 400 12.3457
750 6.30999e-05 0.00893863 100 14.0845
750 6.50537e-05 0.00581985 200 13.6054
750 5.62885e-05 0.00488614 300 13.2159
750 4.79201e-05 0.0026729 400 12.2324
760 5.43728e-05 0.00919925 100 14.2857
760 7.143e-05 0.00628384 200 13.4228
760 6.59542e-05 0.00474172 300 13.2159
760 4.85381e-05 0.00271566 400 12.0482
770 6.01994e-05 0.00820129 100 14.0845
770 6.90539e-05 0.00548331 200 13.0719
770 6.56926e-05 0.00313252 300 13.1579
780 6.23397e-05 0.00858448 100 13.8889
780 7.30799e-05 0.00568287 200 12.8205
780 6.53083e-05 0.0028546 300 13.0435
790 0.000131021 0.0051049 100 13.6986
790 9.32874e-05 0.0036014 200 12.6582
790 7.87853e-05 0.00176573 300 12.7119
800 0.000136981 0.00647847 100 13.3333
800 8.82302e-05 0.00503886 200 12.6582
800 6.28062e-05 0.00293145 300 12.1951
810 0.000138194 0.00284262 100 13.1579
810 9.2614e-05 0.00324911 200 12.6582
810 6.3935e-05 0.00557304 300 11.8577
820 8.80264e-05 0.00247594 100 12.8205
820 7.07593e-05 0.00272408 200 12.6582
820 5.57446e-05 0.00360021 300 11.6279
830 8.42907e-05 0.00328751 100 12.3457
830 5.91005e-05 0.00230341 200 12.6582
830 5.88652e-05 0.00223937 300 11.3636
840 8.15593e-05 0.00237129 100 12.0482
840 8.74157e-05 0.00194164 200 12.6582
850 7.72042e-05 0.00270851 100 11.7647
850 7.49324e-05 0.00160557 200 12.5786
860 6.03971e-05 0.0129914 100 11.6279
860 4.43505e-05 0.00927028 200 12.2699
870 6.5145e-05 0.00586226 100 11.7647
870 5.46463e-05 0.00216208 200 11.7647
880 3.75056e-05 0.00912998 100 11.9048
880 3.44403e-05 0.00470231 200 11.3636
890 8.38653e-05 0.00775885 100 12.0482
890 4.17903e-05 0.00321774 200 11.1111
900 0.000111131 0.00253297 100 12.3457
900 9.80537e-05 0.00411252 200 10.989
910 0.000104383 0.00283485 100 12.6582
910 8.12671e-05 0.00432221 200 10.8108
920 0.000188608 0.00436879 100 12.987
930 0.000105745 0.00194622 100 13.3333
940 0.000130291 0.00158672 100 13.1579
950 0.000104611 0.00158116 100 12.0482
960 7.35672e-05 0.00168143 100 10.989
970 6.64136e-05 0.00325929 100 10.2041
980 6.92259e-05 0.00225589 100 9.70874
990 4.55439e-05 0.0054191 100 9.09091
